455 460 455 0.0
80 731 250 0.26113671275
80 731 555 0.729646697389
209 737 357 0.280303030303
209 737 396 0.354166666667
209 737 507 0.564393939394
209 737 692 0.914772727273
356 575 449 0.424657534247
356 575 426 0.319634703196
80 643 193 0.200710479574
80 643 219 0.246891651865
98 682 289 0.327054794521
249 718 416 0.356076759062
249 718 377 0.272921108742
249 718 325 0.162046908316
249 718 285 0.0767590618337
249 718 283 0.0724946695096
249 718 286 0.0788912579957
249 718 397 0.315565031983
249 718 347 0.208955223881
238 717 380 0.296450939457
238 717 560 0.672233820459
293 585 376 0.284246575342
303 568 466 0.615094339623
303 568 363 0.22641509434
303 568 361 0.218867924528
122 691 533 0.722319859402
122 691 760 1.12126537786
122 691 400 0.488576449912
164 691 329 0.313092979127
164 691 758 1.12713472486
164 691 556 0.743833017078
184 719 195 0.0205607476636
184 719 626 0.826168224299
140 712 386 0.43006993007
140 712 154 0.0244755244755
140 712 599 0.802447552448
140 712 333 0.337412587413
204 704 556 0.704
204 704 663 0.918
80 712 96 0.0253164556962
80 712 556 0.753164556962
80 712 678 0.946202531646
80 712 324 0.386075949367
200 729 639 0.829867674858
200 729 201 0.00189035916824
200 729 521 0.606805293006
200 729 293 0.175803402647
200 729 482 0.533081285444
200 729 545 0.652173913043
200 729 645 0.841209829868
200 729 541 0.644612476371
200 729 585 0.727788279773
200 729 647 0.844990548204
200 729 294 0.177693761815
200 729 514 0.593572778828
200 729 542 0.646502835539
200 729 649 0.848771266541
200 729 429 0.432892249527
200 729 685 0.916824196597
359 612 504 0.573122529644
182 690 384 0.397637795276
182 690 354 0.338582677165
182 690 297 0.226377952756
182 690 224 0.0826771653543
182 690 224 0.0826771653543
182 690 226 0.0866141732283
182 690 224 0.0826771653543
182 690 224 0.0826771653543
93 663 429 0.589473684211
93 663 372 0.489473684211
93 663 434 0.598245614035
93 663 664 1.00175438596
124 734 717 0.972131147541
108 734 501 0.627795527157
216 734 622 0.783783783784
216 734 637 0.812741312741
216 734 564 0.671814671815
216 734 563 0.669884169884
216 734 563 0.669884169884
216 734 563 0.669884169884
308 738 562 0.590697674419
308 738 576 0.623255813953
353 580 385 0.140969162996
128 629 259 0.261477045908
128 629 258 0.259481037924
128 629 164 0.0718562874251
128 629 590 0.922155688623
145 679 361 0.404494382022
145 679 321 0.329588014981
145 679 204 0.110486891386
145 679 234 0.166666666667
145 635 413 0.54693877551
145 635 145 0.0
145 635 526 0.777551020408
145 635 556 0.838775510204
145 635 556 0.838775510204
145 635 259 0.232653061224
448 533 524 0.894117647059
356 575 418 0.283105022831
356 575 420 0.292237442922
113 668 420 0.553153153153
113 668 176 0.113513513514
113 668 638 0.945945945946
153 592 336 0.416856492027
153 592 168 0.0341685649203
153 592 198 0.102505694761
80 658 366 0.494809688581
80 658 156 0.131487889273
80 658 137 0.098615916955
146 688 475 0.607011070111
146 688 257 0.20479704797
146 688 257 0.20479704797
322 560 568 1.03361344538
322 560 343 0.0882352941176
80 554 203 0.259493670886
80 554 180 0.210970464135
80 595 197 0.227184466019
80 595 382 0.58640776699
80 595 448 0.714563106796
80 595 640 1.08737864078
80 595 626 1.06019417476
80 595 508 0.831067961165
80 595 581 0.972815533981
80 595 498 0.811650485437
80 595 614 1.03689320388
80 595 216 0.264077669903
80 524 474 0.887387387387
80 524 167 0.195945945946
80 524 318 0.536036036036
80 508 227 0.343457943925
80 508 273 0.450934579439
107 609 857 1.49402390438
107 609 333 0.450199203187
129 637 323 0.38188976378
129 637 276 0.28937007874
129 637 257 0.251968503937
143 670 213 0.132827324478
143 670 400 0.487666034156
143 687 264 0.222426470588
143 687 516 0.685661764706
143 687 332 0.347426470588
143 687 164 0.0386029411765
182 683 572 0.778443113772
182 683 382 0.399201596806
182 683 551 0.736526946108
182 683 527 0.688622754491
182 683 490 0.614770459082
165 718 450 0.515370705244
165 718 570 0.732368896926
165 718 631 0.842676311031
165 718 470 0.551537070524
203 673 335 0.28085106383
203 673 433 0.489361702128
203 673 585 0.812765957447
125 683 372 0.442652329749
125 683 607 0.863799283154
394 501 501 1.0
394 501 517 1.14953271028
394 501 422 0.261682242991
354 506 487 0.875
354 506 416 0.407894736842
80 639 264 0.32915921288
80 639 641 1.00357781753
80 639 206 0.225402504472
80 639 250 0.304114490161
80 639 191 0.198568872987
80 639 194 0.203935599284
111 649 303 0.35687732342
111 649 176 0.120817843866
80 578 440 0.722891566265
80 578 219 0.279116465863
80 578 222 0.285140562249
138 608 269 0.278723404255
138 608 181 0.0914893617021
138 608 140 0.00425531914894
149 634 635 1.00206185567
149 634 466 0.653608247423
149 634 376 0.468041237113
163 569 378 0.529556650246
163 569 346 0.450738916256
163 569 178 0.0369458128079
163 569 581 1.02955665025
179 623 359 0.405405405405
179 705 475 0.562737642586
179 705 393 0.406844106464
179 705 731 1.04942965779
179 685 294 0.227272727273
179 685 328 0.294466403162
179 685 332 0.302371541502
179 685 332 0.302371541502
179 685 300 0.239130434783
179 685 304 0.247035573123
179 685 463 0.561264822134
179 686 253 0.145956607495
179 686 412 0.459566074951
179 686 415 0.465483234714
179 681 321 0.282868525896
179 681 504 0.647410358566
402 621 447 0.205479452055
80 652 346 0.465034965035
80 652 202 0.213286713287
80 713 101 0.0331753554502
80 713 239 0.251184834123
80 713 248 0.265402843602
80 713 406 0.515007898894
80 713 186 0.167456556082
80 713 251 0.270142180095
80 713 254 0.274881516588
80 713 182 0.161137440758
80 713 592 0.808846761453
80 713 559 0.756714060032
80 713 443 0.57345971564
134 741 377 0.400329489292
238 693 406 0.369230769231
238 693 332 0.206593406593
238 693 332 0.206593406593
238 693 332 0.206593406593
238 693 757 1.14065934066
238 693 474 0.518681318681
238 693 288 0.10989010989
238 693 274 0.0791208791209
238 693 275 0.0813186813187
266 679 362 0.232445520581
313 596 568 0.901060070671
90 657 909 1.44444444444
90 657 279 0.333333333333
90 657 279 0.333333333333
90 657 279 0.333333333333
90 657 279 0.333333333333
90 657 526 0.768959435626
90 657 568 0.8430335097
313 561 318 0.0201612903226
313 561 371 0.233870967742
80 710 453 0.592063492063
80 710 338 0.409523809524
80 710 539 0.728571428571
80 710 234 0.244444444444
291 591 419 0.426666666667
80 668 352 0.462585034014
123 708 213 0.153846153846
123 708 376 0.432478632479
450 567 514 0.547008547009
450 567 495 0.384615384615
351 559 542 0.918269230769
351 559 423 0.346153846154
332 518 397 0.349462365591
80 703 474 0.632423756019
167 643 276 0.228991596639
167 643 611 0.932773109244
282 697 610 0.790361445783
282 697 453 0.412048192771
139 670 200 0.114877589454
139 670 313 0.327683615819
94 654 220 0.225
94 654 484 0.696428571429
387 571 479 0.5
387 571 571 1.0
198 622 306 0.254716981132
267 622 367 0.281690140845
267 622 333 0.185915492958
189 675 319 0.267489711934
181 663 387 0.427385892116
301 642 450 0.436950146628
301 642 330 0.0850439882698
299 470 478 1.04678362573
299 470 429 0.760233918129
299 470 428 0.754385964912
80 653 460 0.663176265271
80 653 909 1.44677137871
80 670 568 0.827118644068
231 690 346 0.250544662309
231 690 436 0.446623093682
247 693 689 0.991031390135
80 708 496 0.662420382166
80 708 381 0.479299363057
80 708 579 0.794585987261
80 708 390 0.493630573248
205 710 390 0.366336633663
205 710 264 0.116831683168
205 710 713 1.00594059406
283 692 319 0.0880195599022
283 692 308 0.0611246943765
283 692 438 0.378973105134
283 692 325 0.102689486553
283 692 548 0.647921760391
283 692 577 0.718826405868
166 710 402 0.433823529412
166 710 419 0.465073529412
166 710 667 0.920955882353
289 711 382 0.220379146919
289 711 493 0.483412322275
241 713 899 1.39406779661
241 713 667 0.902542372881
132 697 512 0.672566371681
132 697 539 0.720353982301
178 717 456 0.515769944341
178 717 414 0.437847866419
178 717 470 0.541743970315
178 717 280 0.189239332096
227 648 346 0.282660332542
208 667 218 0.0217864923747
112 696 351 0.409246575342
80 580 351 0.542
80 580 172 0.184
80 580 169 0.178
80 580 171 0.182
80 642 496 0.740213523132
80 642 203 0.218861209964
80 669 204 0.210526315789
80 669 290 0.356536502547
455 460 459 0.8
313 560 430 0.473684210526
80 693 403 0.52691680261
80 693 208 0.2088091354
80 699 439 0.579967689822
80 656 439 0.623263888889
80 656 396 0.548611111111
80 710 300 0.349206349206
80 710 111 0.0492063492063
80 710 499 0.665079365079
80 710 460 0.603174603175
80 710 568 0.774603174603
111 695 408 0.508561643836
111 695 323 0.36301369863
111 695 427 0.541095890411
107 691 278 0.292808219178
107 691 134 0.0462328767123
107 691 438 0.566780821918
107 691 398 0.498287671233
149 698 620 0.857923497268
112 699 213 0.17206132879
112 699 553 0.751277683135
448 533 560 1.31764705882
448 533 489 0.482352941176
238 702 423 0.398706896552
238 702 324 0.185344827586
225 668 441 0.487584650113
225 668 294 0.155756207675
225 668 369 0.325056433409
206 645 590 0.874715261959
206 645 415 0.476082004556
206 645 492 0.651480637813
319 703 486 0.434895833333
260 682 461 0.476303317536
260 682 463 0.481042654028
330 694 423 0.255494505495
330 694 395 0.178571428571
132 698 472 0.600706713781
160 691 543 0.721280602637
160 691 579 0.789077212806
160 691 467 0.578154425612
160 691 397 0.446327683616
160 691 531 0.69868173258
160 691 600 0.828625235405
160 691 662 0.94538606403
160 691 662 0.94538606403
160 691 662 0.94538606403
160 691 590 0.809792843691
80 613 611 0.996247654784
80 613 115 0.0656660412758
80 613 229 0.279549718574
80 559 231 0.315240083507
80 559 154 0.154488517745
80 559 192 0.23382045929
80 559 267 0.390396659708
80 559 265 0.386221294363
80 703 266 0.298555377207
108 615 319 0.41617357002
108 615 203 0.187376725838
108 615 293 0.364891518738
108 615 146 0.0749506903353
80 667 308 0.388415672913
80 667 128 0.0817717206133
80 616 155 0.139925373134
80 616 137 0.106343283582
80 616 160 0.149253731343
80 616 156 0.141791044776
80 616 127 0.0876865671642
80 616 126 0.0858208955224
80 629 423 0.624772313297
80 629 218 0.251366120219
80 629 185 0.191256830601
80 629 339 0.471766848816
104 661 201 0.174147217235
104 661 179 0.134649910233
104 661 449 0.619389587074
104 661 315 0.37881508079
80 680 378 0.496666666667
80 680 197 0.195
80 680 378 0.496666666667
80 680 494 0.69
175 614 530 0.808656036446
175 614 257 0.186788154897
355 593 468 0.474789915966
80 658 314 0.404844290657
80 658 338 0.446366782007
80 658 158 0.134948096886
80 658 220 0.242214532872
80 658 186 0.18339100346
80 658 755 1.1678200692
80 658 362 0.487889273356
103 716 198 0.154975530179
103 716 293 0.309951060359
103 716 279 0.287112561175
103 716 300 0.321370309951
103 716 359 0.417618270799
103 716 476 0.608482871126
146 692 423 0.507326007326
146 692 352 0.377289377289
146 692 500 0.648351648352
111 692 162 0.0877796901893
111 692 184 0.125645438898
111 692 411 0.516351118761
111 657 367 0.468864468864
111 657 237 0.230769230769
111 653 363 0.464944649446
111 653 255 0.265682656827
111 653 291 0.332103321033
111 653 288 0.326568265683
111 653 383 0.50184501845
111 653 570 0.846863468635
153 674 368 0.412667946257
153 674 368 0.412667946257
124 668 299 0.321691176471
124 668 206 0.150735294118
124 668 225 0.185661764706
124 668 213 0.163602941176
124 668 262 0.253676470588
124 668 411 0.527573529412
153 718 258 0.185840707965
153 718 277 0.219469026549
153 718 234 0.143362831858
127 665 313 0.345724907063
127 665 226 0.184014869888
127 665 272 0.269516728625
127 665 295 0.312267657993
127 665 283 0.289962825279
107 716 767 1.08374384236
107 716 449 0.56157635468
107 716 498 0.642036124795
107 716 366 0.425287356322
107 716 367 0.426929392447
