01 40009 1.0 0.9
01 40009 1.0 1.0
01 40009 1.0 1.0
01 40009 1.0 0.9
01 40009 1.0 1.0
01 40009 1.0 1.0
01 40009 1.0 1.0
01 40009 1.0 1.0
01 40009 1.0 0.9
01 40009 1.0 0.9
01 40009 1.0 0.9
01 40009 1.0 0.9
01 40009 1.0 0.9
01 40009 1.0 0.9
01 40009 1.0 0.9
01 40009 1.0 0.9
01 40002 1.0 1.0
01 40002 1.0 1.0
01 40002 1.0 1.0
01 40002 1.0 1.0
01 40002 1.0 1.0
01 40002 1.0 1.0
01 40002 1.0 1.0
01 40002 0.6 0.7
01 40002 0.8 0.9
01 40002 1.0 1.0
01 40002 1.0 1.0
01 40002 1.0 0.9
01 40002 1.0 1.0
01 40002 1.0 1.0
02 40048 1.0 1.0
02 40048 1.0 1.0
02 40048 1.0 1.0
02 40048 1.0 1.0
02 40048 1.0 1.0
02 40048 1.0 1.0
02 40048 1.0 1.0
02 40048 1.0 1.0
02 40048 1.0 1.0
02 40026 0.4 0.6
02 40026 0.6 0.5
02 40026 0.6 0.6
02 40026 0.0 0.0
02 40026 1.0 0.9
02 40026 0.8 0.8
02 40026 0.8 0.9
02 40026 0.8 0.9
02 40026 0.8 0.9
10 40009 1.0 1.0
10 40009 0.8 0.7
10 40009 0.8 0.7
10 40009 0.0 0.1
10 40009 0.8 0.8
10 40009 0.8 0.7
10 40009 1.0 0.9
10 40009 1.0 1.0
10 40009 0.6 0.4
10 40009 1.0 1.0
10 40009 1.0 0.9
10 40009 0.6 0.7
10 40009 0.0 0.0
10 40009 0.0 0.0
10 40009 0.4 0.5
10 40009 0.4 0.4
11 40021 1.0 1.0
11 40021 1.0 1.0
11 40021 1.0 1.0
11 40021 1.0 1.0
11 40021 1.0 1.0
11 40021 1.0 1.0
11 40021 1.0 1.0
11 40021 1.0 1.0
11 40021 1.0 1.0
03 40048 1.0 1.0
03 40048 1.0 1.0
20 40021 1.0 1.0
20 40021 1.0 1.0
20 40021 1.0 1.0
20 40021 1.0 1.0
20 40021 1.0 1.0
20 40021 1.0 1.0
20 40021 1.0 1.0
20 40021 1.0 1.0
20 40021 1.0 1.0
04 40048 0.2 0.3
04 40048 0.2 0.3
04 40048 0.0 0.0
04 40048 1.0 1.0
04 40048 1.0 1.0
04 40048 1.0 1.0
04 40048 1.0 1.0
04 40048 1.0 1.0
04 40048 0.8 0.5
04 40048 0.0 0.0
05 40009 1.0 0.8
05 40009 0.8 0.7
05 40009 1.0 0.9
05 40009 1.0 0.8
07 40021 1.0 1.0
07 40021 1.0 1.0
07 40021 1.0 1.0
07 40021 1.0 1.0
07 40021 1.0 1.0
07 40021 1.0 1.0
07 40021 1.0 1.0
07 40021 1.0 1.0
07 40021 1.0 1.0
07 40021 1.0 1.0
08 40048 1.0 1.0
08 40048 1.0 1.0
08 40048 0.8 0.7
08 40048 0.4 0.7
08 40048 1.0 1.0
08 40048 1.0 0.9
08 40048 1.0 0.8
08 40048 1.0 1.0
08 40048 1.0 1.0
08 40048 1.0 1.0
08 40048 1.0 1.0
08 40048 1.0 1.0
08 40048 1.0 1.0
08 40048 1.0 1.0
08 40048 1.0 1.0
08 40048 1.0 1.0
08 40048 1.0 1.0
08 40048 1.0 1.0
08 40048 1.0 1.0
08 40048 1.0 1.0
08 40048 1.0 1.0
08 40048 1.0 1.0
09 40009 0.6 0.6
09 40009 0.8 0.7
09 40009 0.4 0.6
09 40009 0.8 0.7
09 40009 1.0 0.9
09 40009 0.8 0.9
09 40009 0.8 0.9
09 40009 0.8 0.9
09 40009 0.8 0.9
09 40009 0.2 0.1
09 40009 0.2 0.1
09 40009 1.0 0.8
06 40021 1.0 1.0
06 40021 0.0 0.0
06 40021 1.0 1.0
06 40021 1.0 1.0
06 40021 1.0 1.0
06 40021 1.0 1.0
13 40048 1.0 1.0
13 40048 1.0 1.0
13 40048 1.0 1.0
13 40048 1.0 1.0
13 40048 1.0 1.0
13 40048 0.0 0.0
13 40048 0.0 0.0
13 40048 0.0 0.0
13 40048 1.0 1.0
13 40048 0.0 0.0
13 40048 1.0 1.0
13 40048 1.0 1.0
13 40048 1.0 1.0
13 40048 1.0 1.0
14 40009 1.0 1.0
14 40009 1.0 0.9
14 40009 1.0 0.9
14 40009 1.0 0.9
14 40009 0.8 0.6
14 40009 1.0 0.9
14 40009 0.8 0.9
14 40009 1.0 1.0
14 40009 0.8 0.9
14 40009 0.4 0.5
14 40009 0.6 0.6
14 40009 0.6 0.6
14 40009 0.2 0.6
14 40009 0.8 0.9
14 40009 0.8 0.9
14 40009 1.0 0.9
14 40009 1.0 0.8
14 40009 1.0 0.9
14 40009 1.0 0.9
14 40009 1.0 0.9
14 40009 0.8 0.6
14 40009 1.0 0.8
14 40009 1.0 0.9
14 40009 1.0 0.9
14 40009 1.0 0.9
14 40009 1.0 0.9
14 40009 1.0 0.9
15 40021 1.0 1.0
15 40021 0.8 0.8
15 40021 1.0 1.0
15 40021 1.0 1.0
15 40021 1.0 1.0
15 40021 1.0 1.0
15 40021 1.0 1.0
15 40021 1.0 1.0
15 40021 1.0 1.0
16 40021 1.0 1.0
16 40021 1.0 1.0
16 40021 1.0 1.0
16 40021 1.0 1.0
16 40021 1.0 1.0
16 40021 1.0 1.0
16 40021 1.0 1.0
16 40021 1.0 1.0
16 40021 1.0 1.0
16 40021 1.0 1.0
16 40021 1.0 1.0
16 40021 0.0 0.0
16 40021 0.0 0.0
16 40021 1.0 1.0
16 40021 1.0 1.0
16 40021 1.0 1.0
16 40021 1.0 1.0
16 40021 1.0 1.0
16 40021 1.0 1.0
16 40021 1.0 1.0
16 40021 1.0 1.0
16 40021 1.0 1.0
16 40021 1.0 1.0
16 40021 1.0 1.0
16 40021 1.0 1.0
16 40021 1.0 1.0
16 40021 1.0 1.0
16 40021 1.0 1.0
17 40048 1.0 1.0
17 40048 1.0 1.0
17 40048 1.0 1.0
17 40048 1.0 1.0
17 40048 1.0 1.0
17 40048 1.0 1.0
17 40048 1.0 1.0
17 40048 0.0 0.0
17 40048 1.0 1.0
17 40048 1.0 1.0
17 40048 1.0 1.0
17 40048 0.0 0.1
17 40048 0.0 0.0
17 40048 1.0 1.0
17 40048 1.0 1.0
17 40048 1.0 1.0
17 40048 1.0 1.0
17 40048 1.0 1.0
17 40048 0.0 0.0
17 40048 1.0 1.0
17 40048 1.0 1.0
17 40048 1.0 1.0
17 40048 1.0 1.0
17 40048 1.0 1.0
18 40009 1.0 1.0
18 40009 1.0 1.0
19 40009 1.0 0.9
19 40009 1.0 0.8
19 40009 1.0 0.9
19 40009 1.0 0.9
19 40009 0.2 0.1
19 40009 0.0 0.0
19 40009 0.2 0.1
19 40009 0.2 0.1
19 40009 1.0 0.9
19 40009 1.0 1.0
19 40009 1.0 0.9
21 40048 1.0 1.0
21 40048 1.0 1.0
21 40048 1.0 1.0
21 40048 1.0 1.0
21 40048 1.0 1.0
21 40048 1.0 1.0
21 40048 0.2 0.1
21 40048 0.2 0.1
21 40048 0.2 0.1
21 40048 1.0 0.9
21 40048 1.0 1.0
21 40048 1.0 1.0
21 40048 0.8 0.8
21 40048 1.0 0.8
21 40048 1.0 1.0
12 40048 0.4 0.7
12 40048 1.0 1.0
12 40048 1.0 1.0
12 40048 1.0 1.0
12 40048 1.0 1.0
12 40048 1.0 1.0
12 40048 1.0 1.0
12 40048 1.0 1.0
12 40048 1.0 1.0
23 40009 1.0 0.9
23 40009 0.8 0.9
23 40009 1.0 1.0
23 40009 1.0 1.0
24 40021 1.0 1.0
24 40021 1.0 1.0
24 40021 1.0 1.0
24 40021 1.0 1.0
24 40021 1.0 1.0
24 40021 1.0 1.0
24 40021 1.0 1.0
25 40021 1.0 1.0
25 40021 1.0 1.0
25 40021 1.0 1.0
25 40021 1.0 1.0
25 40021 1.0 1.0
25 40021 1.0 1.0
25 40021 1.0 1.0
25 40021 1.0 1.0
25 40021 1.0 1.0
25 40021 1.0 1.0
25 40021 1.0 1.0
25 40021 1.0 1.0
25 40021 1.0 1.0
26 40048 0.0 0.0
26 40048 0.0 0.0
26 40048 1.0 0.9
26 40048 1.0 1.0
26 40048 1.0 1.0
26 40048 1.0 1.0
26 40048 1.0 1.0
26 40048 1.0 1.0
26 40048 1.0 1.0
26 40048 1.0 1.0
26 40048 1.0 1.0
26 40048 1.0 1.0
26 40048 1.0 1.0
27 40009 1.0 0.8
27 40009 0.8 0.9
27 40009 0.8 0.8
27 40009 0.8 0.8
27 40009 0.8 0.8
27 40009 0.8 0.8
27 40009 0.6 0.7
27 40009 0.6 0.8
27 40009 0.0 0.1
22 40048 1.0 0.9
22 40048 1.0 1.0
22 40048 1.0 1.0
22 40048 1.0 1.0
22 40048 1.0 1.0
22 40048 1.0 0.9
22 40048 1.0 1.0
22 40048 1.0 1.0
22 40048 1.0 0.8
22 40048 1.0 1.0
22 40048 1.0 1.0
22 40048 1.0 1.0
22 40048 1.0 1.0
