vsb 01 40009 1.0
vsb 01 40009 1.0
vsb 01 40009 1.0
vsb 01 40009 1.0
vsb 01 40009 1.0
vsb 01 40009 1.0
vsb 01 40009 1.0
vsb 01 40009 1.0
vsb 01 40009 0.9
vsb 01 40009 0.9
vsb 01 40009 0.9
vsb 01 40009 0.9
vsb 01 40009 0.9
vse 01 40048 0.9
vse 01 40048 0.9
vse 01 40048 0.9
vse 01 40048 0.9
vse 01 40048 0.9
vse 01 40048 0.9
vse 01 40048 0.9
vse 01 40048 0.9
vse 01 40048 0.9
vse 01 40048 0.9
vse 01 40048 0.9
vse 01 40048 0.9
vse 01 40048 0.9
vse 01 40048 0.9
vse 01 40048 0.9
vse 01 40048 0.9
vse 01 40048 0.9
vse 01 40048 0.9
vse 01 40048 0.9
vse 02 40009 0.9
vse 02 40009 0.7
vse 02 40009 0.7
vse 02 40009 1.0
vse 02 40009 1.0
vse 02 40009 0.9
vse 02 40009 0.9
vse 02 40009 0.9
vse 02 40009 1.0
vse 02 40009 1.0
vse 02 40009 1.0
vse 02 40009 1.0
vse 02 40009 1.0
vse 02 40009 1.0
vse 02 40009 1.0
vse 02 40009 1.0
vse 02 40009 1.0
vse 02 40009 1.0
vse 02 40009 1.0
vse 02 40009 0.9
vse 02 40009 0.9
vse 02 40009 0.9
vse 02 40009 0.9
vse 02 40009 0.9
vse 02 40009 0.9
vse 02 40009 0.9
vse 02 40009 0.9
vse 02 40009 0.9
vse 10 40048 0.9
vse 10 40048 1.0
vse 10 40048 0.9
vse 10 40048 0.0
vse 10 40048 1.0
vse 10 40048 1.0
vse 10 40048 1.0
vse 10 40048 0.9
vse 10 40048 0.9
vse 10 40048 1.0
vse 10 40048 1.0
vse 10 40048 1.0
vse 10 40048 1.0
vse 10 40048 1.0
vse 10 40048 1.0
vse 10 40048 1.0
vse 10 40048 1.0
vse 10 40048 1.0
vse 10 40048 1.0
vse 10 40048 1.0
vse 10 40048 1.0
vse 10 40048 1.0
vse 10 40048 1.0
vse 10 40048 1.0
vse 10 40048 1.0
vse 10 40048 1.0
vse 10 40048 1.0
vse 10 40048 1.0
vse 10 40048 1.0
vse 10 40048 1.0
vse 11 40009 0.8
vse 11 40009 0.8
vse 11 40009 0.8
vse 11 40009 0.8
vse 11 40009 0.8
vse 11 40009 1.0
vse 11 40009 1.0
vse 11 40009 1.0
vse 11 40009 1.0
vse 11 40009 1.0
vse 11 40009 1.0
vse 11 40009 0.9
vse 11 40009 0.7
vse 11 40009 0.9
vse 11 40009 0.8
vse 11 40009 0.8
vse 11 40009 0.8
vse 11 40009 0.8
vse 11 40009 0.8
vse 11 40009 0.8
vse 11 40009 0.8
vse 11 40009 0.8
vse 11 40009 0.8
vse 11 40009 0.8
vse 11 40009 0.8
vse 11 40009 0.8
vse 11 40009 0.8
vse 11 40009 0.9
vse 11 40009 0.9
vse 11 40009 0.9
vse 11 40009 0.9
vse 11 40009 0.9
vse 11 40009 0.9
vse 11 40009 0.9
vse 11 40009 0.9
vse 11 40009 0.9
vse 11 40009 0.8
vse 11 40009 0.8
vse 11 40009 0.8
vse 11 40009 0.8
vse 11 40009 0.8
vsn 11 40048 1.0
vsn 11 40048 1.0
vsn 11 40048 1.0
vsn 11 40048 1.0
vsn 11 40048 1.0
vsn 11 40048 1.0
vsn 11 40048 1.0
vsn 11 40048 1.0
vsn 11 40048 1.0
vsn 11 40048 1.0
vsn 11 40048 1.0
vsn 11 40048 1.0
vsn 11 40048 1.0
vsn 11 40048 1.0
vsn 11 40048 1.0
vsn 11 40048 1.0
vsn 11 40048 1.0
vsn 11 40048 1.0
vsn 11 40048 1.0
vsn 11 40048 1.0
vsn 11 40048 1.0
vsn 11 40048 1.0
vsn 11 40048 1.0
vsn 11 40048 1.0
vsn 11 40048 1.0
vsn 11 40048 1.0
vsn 11 40048 1.0
vsn 11 40048 1.0
vsn 11 40048 1.0
vsn 11 40048 1.0
vsn 03 40009 1.0
vsn 03 40009 1.0
vsn 03 40009 1.0
vsn 03 40009 1.0
vsn 03 40009 1.0
vsn 03 40009 1.0
vsn 03 40009 1.0
vsn 03 40009 1.0
vsn 03 40009 1.0
vsn 03 40009 1.0
vsn 03 40009 1.0
vsn 03 40009 1.0
vsn 03 40009 1.0
vsn 03 40009 1.0
vsn 03 40009 1.0
vsn 03 40009 1.0
vsn 03 40009 1.0
vsn 03 40009 0.7
vsn 03 40009 1.0
vsn 03 40009 1.0
vsn 03 40009 1.0
vsn 03 40009 1.0
vsn 03 40009 0.6
vse 03 40021 1.0
vse 03 40021 1.0
vse 03 40021 1.0
vse 03 40021 1.0
vse 03 40021 1.0
vse 03 40021 1.0
vse 03 40021 1.0
vse 03 40021 1.0
vse 03 40021 1.0
vse 03 40021 1.0
vse 03 40021 1.0
vse 03 40021 1.0
vse 03 40021 1.0
vse 03 40021 1.0
vse 03 40021 1.0
vse 03 40021 1.0
vse 03 40021 1.0
vse 03 40021 1.0
vse 03 40021 1.0
vse 03 40021 1.0
vse 03 40021 1.0
vse 03 40021 1.0
vse 03 40021 1.0
vse 03 40021 1.0
vse 03 40021 1.0
vse 03 40021 1.0
vse 03 40021 1.0
vse 03 40021 1.0
vse 03 40021 1.0
vse 03 40021 1.0
vse 03 40021 1.0
vse 03 40021 1.0
vse 03 40021 1.0
vse 03 40021 1.0
vse 03 40021 1.0
vse 03 40021 1.0
vse 20 40009 0.8
vse 20 40009 0.9
vse 20 40009 0.8
vse 20 40009 1.0
vse 20 40009 1.0
vse 20 40009 1.0
vse 20 40009 1.0
vse 20 40009 1.0
vse 20 40009 0.9
vse 20 40009 1.0
vse 20 40009 0.8
vse 20 40009 0.9
vse 20 40009 0.9
vse 20 40009 0.9
vse 20 40009 0.9
vse 20 40009 0.9
vse 20 40009 0.9
vse 20 40009 0.9
vse 20 40009 0.9
vse 20 40009 0.9
vse 20 40009 0.9
vse 20 40009 0.9
vse 20 40009 0.9
vse 20 40009 0.9
vsn 20 40048 1.0
vsn 20 40048 1.0
vsn 20 40048 1.0
vsn 20 40048 1.0
vsn 20 40048 1.0
vsn 20 40048 1.0
vsn 20 40048 1.0
vsn 20 40048 1.0
vsn 20 40048 1.0
vsn 20 40048 1.0
vsn 20 40048 1.0
vsn 20 40048 1.0
vsn 20 40048 1.0
vsn 20 40048 1.0
vsn 20 40048 1.0
vsn 20 40048 1.0
vsn 20 40048 1.0
vsn 20 40048 1.0
vsn 20 40048 1.0
vsn 20 40048 1.0
vsn 20 40048 1.0
vsn 20 40048 1.0
vse 04 40021 0
vse 04 40021 1.0
vse 04 40021 1.0
vse 04 40021 1.0
vse 04 40021 1.0
vse 04 40021 1.0
vse 04 40021 1.0
vse 04 40021 1.0
vse 04 40021 1.0
vse 04 40021 1.0
vse 04 40021 1.0
vse 04 40021 1.0
vse 04 40021 1.0
vse 04 40021 1.0
vse 04 40021 1.0
vse 04 40021 1.0
vse 04 40021 1.0
vse 04 40021 1.0
vse 04 40021 1.0
vse 04 40021 1.0
vse 04 40021 1.0
vse 04 40021 1.0
vse 04 40021 1.0
vse 04 40021 1.0
vse 04 40021 1.0
vse 04 40021 1.0
vse 04 40021 1.0
vse 04 40021 1.0
vsn 04 40009 0.7
vsn 04 40009 0.7
vsn 04 40009 0.7
vsn 04 40009 0.7
vsn 04 40009 0.7
vsn 04 40009 0.6
vsn 04 40009 0.6
vsn 04 40009 0.6
vsn 04 40009 0.6
vsn 04 40009 0.6
vsn 04 40009 0.6
vsn 04 40009 0.6
vsn 04 40009 0.6
vsn 04 40009 0.6
vsn 04 40009 0.6
vsn 04 40009 0.6
vsn 04 40009 0.6
vsn 04 40009 0.6
vsn 04 40009 0.6
vsn 04 40009 0.6
vse 05 40048 1.0
vse 05 40048 1.0
vse 05 40048 1.0
vse 05 40048 1.0
vse 05 40048 1.0
vse 05 40048 1.0
vse 05 40048 0.7
vse 05 40048 0.8
vse 05 40048 1.0
vsn 05 40021 1.0
vsn 05 40021 1.0
vsn 05 40021 1.0
vsn 05 40021 1.0
vsn 05 40021 1.0
vse 07 40009 0.3
vse 07 40009 0.8
vse 07 40009 0.9
vse 07 40009 0.6
vse 07 40009 0.6
vse 07 40009 0.6
vse 07 40009 0.8
vse 07 40009 0.7
vsn 07 40048 1.0
vsn 07 40048 1.0
vsn 07 40048 1.0
vsn 07 40048 1.0
vsn 07 40048 1.0
vsn 07 40048 1.0
vsn 07 40048 1.0
vsn 07 40048 1.0
vsn 07 40048 1.0
vsn 07 40048 1.0
vsn 07 40048 1.0
vsn 07 40048 1.0
vse 08 40021 1.0
vse 08 40021 1.0
vse 08 40021 1.0
vse 08 40021 1.0
vse 08 40021 1.0
vse 08 40021 1.0
vse 08 40021 1.0
vse 08 40021 1.0
vsn 08 40009 0.6
vsn 08 40009 0.7
vsn 08 40009 0.9
vsn 08 40009 0.9
vsn 08 40009 0.9
vsn 08 40009 0.9
vsn 08 40009 0.9
vsn 09 40021 0
vsn 09 40021 1.0
vsn 09 40021 1.0
vsn 09 40021 1.0
vsn 09 40021 1.0
vsn 09 40021 0.8
vsn 09 40021 0.8
vsn 09 40021 0.7
vsn 09 40021 0.1
vsn 09 40021 1.0
vsn 09 40021 1.0
vsn 09 40021 1.0
vse 09 40048 1.0
vse 09 40048 1.0
vse 09 40048 1.0
vse 09 40048 1.0
vse 09 40048 0.8
vse 09 40048 1.0
vse 09 40048 1.0
vsn 06 40048 1.0
vsn 06 40048 1.0
vsn 06 40048 1.0
vsn 06 40048 1.0
vsn 06 40048 1.0
vsn 06 40048 1.0
vsn 06 40048 1.0
vsn 06 40048 1.0
vse 06 40009 0.8
vse 06 40009 0.9
vse 06 40009 0.9
vse 06 40009 0.9
vse 13 40021 1.0
vse 13 40021 1.0
vse 13 40021 0.2
vse 13 40021 0.9
vse 13 40021 1.0
vse 13 40021 1.0
vse 13 40021 1.0
vsn 13 40009 0.8
vsn 13 40009 1.0
vsn 13 40009 0.9
vse 14 40048 0.1
vse 14 40048 1.0
vse 14 40048 1.0
vse 14 40048 1.0
vse 14 40048 1.0
vse 14 40048 1.0
vse 14 40048 1.0
vse 14 40048 1.0
vse 14 40048 1.0
vse 14 40048 1.0
vse 14 40048 1.0
vse 14 40048 1.0
vsn 14 40021 1.0
vsn 14 40021 1.0
vsn 14 40021 1.0
vsn 14 40021 1.0
vsn 14 40021 0.9
vsn 14 40021 0.9
vsn 14 40021 0.9
vsn 14 40021 0.9
vsn 14 40021 1.0
vsn 14 40021 1.0
vsn 14 40021 1.0
vsn 14 40021 1.0
vsn 14 40021 1.0
vsn 15 40048 1.0
vsn 15 40048 1.0
vsn 15 40048 1.0
vsn 15 40048 1.0
vsn 15 40048 1.0
vse 15 40009 0.8
vse 15 40009 0.9
vse 15 40009 1.0
vse 15 40009 0.9
vse 15 40009 0.8
vse 15 40009 0.8
vse 15 40009 0.8
vse 15 40009 0.9
vse 15 40009 0.9
vse 15 40009 0.9
vse 15 40009 0.8
vse 16 40009 1.0
vse 16 40009 1.0
vse 16 40009 1.0
vse 16 40009 1.0
vse 16 40009 1.0
vsn 16 40048 1.0
vsn 16 40048 1.0
vsn 16 40048 1.0
vsn 16 40048 1.0
vsn 16 40048 1.0
vsn 16 40048 1.0
vsn 16 40048 1.0
vsn 16 40048 1.0
vsn 16 40048 1.0
vsn 16 40048 1.0
vsn 16 40048 1.0
vsn 16 40048 1.0
vsn 16 40048 1.0
vse 17 40021 1.0
vse 17 40021 1.0
vse 17 40021 0.2
vse 17 40021 1.0
vse 17 40021 1.0
vse 17 40021 1.0
vse 17 40021 1.0
vse 17 40021 1.0
vse 17 40021 1.0
vse 17 40021 1.0
vsn 17 40009 0.0
vsn 17 40009 0.0
vsn 17 40009 1.0
vsn 17 40009 1.0
vsn 17 40009 1.0
vsn 17 40009 1.0
vsn 17 40009 1.0
vsn 17 40009 1.0
vsn 17 40009 0.9
vsn 17 40009 1.0
vsn 17 40009 1.0
vsn 18 40021 1.0
vsn 18 40021 1.0
vsn 18 40021 1.0
vsn 18 40021 1.0
vsn 18 40021 1.0
vse 18 40048 1.0
vse 18 40048 1.0
vse 18 40048 1.0
vse 18 40048 1.0
vse 19 40048 1.0
vse 19 40048 1.0
vse 19 40048 1.0
vse 19 40048 1.0
vse 19 40048 1.0
vse 19 40048 1.0
vse 19 40048 1.0
vsn 19 40021 1.0
vsn 19 40021 1.0
vsn 19 40021 1.0
vsn 19 40021 1.0
vsn 19 40021 1.0
vsn 19 40021 1.0
vsn 19 40021 1.0
vsn 19 40021 1.0
vsn 19 40021 0.4
vsn 21 40009 0.7
vsn 21 40009 0.9
vsn 21 40009 1.0
vsn 21 40009 1.0
vsn 21 40009 1.0
vsn 21 40009 0.9
vsn 21 40009 0.9
vse 21 40021 1.0
vse 21 40021 1.0
vse 21 40021 1.0
vse 21 40021 1.0
vse 21 40021 1.0
vse 21 40021 1.0
vsn 12 40009 1.0
vsn 12 40009 0.8
vsn 12 40009 0.5
vsn 12 40009 1.0
vsn 12 40009 1.0
vsn 12 40009 0.8
vsn 12 40009 0.8
vsn 12 40009 1.0
vsn 12 40009 1.0
vsn 12 40009 0.8
vsn 12 40009 1.0
vsn 12 40009 0.8
vsn 12 40009 0.5
vsn 12 40009 0.7
vsn 12 40009 0.9
vsn 12 40009 0.9
vsn 12 40009 0.7
vse 12 40021 1.0
vse 12 40021 1.0
vse 12 40021 1.0
vse 12 40021 1.0
vse 12 40021 1.0
vse 12 40021 1.0
vse 12 40021 1.0
vse 12 40021 1.0
vse 12 40021 1.0
vsn 01 40021 0
vsn 01 40021 1.0
vsn 01 40021 1.0
vsn 01 40021 1.0
vsn 01 40021 1.0
vse 23 40048 0.9
vse 23 40048 0.9
vse 23 40048 1.0
vse 23 40048 1.0
vse 23 40048 1.0
vse 23 40048 1.0
vse 23 40048 1.0
vse 23 40048 1.0
vse 23 40048 1.0
vse 23 40048 1.0
vsn 23 40021 1.0
vsn 23 40021 1.0
vsn 23 40021 0.9
vsn 23 40021 1.0
vsn 23 40021 1.0
vsn 23 40021 1.0
vsn 24 40048 1.0
vsn 24 40048 1.0
vsn 24 40048 1.0
vsn 24 40048 1.0
vsn 24 40048 0.9
vsn 24 40048 1.0
vsn 24 40048 1.0
vsn 24 40048 1.0
vse 24 40009 0.9
vse 24 40009 0.6
vse 24 40009 0.6
vse 24 40009 0.6
vse 24 40009 0.6
vse 24 40009 0.6
vse 24 40009 0.9
vse 24 40009 1.0
vse 24 40009 0.9
vse 24 40009 0.6
vse 24 40009 0.5
vse 24 40009 0.9
vse 24 40009 0.9
vse 24 40009 0.8
vse 25 40009 0.8
vse 25 40009 0.9
vse 25 40009 0.9
vse 25 40009 0.6
vse 25 40009 0.2
vse 25 40009 0.7
vse 25 40009 0.5
vse 25 40009 0.7
vsn 25 40048 0.6
vsn 25 40048 1.0
vsn 25 40048 1.0
vse 26 40021 1.0
vse 26 40021 1.0
vse 26 40021 1.0
vse 26 40021 1.0
vse 26 40021 1.0
vse 26 40021 1.0
vse 26 40021 1.0
vse 26 40021 1.0
vse 26 40021 1.0
vse 26 40021 1.0
vse 26 40021 1.0
vsn 26 40009 0.7
vsn 26 40009 1.0
vsn 26 40009 0.9
vsn 26 40009 0.9
vsn 26 40009 0.9
vsn 26 40009 0.0
vsn 26 40009 0.0
vsn 26 40009 0.5
vsn 26 40009 0.4
vsn 27 40021 1.0
vsn 27 40021 1.0
vsn 27 40021 1.0
vsn 27 40021 1.0
vsn 27 40021 1.0
vsn 27 40021 1.0
vsn 27 40021 1.0
vsn 27 40021 1.0
vsn 27 40021 1.0
vsn 27 40021 1.0
vsn 27 40021 1.0
vsn 27 40021 1.0
vsn 27 40021 1.0
vsn 27 40021 1.0
vsn 27 40021 1.0
vsn 27 40021 1.0
vsn 27 40021 1.0
vse 27 40048 1.0
vse 27 40048 1.0
vse 27 40048 1.0
vse 27 40048 1.0
vse 27 40048 1.0
vse 27 40048 1.0
vse 27 40048 1.0
vse 27 40048 1.0
vse 27 40048 1.0
vse 27 40048 1.0
vse 27 40048 1.0
vse 22 40021 0.9
vse 22 40021 1.0
vse 22 40021 1.0
vse 22 40021 1.0
vse 22 40021 1.0
vse 22 40021 1.0
vse 22 40021 1.0
vse 22 40021 1.0
vse 22 40021 1.0
vse 22 40021 1.0
vse 22 40021 1.0
vse 22 40021 1.0
vse 22 40021 1.0
vsn 22 40009 1.0
vsn 22 40009 1.0
vsn 22 40009 1.0
vsn 22 40009 1.0
vsn 22 40009 0.9
vsn 22 40009 1.0
