0.0416117683 0.0416117683 0.0416117683 0.0416117683 0.0416117683 0.0416117683 0.0416117683 0.0416117683 0.0416117683 0.0416117683 0.0416117683 0.0416117683 0.0416117683 7.0416117682 0.0416117683
0.0416117683 0.0416117683 0.0416117683 0.0416117683 0.0416117683 0.0416117683 0.0416117683 0.0416117683 0.0416117683 0.0416117683 0.0416117683 0.0416117683 0.0416117683 2.9344859078 2.1487376287
0.0416117683 0.0416117683 0.0416117683 0.0416117683 6.7973282243 0.0416117683 0.0416117683 0.0416117683 0.0416117683 0.0416117683 0.0416117683 0.0416117683 0.0416117683 5.2858953122 0.0416117683
0.0416117683 0.0416117683 0.0416117683 0.0416117683 0.0416117683 0.0416117683 0.0416117683 0.0416117683 0.0416117683 0.0416117683 0.0416117683 0.0416117683 0.0416117683 0.0416117683 4.0416117682
0.0416117683 0.0416117683 0.0416117683 0.0416117683 0.0416117683 0.0416117683 0.0416117683 0.0416117683 1.8690589791 0.0416117683 0.0416117683 0.0416117683 0.0416117683 11.2141645575 0.0416117683
3.8476661855 0.0416117683 0.0416117683 0.0416117683 0.0416117683 7.2889788146 0.0416117683 0.0416117683 0.0416117683 3.9881903047 0.0416117683 0.0416117683 0.0416117683 0.0416117683 0.0416117683
3.8476661855 0.0416117683 0.0416117683 0.0416117683 0.0416117683 7.2889788146 0.0416117683 0.0416117683 0.0416117683 3.9881903047 0.0416117683 0.0416117683 0.0416117683 0.0416117683 0.0416117683
0.0416117683 0.0416117683 0.0416117683 0.0416117683 0.0416117683 0.0416117683 0.0416117683 9.0416117680 0.0416117683 0.0416117683 0.0416117683 0.0416117683 0.0416117683 0.0416117684 0.0416117684
0.0416117683 0.0416117683 0.0416117683 0.0416117683 5.8914102649 0.0416117683 0.0416117683 0.0416117683 0.0416117683 0.0416117683 0.0416117683 0.0416117683 0.0416117683 13.1918132715 0.0416117683
0.0416117683 0.0416117683 0.0416117683 0.0416117683 0.0416117683 0.0416117683 0.0416117683 9.0416117680 0.0416117683 0.0416117683 0.0416117683 0.0416117683 0.0416117683 0.0416117684 0.0416117684
0.0416117683 0.0416117683 0.0416117683 0.0416117683 5.8914102649 0.0416117683 0.0416117683 0.0416117683 0.0416117683 0.0416117683 0.0416117683 0.0416117683 0.0416117683 13.1918132715 0.0416117683
0.0416117683 0.0416117683 0.0416117683 0.0416117683 0.0416117683 0.0416117683 0.0416117683 9.0416117680 0.0416117683 0.0416117683 0.0416117683 0.0416117683 0.0416117683 0.0416117684 0.0416117684
0.0416117683 0.0416117683 0.0416117683 0.0416117683 5.8914102649 0.0416117683 0.0416117683 0.0416117683 0.0416117683 0.0416117683 0.0416117683 0.0416117683 0.0416117683 13.1918132715 0.0416117683
0.0416117683 0.0416117683 0.0416117683 0.0416117683 0.0416117683 0.0416117683 0.0416117683 9.0416117680 0.0416117683 0.0416117683 0.0416117683 0.0416117683 0.0416117683 0.0416117684 0.0416117684
0.0416117683 0.0416117683 0.0416117683 0.0416117683 5.8914102649 0.0416117683 0.0416117683 0.0416117683 0.0416117683 0.0416117683 0.0416117683 0.0416117683 0.0416117683 13.1918132715 0.0416117683
0.0416117683 0.0416117683 0.0416117683 0.0416117683 5.8914102649 0.0416117683 0.0416117683 0.0416117683 0.0416117683 0.0416117683 0.0416117683 0.0416117683 0.0416117683 13.1918132715 0.0416117683
0.0416117683 0.0416117683 0.0416117683 0.0416117683 0.0416117683 0.0416117683 0.0416117683 0.0416117683 0.0416117683 0.0416117683 14.4617338435 0.0416117683 1.6214896930 0.0416117683 0.0416117683
0.0416117683 0.0416117683 0.0416117683 0.0416117683 0.0416117683 0.0416117683 0.0416117683 9.0416117680 0.0416117683 0.0416117683 0.0416117683 0.0416117683 0.0416117683 0.0416117684 0.0416117684
0.0416117683 0.0416117683 0.0416117683 0.0416117683 0.0416117683 12.0199458256 0.0416117683 4.6394211412 0.0416117683 0.0416117683 0.0416117683 0.0416117683 0.0416117683 1.4654683380 0.0416117683
0.0416117683 0.0416117683 0.0416117683 0.0416117683 0.0416117683 0.0416117683 0.0416117683 0.0416117683 0.0416117683 0.0416117683 14.4617338435 0.0416117683 1.6214896930 0.0416117683 0.0416117683
0.0416117683 0.0416117683 13.0669264124 0.0416117683 0.0416117683 0.0416117683 0.0416117683 4.0162971242 0.0416117683 0.0416117683 0.0416117683 0.0416117683 0.0416117683 0.0416117683 0.0416117683
0.0416117683 0.0416117683 0.0416117683 0.0416117683 0.0416117683 0.0416117683 0.0416117683 0.0416117683 0.0416117683 0.0416117683 22.0416117682 0.0416117683 0.0416117683 0.0416117683 0.0416117683
0.0416117683 0.0416117683 0.0416117683 0.0416117683 0.0416117683 0.0416117683 0.0416117683 0.0416117683 0.0416117683 0.0416117683 22.0416117682 0.0416117683 0.0416117683 0.0416117683 0.0416117683
0.0416117683 0.0416117683 0.0416117683 0.0416117683 0.0416117683 0.0416117683 5.0416117682 0.0416117683 0.0416117683 0.0416117683 0.0416117683 0.0416117683 0.0416117683 0.0416117683 0.0416117683
0.0416117683 0.0416117683 0.0416117683 0.0416117683 0.0416117683 0.0416117683 3.0416117683 0.0416117683 0.0416117683 0.0416117683 0.0416117683 0.0416117683 0.0416117683 0.0416117683 0.0416117683
0.0416117683 0.0416117683 0.0416117683 0.0416117683 0.0416117683 3.3316043224 0.0416117683 0.0416117683 0.0416117683 0.0416117683 0.0416117683 1.7516192141 0.0416117683 0.0416117683 0.0416117683
0.0416117683 0.0416117683 0.0416117683 0.0416117683 0.0416117683 12.0199458256 0.0416117683 4.6394211412 0.0416117683 0.0416117683 0.0416117683 0.0416117683 0.0416117683 1.4654683380 0.0416117683
0.0416117683 4.9226100364 0.0416117683 0.0416117683 0.0416117683 0.0416117683 3.1606135002 0.0416117683 0.0416117683 0.0416117683 0.0416117683 0.0416117683 0.0416117683 0.0416117683 0.0416117683
0.0416117683 0.0416117683 0.0416117683 0.0416117683 0.0416117683 0.0416117683 0.0416117683 0.0416117683 0.0416117683 0.0416117683 0.0416117683 0.0416117683 0.0416117683 0.0416117683 3.0416117682
0.0416117683 0.0416117683 0.0416117683 4.0416117682 0.0416117683 0.0416117683 0.0416117683 0.0416117683 0.0416117683 0.0416117683 0.0416117683 0.0416117683 0.0416117683 0.0416117683 0.0416117683
0.0416117683 0.0416117683 0.0416117683 4.0416117682 0.0416117683 0.0416117683 0.0416117683 0.0416117683 0.0416117683 0.0416117683 0.0416117683 0.0416117683 0.0416117683 0.0416117683 0.0416117683
0.0416117683 0.0416117683 0.0416117683 0.0416117683 0.0416117683 0.0416117683 11.7885700593 0.0416117683 0.0416117683 0.0416117683 0.0416117683 0.0416117683 0.0416117683 2.2946534772 0.0416117683
0.0416117683 0.0416117683 0.0416117683 0.0416117683 0.0416117683 0.0416117683 0.0416117683 0.0416117683 0.0416117683 0.0416117683 0.0416117683 0.0416117683 9.0416117682 0.0416117683 0.0416117683
0.0416117683 0.0416117683 0.0416117683 0.0416117683 0.0416117683 0.0416117683 0.0416117683 0.0416117683 0.0416117683 0.0416117683 0.0416117683 0.0416117683 3.0480809657 16.0351425708 0.0416117683
0.0416117683 0.0416117683 0.0416117683 0.0416117683 0.0416117683 0.0416117683 0.0416117683 0.0416117683 0.0416117683 0.0416117683 0.0416117683 0.0416117683 3.0480809657 16.0351425708 0.0416117683
0.0416117683 0.0416117683 0.0416117683 0.0416117683 0.0416117683 0.0416117683 0.0416117683 0.0416117683 0.0416117683 0.0416117683 0.0416117683 0.0416117683 28.0416117682 0.0416117683 0.0416117683
0.0416117683 0.0416117683 0.0416117683 0.0416117683 0.0416117683 0.0416117683 0.0416117683 0.0416117683 0.0416117683 0.0416117683 0.0416117683 0.0416117683 1.8438791404 1.2393443961 0.0416117683
0.0416117683 0.0416117683 0.0416117683 0.0416117683 0.0416117683 0.0416117683 0.0416117683 0.0416117683 0.0416117683 0.0416117683 0.0416117683 0.0416117683 1.8438791404 1.2393443961 0.0416117683
0.0416117683 0.0416117683 0.0416117683 0.0416117683 0.0416117683 3.0416117683 0.0416117683 0.0416117683 0.0416117683 0.0416117683 0.0416117683 0.0416117683 0.0416117683 0.0416117683 0.0416117683
0.0416117683 0.0416117683 0.0416117683 0.0416117683 0.0416117683 3.0416117683 0.0416117683 0.0416117683 0.0416117683 0.0416117683 0.0416117683 0.0416117683 0.0416117683 0.0416117683 0.0416117683
0.0416117683 0.0416117683 0.0416117683 0.0416117683 0.0416117683 8.4550892680 0.0416117683 4.6281342685 0.0416117683 0.0416117683 0.0416117683 0.0416117683 0.0416117683 0.0416117683 0.0416117683
1.0416117683 0.0416117683 0.0416117683 0.0416117683 0.0416117683 0.0416117683 0.0416117683 0.0416117683 0.0416117683 0.0416117683 0.0416117683 0.0416117683 0.0416117683 0.0416117683 0.0416117683
0.0416117683 0.0416117683 0.0416117683 0.0416117683 0.0416117683 0.0416117683 0.0416117683 0.0416117683 0.0416117683 0.0416117683 14.4617338435 0.0416117683 1.6214896930 0.0416117683 0.0416117683
0.0416117683 0.0416117683 0.0416117683 0.0416117683 0.0416117683 0.0416117683 0.0416117683 0.0416117683 1.8690589791 0.0416117683 0.0416117683 0.0416117683 0.0416117683 11.2141645575 0.0416117683
1.0416117683 0.0416117683 0.0416117683 0.0416117683 0.0416117683 0.0416117683 0.0416117683 0.0416117683 0.0416117683 0.0416117683 0.0416117683 0.0416117683 0.0416117683 0.0416117683 0.0416117683
0.0416117683 0.0416117683 0.0416117683 0.0416117683 0.0416117683 23.0416117682 0.0416117683 0.0416117683 0.0416117683 0.0416117683 0.0416117683 0.0416117683 0.0416117683 0.0416117683 0.0416117683
0.0416117683 0.0416117683 0.0416117683 0.0416117683 0.0416117683 0.0416117683 0.0416117683 0.0416117683 0.0416117684 1.9167798406 0.0416117683 0.0416117683 0.0416117683 0.0416117683 4.1664436958
0.0416117683 0.0416117683 0.0416117683 0.0416117683 0.0416117683 0.0416117683 3.0416117683 0.0416117683 0.0416117683 0.0416117683 0.0416117683 0.0416117683 0.0416117683 0.0416117683 0.0416117683
0.0416117683 0.0416117683 0.0416117683 0.0416117683 0.0416117683 2.0416117683 0.0416117683 0.0416117683 0.0416117683 0.0416117683 0.0416117683 0.0416117683 0.0416117683 0.0416117683 0.0416117683
0.0416117683 0.0416117683 0.0416117683 5.0416117682 0.0416117683 0.0416117683 0.0416117683 0.0416117683 0.0416117683 0.0416117683 0.0416117683 0.0416117683 0.0416117683 0.0416117683 0.0416117683
0.0416117683 0.0416117683 0.0416117683 0.0416117683 0.0416117683 2.0416117683 0.0416117683 0.0416117683 0.0416117683 0.0416117683 0.0416117683 0.0416117683 0.0416117683 0.0416117683 0.0416117683
0.0416117683 0.0416117683 0.0416117683 0.0416117683 0.0416117683 10.0416117682 0.0416117683 0.0416117683 0.0416117683 0.0416117683 0.0416117683 0.0416117683 0.0416117683 0.0416117683 0.0416117683
0.0416117683 0.0416117683 0.0416117683 5.0416117682 0.0416117683 0.0416117683 0.0416117683 0.0416117683 0.0416117683 0.0416117683 0.0416117683 0.0416117683 0.0416117683 0.0416117683 0.0416117683
0.0416117683 0.0416117683 0.0416117683 0.0416117683 0.0416117683 0.0416117683 0.0416117683 0.0416117683 0.0416117683 0.0416117683 0.0416117683 0.0416117683 0.0416117683 3.1382089725 1.9450145640
0.0416117683 0.0416117683 0.0416117683 0.0416117683 0.0416117683 0.0416117683 0.0416117683 0.0416117683 0.0416117683 0.0416117683 22.0416117682 0.0416117683 0.0416117683 0.0416117683 0.0416117683
0.0416117683 0.0416117683 0.0416117683 0.0416117683 0.0416117683 0.0416117683 0.0416117683 0.0416117683 0.0416117683 0.0416117683 0.0416117683 0.0416117683 0.0416117683 3.1382089725 1.9450145640
0.0416117683 0.0416117683 0.0416117683 0.0416117683 0.0416117683 0.0416117683 0.0416117683 0.0416117683 0.0416117683 0.0416117683 0.0416117683 0.0416117683 0.0416117683 0.0416117683 8.0416117682
0.0416117683 0.0416117683 0.0416117683 0.0416117683 0.0416117683 0.0416117683 3.0738614305 3.3841131667 0.0416117683 0.0416117683 0.0416117683 14.1808280784 0.0416117683 0.0416117683 2.5276443975
0.0416117683 0.0416117683 0.0416117683 0.0416117683 0.0416117683 0.0416117683 0.0416117683 0.0416117683 0.0416117683 0.0416117683 0.0416117683 0.0416117683 0.0416117683 0.0416117683 8.0416117682
0.0416117683 0.0416117683 0.0416117683 0.0416117683 0.0416117683 0.0416117683 3.0738614305 3.3841131667 0.0416117683 0.0416117683 0.0416117683 14.1808280784 0.0416117683 0.0416117683 2.5276443975
0.0416117683 0.0416117683 0.0416117683 0.0416117683 0.0416117683 0.0416117683 0.0416117683 0.0416117683 0.0416117683 0.0416117683 0.0416117683 7.2869005867 0.0416117683 15.7963229498 0.0416117683
0.0416117683 0.0416117683 0.0416117683 0.0416117683 0.0416117683 0.0416117683 0.0416117683 0.0416117683 0.0416117683 0.0416117683 0.0416117683 0.0416117683 0.0416117683 0.0416117683 4.0416117682
0.0416117683 0.0416117683 0.0416117683 0.0416117683 0.0416117683 0.0416117683 0.0416117683 0.0416117683 0.0416117683 0.0416117683 0.0416117683 7.2869005867 0.0416117683 15.7963229498 0.0416117683
0.0416117683 0.0416117683 0.0416117683 0.0416117683 0.0416117683 0.0416117683 0.0416117683 0.0416117683 0.0416117683 1.6037756744 0.0416117683 0.0416117683 0.0416117683 4.4794478621 0.0416117683
0.0416117683 0.0416117683 0.0416117683 0.0416117683 0.0416117683 0.0416117683 0.0416117683 0.0416117683 0.0416117683 1.6037756744 0.0416117683 0.0416117683 0.0416117683 4.4794478621 0.0416117683
0.0416117683 0.0416117683 0.0416117683 0.0416117683 0.0416117683 0.0416117683 0.0416117683 0.0416117683 0.0416117683 0.0416117683 0.0416117683 0.0416117683 1.1243289341 10.9588946024 0.0416117683
0.0416117683 0.0416117683 0.0416117683 0.0416117683 0.0416117683 0.0416117683 0.0416117683 0.0416117683 0.0416117683 0.0416117683 0.0416117683 0.0416117683 1.1243289341 10.9588946024 0.0416117683
0.0416117683 0.0416117683 0.0416117683 0.0416117683 0.0416117683 1.3157840972 0.0416117683 0.0416117683 0.0416117683 0.0416117683 0.0416117683 0.0416117683 0.0416117683 20.7674394393 0.0416117683
0.0416117683 4.0538991247 0.0416117683 0.0416117683 0.0416117683 1.7268162958 7.1761924019 0.0416117683 0.0416117683 0.0416117683 0.0416117683 0.0416117683 0.0416117683 1.2095392506 0.0416117683
0.0416117683 0.0416117683 0.0416117683 0.0416117683 0.0416117683 0.0416117683 0.0416117683 0.0416117683 17.3210715891 0.0416117683 0.0416117683 0.0416117683 0.0416117683 7.7621519473 0.0416117683
0.0416117683 0.0416117683 0.0416117683 0.0416117683 0.0416117683 0.0416117683 0.0416117683 0.0416117683 17.3210715891 0.0416117683 0.0416117683 0.0416117683 0.0416117683 7.7621519473 0.0416117683
0.0416117683 0.0416117683 0.0416117683 5.0416117683 0.0416117683 0.0416117683 0.0416117683 0.0416117683 0.0416117683 0.0416117683 0.0416117683 0.0416117683 0.0416117683 0.0416117683 0.0416117683
0.0416117683 0.0416117683 0.0416117683 4.8876023029 0.0416117683 0.0416117683 0.0416117683 1.2250445612 0.0416117683 0.0416117683 0.0416117683 0.0416117683 0.0416117683 0.0416117683 9.0121884406
0.0416117683 0.0416117683 0.0416117683 0.0416117683 0.0416117683 0.0416117683 0.0416117683 0.0416117683 0.0416117683 0.0416117683 0.0416117683 7.2869005867 0.0416117683 15.7963229498 0.0416117683
0.0416117683 0.0416117683 0.0416117683 5.0416117683 0.0416117683 0.0416117683 0.0416117683 0.0416117683 0.0416117683 0.0416117683 0.0416117683 0.0416117683 0.0416117683 0.0416117683 0.0416117683
0.0416117683 0.0416117683 0.0416117683 4.8876023029 0.0416117683 0.0416117683 0.0416117683 1.2250445612 0.0416117683 0.0416117683 0.0416117683 0.0416117683 0.0416117683 0.0416117683 9.0121884406
0.0416117683 0.0416117683 0.0416117683 4.8876023029 0.0416117683 0.0416117683 0.0416117683 1.2250445612 0.0416117683 0.0416117683 0.0416117683 0.0416117683 0.0416117683 0.0416117683 9.0121884406
3.8647577412 0.0416117683 0.0416117683 0.0416117683 0.0416117683 0.0416117683 0.0416117683 0.0416117683 0.0416117683 0.0416117683 0.0416117683 0.0416117683 0.0416117683 0.0416117683 6.2184657953
3.8647577412 0.0416117683 0.0416117683 0.0416117683 0.0416117683 0.0416117683 0.0416117683 0.0416117683 0.0416117683 0.0416117683 0.0416117683 0.0416117683 0.0416117683 0.0416117683 6.2184657953
0.0416117683 0.0416117683 0.0416117683 0.0416117683 0.0416117683 9.0416117682 0.0416117683 0.0416117683 0.0416117683 0.0416117683 0.0416117683 0.0416117683 0.0416117683 0.0416117683 0.0416117683
13.0416117682 0.0416117683 0.0416117683 0.0416117683 0.0416117683 0.0416117683 0.0416117683 0.0416117683 0.0416117683 0.0416117683 0.0416117683 0.0416117683 0.0416117683 0.0416117683 0.0416117683
0.0416117683 0.0416117683 0.0416117683 0.0416117683 0.0416117683 0.0416117683 0.0416117683 3.0416117682 0.0416117683 0.0416117683 0.0416117683 0.0416117683 0.0416117683 0.0416117683 0.0416117683
0.0416117683 0.0416117683 0.0416117683 0.0416117683 7.0416117682 0.0416117683 0.0416117683 0.0416117683 0.0416117683 0.0416117683 0.0416117683 0.0416117683 0.0416117683 0.0416117683 0.0416117683
0.0416117683 5.5256692822 0.0416117683 0.0416117683 0.0416117683 2.0499745413 9.4242344301 0.0416117683 0.0416117683 0.0416117683 7.1665688194 0.0416117683 0.0416117683 0.0416117683 0.0416117683
0.0416117683 0.0416117683 0.0416117683 0.0416117683 7.0416117683 0.0416117683 0.0416117683 0.0416117683 0.0416117683 0.0416117683 0.0416117683 0.0416117683 0.0416117683 0.0416117683 0.0416117683
0.0416117683 0.0416117683 0.0416117683 0.0416117683 0.0416117683 7.9932699098 11.0899536267 0.0416117683 0.0416117683 0.0416117683 0.0416117683 0.0416117683 0.0416117683 0.0416117683 0.0416117683
0.0416117683 0.0416117683 0.0416117683 0.0416117683 7.0416117683 0.0416117683 0.0416117683 0.0416117683 0.0416117683 0.0416117683 0.0416117683 0.0416117683 0.0416117683 0.0416117683 0.0416117683
0.0416117683 5.6333843315 0.0416117683 0.0416117683 0.0416117683 0.0416117683 0.0416117683 0.0416117683 0.0416117683 0.0416117683 0.0416117683 4.4498392050 0.0416117683 0.0416117683 0.0416117683
0.0416117683 0.0416117683 0.0416117683 0.0416117683 0.0416117683 0.0416117683 0.0416117683 0.0416117683 0.0416117683 0.0416117683 6.0416117681 0.0416117683 0.0416117683 0.0416117683 0.0416117683
0.0416117683 0.0416117683 0.0416117683 2.2427183001 0.0416117683 0.0416117683 0.0416117683 0.0416117683 0.0416117683 0.0416117683 3.5214477111 0.0416117683 2.3606692936 0.0416117683 0.0416117683
0.0416117683 0.0416117683 0.0416117683 0.0416117683 0.0416117683 0.0416117683 0.0416117683 0.0416117683 0.0416117683 6.2948242203 0.0416117683 0.0416117683 0.0416117683 0.0416117683 3.7883993162
0.0416117683 0.0416117683 0.0416117683 6.0416117681 0.0416117683 0.0416117683 0.0416117683 0.0416117683 0.0416117683 0.0416117683 0.0416117683 0.0416117683 0.0416117683 0.0416117683 0.0416117683
0.0416117683 0.0416117683 0.0416117683 0.0416117683 0.0416117683 0.0416117683 0.0416117683 0.0416117683 0.0416117683 0.0416117683 0.0416117683 0.0416117683 0.0416117683 3.0416117683 0.0416117683
0.0416117683 0.0416117683 0.0416117683 0.0416117683 0.0416117683 0.0416117683 0.0416117683 0.0416117683 0.0416117683 0.0416117683 0.0416117683 0.0416117683 0.0416117683 3.0416117683 0.0416117683
0.0416117683 10.0416117682 0.0416117683 0.0416117683 0.0416117683 0.0416117683 0.0416117683 0.0416117683 0.0416117683 0.0416117683 0.0416117683 0.0416117683 0.0416117683 0.0416117683 0.0416117683
0.0416117683 0.0416117683 0.0416117683 0.0416117683 0.0416117683 0.0416117683 0.0416117683 0.0416117683 0.0416117683 0.0416117683 0.0416117683 0.0416117683 0.0416117683 0.0416117683 4.0416117682
0.0416117683 0.0416117683 0.0416117683 0.0416117683 0.0416117683 0.0416117683 0.0416117683 0.0416117683 0.0416117683 0.0416117683 0.0416117683 0.0416117683 0.0416117683 4.0416117682 0.0416117683
0.0416117683 0.0416117683 0.0416117683 0.0416117683 0.0416117683 0.0416117683 0.0416117683 0.0416117683 0.0416117683 0.0416117683 0.0416117683 0.0416117683 0.0416117683 4.0416117682 0.0416117683
0.0416117683 0.0416117683 0.0416117683 0.0416117683 0.0416117683 0.0416117683 0.0416117683 0.0416117683 0.0416117683 0.0416117683 0.0416117683 0.0416117683 0.0416117683 3.0416117683 0.0416117683
0.0416117683 0.0416117683 0.0416117683 0.0416117683 0.0416117683 0.0416117683 0.0416117683 0.0416117683 0.0416117683 0.0416117683 0.0416117683 0.0416117683 0.0416117683 5.0416117682 0.0416117683
0.0416117683 0.0416117683 0.0416117683 0.0416117683 0.0416117683 12.0199458256 0.0416117683 4.6394211412 0.0416117683 0.0416117683 0.0416117683 0.0416117683 0.0416117683 1.4654683380 0.0416117683
0.0416117683 6.2318277059 0.0416117683 0.0416117683 0.0416117683 0.0416117683 0.0416117683 0.0416117683 0.0416117683 0.0416117683 3.8220857807 0.0416117683 0.0416117683 3.0709218182 0.0416117683
0.0416117683 3.9225642541 0.0416117683 0.0416117683 0.0416117683 7.2969668414 0.0416117683 0.0416117683 0.0416117683 0.0416117683 10.9053042092 0.0416117683 0.0416117683 0.0416117683 0.0416117683
0.0416117683 0.0416117683 0.0416117683 0.0416117683 0.0416117683 12.0199458256 0.0416117683 4.6394211412 0.0416117683 0.0416117683 0.0416117683 0.0416117683 0.0416117683 1.4654683380 0.0416117683
0.0416117683 0.0416117683 0.0416117683 0.0416117683 0.0416117683 12.0199458256 0.0416117683 4.6394211412 0.0416117683 0.0416117683 0.0416117683 0.0416117683 0.0416117683 1.4654683380 0.0416117683
0.0416117683 6.2318277059 0.0416117683 0.0416117683 0.0416117683 0.0416117683 0.0416117683 0.0416117683 0.0416117683 0.0416117683 3.8220857807 0.0416117683 0.0416117683 3.0709218182 0.0416117683
0.0416117683 0.0416117683 0.0416117684 0.0416117683 0.0416117683 0.0416117684 0.0416117684 2.8295914829 0.0416117683 0.0416117683 0.0416117683 0.0416117683 3.5029461441 3.7922976776 0.0416117683
0.0416117683 0.0416117683 0.0416117683 0.0416117683 0.0416117683 0.0416117683 0.0416117683 0.0416117683 0.0416117683 0.0416117683 18.0659188446 0.0416117683 8.4205954364 4.6383210238 0.0416117683
0.0416117683 6.2318277059 0.0416117683 0.0416117683 0.0416117683 0.0416117683 0.0416117683 0.0416117683 0.0416117683 0.0416117683 3.8220857807 0.0416117683 0.0416117683 3.0709218182 0.0416117683
0.0416117683 3.9225642541 0.0416117683 0.0416117683 0.0416117683 7.2969668414 0.0416117683 0.0416117683 0.0416117683 0.0416117683 10.9053042092 0.0416117683 0.0416117683 0.0416117683 0.0416117683
0.0416117683 6.2318277059 0.0416117683 0.0416117683 0.0416117683 0.0416117683 0.0416117683 0.0416117683 0.0416117683 0.0416117683 3.8220857807 0.0416117683 0.0416117683 3.0709218182 0.0416117683
0.0416117683 0.0416117683 0.0416117683 0.0416117683 0.0416117683 0.0416117683 0.0416117683 0.0416117683 0.0416117683 0.0416117683 18.0659188446 0.0416117683 8.4205954364 4.6383210238 0.0416117683
0.0416117683 0.0416117683 22.6299543637 0.0416117683 0.0416117683 0.0416117683 0.0416117683 3.4532691729 0.0416117683 0.0416117683 0.0416117683 0.0416117683 0.0416117683 0.0416117683 0.0416117683
0.0416117683 0.0416117683 0.0416117683 0.0416117683 0.0416117683 0.0416117683 0.0416117683 0.0416117683 0.0416117683 6.0416117682 0.0416117683 0.0416117683 0.0416117683 0.0416117683 0.0416117683
0.0416117683 0.0416117683 22.6299543637 0.0416117683 0.0416117683 0.0416117683 0.0416117683 3.4532691729 0.0416117683 0.0416117683 0.0416117683 0.0416117683 0.0416117683 0.0416117683 0.0416117683
0.0416117683 0.0416117683 0.0416117683 0.0416117683 0.0416117683 0.0416117683 0.0416117683 0.0416117683 0.0416117683 0.0416117683 3.0416117682 0.0416117683 0.0416117683 0.0416117683 0.0416117683
0.0416117683 0.0416117683 0.0416117683 0.0416117683 0.0416117683 0.0416117683 0.0416117683 0.0416117683 0.0416117683 0.0416117683 3.0416117682 0.0416117683 0.0416117683 0.0416117683 0.0416117683
0.0416117683 0.0416117683 0.0416117683 0.0416117683 0.0416117683 0.0416117683 0.0416117683 0.0416117683 0.0416117683 0.0416117683 0.0416117683 0.0416117683 0.0416117683 5.0416117683 0.0416117683
0.0416117683 0.0416117683 0.0416117683 4.4027536057 0.0416117683 0.0416117683 0.0416117683 0.0416117683 0.0416117683 0.0416117683 0.0416117683 0.0416117683 0.0416117683 0.0416117683 4.6804699308
0.0416117683 0.0416117683 0.0416117683 0.0416117684 0.0416117683 0.0416117683 0.0416117683 0.0416117683 0.0416117683 0.0416117683 4.7359109087 3.3473126277 0.0416117683 0.0416117683 0.0416117683
0.0416117683 0.0416117683 0.0416117683 0.0416117684 0.0416117683 0.0416117683 0.0416117683 0.0416117683 0.0416117683 0.0416117683 4.7359109087 3.3473126277 0.0416117683 0.0416117683 0.0416117683
0.0416117683 0.0416117683 0.0416117683 4.4027536057 0.0416117683 0.0416117683 0.0416117683 0.0416117683 0.0416117683 0.0416117683 0.0416117683 0.0416117683 0.0416117683 0.0416117683 4.6804699308
0.0416117683 0.0416117683 0.0416117683 0.0416117683 0.0416117683 0.0416117683 0.0416117683 0.0416117683 0.0416117683 0.0416117683 0.0416117683 0.0416117683 0.0416117683 2.4532618838 24.6299616527
0.0416117683 0.0416117683 0.0416117683 0.0416117683 0.0416117683 0.0416117683 0.0416117683 9.0416117682 0.0416117683 0.0416117683 0.0416117683 0.0416117683 0.0416117683 0.0416117683 0.0416117683
0.0416117683 0.0416117683 0.0416117683 4.2077663436 0.0416117683 0.0416117683 0.0416117683 0.0416117683 0.0416117683 0.0416117683 4.9230110438 4.9940579174 0.0416117683 0.0416117683 0.0416117683
0.0416117683 0.0416117683 0.0416117683 0.0416117683 0.0416117683 0.0416117683 0.0416117683 0.0416117683 0.0416117683 0.0416117683 0.0416117683 0.0416117683 0.0416117683 2.7440539566 21.3391695800
0.0416117683 0.0416117683 0.0416117683 0.0416117683 0.0416117683 0.0416117683 0.0416117683 0.0416117683 0.0416117683 0.0416117683 0.0416117683 0.0416117683 9.0416117683 0.0416117683 0.0416117683
0.0416117683 0.0416117683 0.0416117683 4.2077663436 0.0416117683 0.0416117683 0.0416117683 0.0416117683 0.0416117683 0.0416117683 4.9230110438 4.9940579174 0.0416117683 0.0416117683 0.0416117683
0.0416117683 0.0416117683 0.0416117683 0.0416117683 0.0416117683 0.0416117683 0.0416117683 0.0416117683 0.0416117683 0.0416117683 0.0416117683 0.0416117683 9.0416117683 0.0416117683 0.0416117683
0.0416117683 0.0416117683 0.0416117683 0.0416117684 0.0416117683 0.0416117683 0.0416117683 0.0416117683 0.0416117683 0.0416117683 4.7359109087 3.3473126277 0.0416117683 0.0416117683 0.0416117683
0.0416117683 0.0416117683 0.0416117683 4.2077663436 0.0416117683 0.0416117683 0.0416117683 0.0416117683 0.0416117683 0.0416117683 4.9230110438 4.9940579174 0.0416117683 0.0416117683 0.0416117683
0.0416117683 0.0416117683 0.0416117683 0.0416117683 0.0416117683 0.0416117683 0.0416117683 0.0416117683 0.0416117683 0.0416117683 0.0416117683 0.0416117683 0.0416117683 0.0416117683 9.0416117681
0.0416117683 0.0416117683 0.0416117683 0.0416117683 0.0416117683 0.0416117683 0.0416117683 0.0416117683 0.0416117683 0.0416117683 0.0416117683 0.0416117683 12.0416117682 0.0416117683 0.0416117683
0.0416117683 23.0416117682 0.0416117683 0.0416117683 0.0416117683 0.0416117683 0.0416117683 0.0416117683 0.0416117683 0.0416117683 0.0416117683 0.0416117683 0.0416117683 0.0416117683 0.0416117683
0.0416117683 0.0416117683 0.0416117683 0.0416117683 0.0416117683 0.0416117683 0.0416117683 9.0416117682 0.0416117683 0.0416117683 0.0416117683 0.0416117683 0.0416117683 0.0416117683 0.0416117683
0.0416117683 0.0416117683 0.0416117683 0.0416117683 0.0416117683 0.0416117683 0.0416117683 0.0416117683 0.0416117683 0.0416117683 0.0416117683 0.0416117683 0.0416117683 2.7440539566 21.3391695800
0.0416117683 23.0416117682 0.0416117683 0.0416117683 0.0416117683 0.0416117683 0.0416117683 0.0416117683 0.0416117683 0.0416117683 0.0416117683 0.0416117683 0.0416117683 0.0416117683 0.0416117683
0.0416117683 0.0416117683 0.0416117683 0.0416117683 0.0416117683 0.0416117683 0.0416117683 0.0416117683 0.0416117683 0.0416117683 0.0416117683 0.0416117683 12.0416117682 0.0416117683 0.0416117683
0.0416117683 0.0416117683 11.0416117682 0.0416117683 0.0416117683 0.0416117683 0.0416117683 0.0416117683 0.0416117683 0.0416117683 0.0416117683 0.0416117683 0.0416117683 0.0416117683 0.0416117683
0.0416117683 0.0416117683 0.0416117683 0.0416117683 0.0416117683 0.0416117683 0.0416117683 0.0416117683 0.0416117683 0.0416117683 0.0416117683 0.0416117683 2.9456514899 12.1375720466 0.0416117683
0.0416117683 0.0416117683 0.0416117683 0.0416117683 0.0416117683 0.0416117683 0.0416117683 0.0416117683 0.0416117683 0.0416117683 0.0416117683 0.0416117683 0.0416117683 2.7440539566 21.3391695800
0.0416117683 0.0416117683 0.0416117683 0.0416117683 0.0416117683 26.0416117682 0.0416117683 0.0416117683 0.0416117683 0.0416117683 0.0416117683 0.0416117683 0.0416117683 0.0416117683 0.0416117683
0.0416117683 0.0416117683 0.0416117683 0.0416117683 0.0416117683 0.0416117683 0.0416117683 0.0416117683 0.0416117683 0.0416117683 4.5543335694 0.0416117683 0.0416117683 0.0416117683 8.5288899671
0.0416117683 0.0416117683 0.0416117683 0.0416117683 0.0416117683 0.0416117683 0.0416117683 0.0416117683 0.0416117683 0.0416117683 0.0416117683 0.0416117683 0.0416117683 0.0416117683 9.0416117681
0.0416117683 0.0416117683 0.0416117683 0.0416117683 0.0416117683 0.0416117683 0.0416117683 0.0416117683 0.0416117683 0.0416117683 0.0416117683 0.0416117683 0.0416117683 0.0416117683 9.0416117681
0.0416117683 0.0416117683 0.0416117683 0.0416117683 0.0416117683 26.0416117682 0.0416117683 0.0416117683 0.0416117683 0.0416117683 0.0416117683 0.0416117683 0.0416117683 0.0416117683 0.0416117683
0.0416117683 0.0416117683 0.0416117683 0.0416117683 0.0416117683 0.0416117683 0.0416117683 0.0416117683 0.0416117683 0.0416117683 20.0416117681 0.0416117683 0.0416117683 0.0416117683 0.0416117683
0.0416117683 0.0416117683 0.0416117683 0.0416117683 0.0416117683 26.0416117682 0.0416117683 0.0416117683 0.0416117683 0.0416117683 0.0416117683 0.0416117683 0.0416117683 0.0416117683 0.0416117683
0.0416117683 0.0416117683 0.0416117683 0.0416117683 0.0416117683 0.0416117683 0.0416117683 0.0416117683 0.0416117683 0.0416117683 4.5543335694 0.0416117683 0.0416117683 0.0416117683 8.5288899671
5.8909810135 0.0416117683 0.0416117683 0.0416117683 0.0416117683 0.0416117683 5.1922425231 0.0416117683 0.0416117683 0.0416117683 0.0416117683 0.0416117683 0.0416117683 0.0416117683 0.0416117683
0.0416117683 0.0416117683 0.0416117683 0.0416117683 0.0416117683 0.0416117683 0.0416117683 0.0416117683 0.0416117683 0.0416117683 0.0416117683 13.0416117683 0.0416117683 0.0416117683 0.0416117683
0.0416117683 0.0416117683 0.0416117683 0.0416117683 0.0416117683 0.0416117683 0.0416117683 0.0416117683 0.0416117683 0.0416117683 0.0416117683 7.0416117683 0.0416117683 0.0416117683 0.0416117683
0.0416117683 0.0416117683 0.0416117683 0.0416117683 0.0416117683 0.0416117683 0.0416117683 0.0416117683 0.0416117683 0.0416117683 0.0416117683 7.0416117683 0.0416117683 0.0416117683 0.0416117683
0.0416117683 0.0416117683 0.0416117684 0.0416117683 0.0416117683 0.0416117684 0.0416117684 0.0416117683 0.0416117683 0.0416117683 5.1529821326 0.0416117683 3.3308484152 8.6410047567 0.0416117683
0.0416117683 1.2248981710 0.0416117683 0.0416117683 0.0416117683 0.0416117683 0.0416117683 0.0416117683 0.0416117683 0.0416117683 0.0416117683 0.0416117684 0.0416117683 11.8583253655 0.0416117683
0.0416117683 0.0416117683 2.0683357363 0.0416117683 0.0416117683 0.0416117683 0.0416117683 12.0148878001 0.0416117683 0.0416117683 0.0416117683 0.0416117683 0.0416117684 0.0416117683 0.0416117683
0.0416117683 0.0416117683 0.0416117683 0.0416117683 0.0416117683 0.0416117683 12.0416117682 0.0416117683 0.0416117683 0.0416117683 0.0416117683 0.0416117683 0.0416117683 0.0416117683 0.0416117683
0.0416117683 0.0416117683 0.0416117683 0.0416117683 0.0416117683 0.0416117683 12.0416117682 0.0416117683 0.0416117683 0.0416117683 0.0416117683 0.0416117683 0.0416117683 0.0416117683 0.0416117683
0.0416117683 0.0416117683 0.0416117683 0.0416117683 0.0416117683 19.0416117682 0.0416117683 0.0416117683 0.0416117683 0.0416117683 0.0416117683 0.0416117683 0.0416117683 0.0416117683 0.0416117683
0.0416117683 1.2248981710 0.0416117683 0.0416117683 0.0416117683 0.0416117683 0.0416117683 0.0416117683 0.0416117683 0.0416117683 0.0416117683 0.0416117684 0.0416117683 11.8583253655 0.0416117683
0.0416117683 0.0416117683 0.0416117683 0.0416117683 0.0416117683 0.0416117683 0.0416117683 0.0416117683 0.0416117683 0.0416117683 0.0416117683 0.0416117683 0.0416117683 0.0416117683 10.0416117682
0.0416117683 0.0416117683 0.0416117683 0.0416117683 0.0416117683 0.0416117683 0.0416117683 0.0416117683 0.0416117683 0.0416117683 0.0416117683 0.0416117683 0.0416117683 0.0416117683 9.0416117681
0.0416117683 0.0416117683 0.0416117683 0.0416117683 0.0416117683 0.0416117683 0.0416117683 0.0416117683 0.0416117683 0.0416117683 0.0416117683 0.0416117683 0.0416117683 5.0416117682 0.0416117683
0.0416117683 0.0416117683 0.0416117683 0.0416117683 0.0416117683 0.0416117683 0.0416117683 0.0416117683 0.0416117683 0.0416117683 0.0416117683 0.0416117683 0.0416117683 0.0416117683 16.0416117682
0.0416117683 0.0416117683 0.0416117683 0.0416117683 0.0416117683 0.0416117683 20.0416117682 0.0416117683 0.0416117683 0.0416117683 0.0416117683 0.0416117683 0.0416117683 0.0416117683 0.0416117683
0.0416117683 0.0416117683 0.0416117683 0.0416117683 0.0416117683 0.0416117683 0.0416117683 0.0416117683 0.0416117683 0.0416117683 0.0416117683 0.0416117683 0.0416117683 0.0416117683 9.0416117681
0.0416117683 0.0416117683 0.0416117683 0.0416117683 0.0416117683 2.1384206170 0.0416117683 0.0416117683 0.0416117683 0.0416117683 0.0416117683 0.0416117683 0.0416117683 6.9448029194 0.0416117683
0.0416117683 0.0416117683 0.0416117683 0.0416117683 0.0416117683 0.0416117683 0.0416117683 0.0416117683 0.0416117683 0.0416117683 0.0416117683 7.0315956802 0.0416117683 8.0516278563 0.0416117683
0.0416117683 5.7395587937 0.0416117683 0.0416117683 0.0416117683 4.3436647429 0.0416117683 0.0416117683 0.0416117683 0.0416117683 0.0416117683 0.0416117683 0.0416117683 0.0416117683 0.0416117683
0.0416117683 0.0416117683 0.0416117683 0.0416117683 0.0416117683 0.0416117683 0.0416117683 0.0416117683 0.0416117683 0.0416117683 0.0416117683 0.0416117683 0.0416117683 6.0416117682 0.0416117683
0.0416117683 0.0416117683 0.0416117683 3.6854755889 5.1833649879 0.0416117683 0.0416117683 0.0416117683 0.0416117683 0.0416117683 0.0416117683 1.5915978759 0.0416117683 1.7060086204 0.0416117683
0.0416117683 0.0416117683 0.0416117683 0.0416117683 0.0416117683 0.0416117683 0.0416117683 0.0416117683 0.0416117683 0.0416117683 0.0416117683 0.0416117683 0.0416117683 5.0416117682 0.0416117683
0.0416117683 0.0416117683 0.0416117683 0.0416117683 0.0416117683 0.0416117683 2.8979426876 4.0747286183 0.0416117683 0.0416117683 0.0416117683 8.1521639989 0.0416117683 0.0416117683 0.0416117683
0.0416117683 0.0416117683 0.0416117683 0.0416117683 0.0416117683 0.0416117683 3.7405431683 0.0416117683 0.0416117683 0.0416117683 0.0416117683 0.0416117683 2.3426803681 0.0416117683 0.0416117683
0.0416117683 0.0416117683 0.0416117684 0.0416117683 0.0416117683 0.0416117684 0.0416117684 2.8295914829 0.0416117683 0.0416117683 0.0416117683 0.0416117683 3.5029461441 3.7922976776 0.0416117683
0.0416117683 0.0416117683 0.0416117683 0.0416117683 0.0416117683 0.0416117683 0.0416117683 0.0416117683 0.0416117683 0.0416117683 12.0963652569 0.0416117683 5.9868582796 0.0416117683 0.0416117683
0.0416117683 0.0416117683 0.0416117683 0.0416117683 0.0416117683 0.0416117683 3.7405431683 0.0416117683 0.0416117683 0.0416117683 0.0416117683 0.0416117683 2.3426803681 0.0416117683 0.0416117683
0.0416117683 0.0416117683 0.0416117683 0.0416117683 0.0416117683 0.0416117683 0.0416117683 0.0416117683 0.0416117683 0.0416117683 0.0416117683 0.0416117683 0.0416117683 0.0416117683 4.0416117682
0.0416117683 5.6316830485 0.0416117683 0.0416117683 0.0416117683 2.4515404879 0.0416117683 0.0416117683 0.0416117683 0.0416117683 0.0416117683 0.0416117683 0.0416117683 0.0416117683 0.0416117683
0.0416117683 13.8919963612 0.0416117683 0.0416117683 0.0416117683 2.1031542392 11.5758708562 0.0416117683 0.0416117683 0.0416117683 7.5954256164 0.0416117683 0.0416117683 0.0416117683 0.0416117683
0.0416117683 0.0416117683 0.0416117683 0.0416117683 0.0416117683 0.0416117683 0.0416117683 0.0416117683 0.0416117683 0.0416117683 0.0416117683 0.0416117683 0.0416117683 4.0416117682 0.0416117683
0.0416117683 5.6316830485 0.0416117683 0.0416117683 0.0416117683 2.4515404879 0.0416117683 0.0416117683 0.0416117683 0.0416117683 0.0416117683 0.0416117683 0.0416117683 0.0416117683 0.0416117683
0.0416117683 0.0416117683 0.0416117683 3.0416117682 0.0416117683 0.0416117683 0.0416117683 0.0416117683 0.0416117683 0.0416117683 0.0416117683 0.0416117683 0.0416117683 0.0416117683 0.0416117683
0.0416117683 2.5128482470 0.0416117683 0.0416117683 0.0416117683 0.0416117683 0.0416117683 0.0416117683 0.0416117683 0.0416117683 0.0416117683 0.0416117683 0.0416117683 11.5703752895 0.0416117683
0.0416117683 0.0416117683 0.0416117683 0.0416117683 0.0416117683 17.0416117682 0.0416117683 0.0416117683 0.0416117683 0.0416117683 0.0416117683 0.0416117683 0.0416117683 0.0416117683 0.0416117683
0.0416117683 0.0416117683 0.0416117683 0.0416117683 0.0416117683 17.0416117682 0.0416117683 0.0416117683 0.0416117683 0.0416117683 0.0416117683 0.0416117683 0.0416117683 0.0416117683 0.0416117683
0.0416117683 0.0416117683 0.0416117683 0.0416117683 0.0416117683 0.0416117683 0.0416117683 0.0416117683 0.0416117683 0.0416117683 0.0416117683 0.0416117683 0.0416117683 0.0416117683 11.0416117682
0.0416117683 0.0416117683 0.0416117683 0.0416117683 0.0416117683 0.0416117683 0.0416117683 0.0416117683 0.0416117683 0.0416117683 3.1012815101 0.0416117683 0.0416117683 0.0416117683 5.9819420264
0.0416117683 0.0416117683 0.0416117683 0.0416117683 0.0416117683 7.6337329757 0.0416117683 5.1186169744 0.0416117683 0.0416117683 0.0416117683 0.0416117683 0.0416117683 1.3724853547 0.0416117683
0.0416117683 0.0416117683 0.0416117683 0.0416117683 0.0416117683 0.0416117683 0.0416117683 0.0416117683 0.0416117683 0.0416117683 0.0416117683 2.4339078825 0.0416117683 15.6493156540 0.0416117683
0.0416117683 0.0416117683 0.0416117683 0.0416117683 14.4252767091 10.5243514170 0.0416117683 0.0416117683 0.0416117683 0.0416117683 0.0416117683 0.0416117683 1.7174229596 3.4993959875 0.0416117683
0.0416117683 0.0416117683 0.0416117683 0.0416117683 0.0416117683 0.0416117683 0.9669279249 0.0416117683 0.0416117683 0.0416117683 0.0416117683 0.0416117683 0.0416117683 0.0416117683 4.1162956116
0.0416117683 1.2248981710 0.0416117683 0.0416117683 0.0416117683 0.0416117683 0.0416117683 0.0416117683 0.0416117683 0.0416117683 0.0416117683 0.0416117684 0.0416117683 11.8583253655 0.0416117683
0.0416117683 0.0416117683 0.0416117683 0.0416117683 0.0416117683 0.0416117683 0.0416117683 0.0416117683 1.8690589791 0.0416117683 0.0416117683 0.0416117683 0.0416117683 11.2141645575 0.0416117683
0.0416117683 0.0416117683 0.0416117683 0.0416117683 0.0416117683 1.0416093350 0.0416117683 0.0416117683 0.0416117683 0.0416117683 0.0416117683 0.0416117683 3.0416142015 0.0416117683 0.0416117683
0.0416117683 1.2248981710 0.0416117683 0.0416117683 0.0416117683 0.0416117683 0.0416117683 0.0416117683 0.0416117683 0.0416117683 0.0416117683 0.0416117684 0.0416117683 11.8583253655 0.0416117683
0.0416117683 0.0416117683 0.0416117683 0.0416117683 0.0416117683 0.0416117683 0.9669279249 0.0416117683 0.0416117683 0.0416117683 0.0416117683 0.0416117683 0.0416117683 0.0416117683 4.1162956116
0.0416117683 1.2248981710 0.0416117683 0.0416117683 0.0416117683 0.0416117683 0.0416117683 0.0416117683 0.0416117683 0.0416117683 0.0416117683 0.0416117684 0.0416117683 11.8583253655 0.0416117683
0.0416117683 1.2248981710 0.0416117683 0.0416117683 0.0416117683 0.0416117683 0.0416117683 0.0416117683 0.0416117683 0.0416117683 0.0416117683 0.0416117684 0.0416117683 11.8583253655 0.0416117683
0.0416117683 7.0061460378 0.0416117683 0.0416117683 0.0416117683 0.0416117683 1.4331387556 0.0416117683 0.0416117683 0.0416117683 3.6855505113 0.0416117683 0.0416117683 0.0416117683 0.0416117683
0.0416117683 0.0416117683 0.0416117683 0.0416117683 0.0416117683 0.0416117683 0.0416117683 0.0416117683 0.0416117683 0.0416117683 0.0416117683 4.0416117682 0.0416117683 0.0416117683 0.0416117683
0.0416117683 0.0416117683 0.0416117683 0.0416117683 0.0416117683 0.0416117683 0.0416117683 0.0416117683 0.0416117683 0.0416117683 6.0416117682 0.0416117683 0.0416117683 0.0416117684 0.0416117683
0.0416117683 0.0416117683 0.0416117683 0.0416117683 0.0416117683 0.0416117683 0.0416117683 0.0416117683 0.0416117683 0.0416117683 0.0416117683 0.0416117683 3.0480809657 16.0351425708 0.0416117683
0.0416117683 0.0416117683 0.0416117683 0.0416117683 0.0416117683 0.0416117683 0.0416117683 0.0416117683 0.0416117683 0.0416117683 0.0416117683 0.0416117683 3.0480809657 16.0351425708 0.0416117683
0.0416117683 3.4664317455 0.0416117683 0.0416117683 0.0416117683 0.0416117683 0.0416117683 0.0416117683 0.0416117683 0.0416117683 0.0416117683 0.0416117683 0.0416117683 0.0416117683 9.6167917911
0.0416117683 3.4664317455 0.0416117683 0.0416117683 0.0416117683 0.0416117683 0.0416117683 0.0416117683 0.0416117683 0.0416117683 0.0416117683 0.0416117683 0.0416117683 0.0416117683 9.6167917911
0.0416117683 3.4664317455 0.0416117683 0.0416117683 0.0416117683 0.0416117683 0.0416117683 0.0416117683 0.0416117683 0.0416117683 0.0416117683 0.0416117683 0.0416117683 0.0416117683 9.6167917911
0.0416117683 3.4664317455 0.0416117683 0.0416117683 0.0416117683 0.0416117683 0.0416117683 0.0416117683 0.0416117683 0.0416117683 0.0416117683 0.0416117683 0.0416117683 0.0416117683 9.6167917911
0.0416117683 3.4664317455 0.0416117683 0.0416117683 0.0416117683 0.0416117683 0.0416117683 0.0416117683 0.0416117683 0.0416117683 0.0416117683 0.0416117683 0.0416117683 0.0416117683 9.6167917911
0.0416117683 8.4635079476 0.0416117683 0.0416117683 0.0416117683 0.0416117683 0.0416117683 0.0416117683 0.0416117683 0.0416117683 0.0416117683 6.6197155889 0.0416117683 0.0416117683 0.0416117683
0.0416117683 2.3948536971 0.0416117683 0.0416117683 0.0416117683 0.0416117683 0.0416117683 0.0416117683 0.0416117683 0.0416117683 0.0416117683 1.6883698394 0.0416117683 0.0416117683 0.0416117683
0.0416117683 8.4635079476 0.0416117683 0.0416117683 0.0416117683 0.0416117683 0.0416117683 0.0416117683 0.0416117683 0.0416117683 0.0416117683 6.6197155889 0.0416117683 0.0416117683 0.0416117683
0.0416117683 2.3948536971 0.0416117683 0.0416117683 0.0416117683 0.0416117683 0.0416117683 0.0416117683 0.0416117683 0.0416117683 0.0416117683 1.6883698394 0.0416117683 0.0416117683 0.0416117683
0.0416117683 8.4635079476 0.0416117683 0.0416117683 0.0416117683 0.0416117683 0.0416117683 0.0416117683 0.0416117683 0.0416117683 0.0416117683 6.6197155889 0.0416117683 0.0416117683 0.0416117683
0.0416117683 2.3948536971 0.0416117683 0.0416117683 0.0416117683 0.0416117683 0.0416117683 0.0416117683 0.0416117683 0.0416117683 0.0416117683 1.6883698394 0.0416117683 0.0416117683 0.0416117683
0.0416117683 8.4635079476 0.0416117683 0.0416117683 0.0416117683 0.0416117683 0.0416117683 0.0416117683 0.0416117683 0.0416117683 0.0416117683 6.6197155889 0.0416117683 0.0416117683 0.0416117683
0.0416117683 17.8941840195 0.0416117683 0.0416117683 0.0416117683 0.0416117683 0.0416117683 0.0416117683 0.0416117683 0.0416117683 0.0416117683 0.0416117683 1.1890395171 0.0416117683 0.0416117683
0.0416117683 38.5134087413 0.0416117683 0.0416117683 0.0416117683 0.0416117683 0.0416117683 0.0416117683 0.0416117683 0.0416117683 3.2383256355 7.0217711891 1.4405244431 15.9940288324 0.0416117683
0.0416117683 0.0416117683 0.0416117683 0.0416117683 0.0416117683 0.0416117683 0.0416117683 0.0416117683 0.0416117683 0.0416117683 20.0416117681 0.0416117683 0.0416117683 0.0416117683 0.0416117683
0.0416117683 0.0416117683 0.0416117683 6.1582362018 0.0416117683 0.0416117683 0.0416117683 0.0416117683 0.0416117683 0.0416117683 0.0416117683 0.0416117683 3.9249873348 0.0416117683 0.0416117683
0.0416117683 0.0416117683 0.0416117683 0.0416117683 0.0416117683 0.0416117683 0.0416117683 0.0416117683 0.0416117683 0.0416117683 0.0416117683 0.0416117683 0.0416117683 2.0416117682 0.0416117683
0.0416117683 0.0416117683 1.3251579018 0.0416117683 0.0416117683 0.0416117683 0.0416117683 0.0416117683 0.0416117683 0.0416117683 0.0416117683 0.0416117683 3.8856137359 1.9140636672 0.0416117683
0.0416117683 0.0416117683 0.0416117683 0.0416117683 8.0416117682 0.0416117683 0.0416117683 0.0416117683 0.0416117683 0.0416117683 0.0416117683 0.0416117683 0.0416117683 0.0416117683 0.0416117683
0.0416117683 0.0416117683 0.0416117683 0.0416117683 0.0416117683 0.0416117683 0.0416117683 0.0416117683 0.0416117683 0.0416117683 0.0416117683 0.0416117683 0.0416117683 2.0416117682 0.0416117683
0.0416117683 0.0416117683 0.0416117683 6.0416117682 0.0416117683 0.0416117683 0.0416117683 0.0416117683 0.0416117683 0.0416117683 0.0416117683 0.0416117683 0.0416117683 0.0416117683 0.0416117683
0.0416117683 0.0416117683 0.0416117683 0.0416117683 0.0416117683 0.0416117683 0.0416117683 18.0416117683 0.0416117683 0.0416117683 0.0416117683 0.0416117683 0.0416117683 0.0416117683 0.0416117683
0.0416117683 0.0416117683 1.3251579018 0.0416117683 0.0416117683 0.0416117683 0.0416117683 0.0416117683 0.0416117683 0.0416117683 0.0416117683 0.0416117683 3.8856137359 1.9140636672 0.0416117683
0.0416117684 0.0416117683 0.0416117683 0.0416117683 4.0416117682 0.0416117683 0.0416117683 0.0416117683 0.0416117683 0.0416117683 0.0416117683 0.0416117683 0.0416117683 0.0416117683 0.0416117683
0.0416117683 0.0416117683 0.0416117683 0.0416117683 0.0416117683 26.0416117682 0.0416117683 0.0416117683 0.0416117683 0.0416117683 0.0416117683 0.0416117683 0.0416117683 0.0416117683 0.0416117683
0.0416117683 0.0416117683 0.0416117683 0.0416117683 0.0416117683 0.0416117683 0.0416117683 0.0416117683 0.0416117683 0.0416117683 0.0416117683 0.0416117683 0.0416117683 7.0416117682 0.0416117683
0.0416117683 0.0416117683 0.0416117683 0.0416117683 0.0416117684 11.6460707584 13.4371527780 0.0416117683 0.0416117683 0.0416117683 0.0416117684 0.0416117683 0.0416117683 0.0416117683 0.0416117683
0.0416117683 0.0416117683 0.0416117683 4.3317609919 0.0416117683 0.0416117683 1.9199205097 0.0416117683 0.0416117683 1.8731538032 0.0416117683 0.0416117683 0.0416117683 0.0416117683 0.0416117683
0.0416117683 0.0416117683 0.0416117683 0.0416117683 7.0416117682 0.0416117683 0.0416117683 0.0416117683 0.0416117683 0.0416117683 0.0416117683 0.0416117683 0.0416117683 0.0416117683 0.0416117683
0.0416117683 0.0416117683 0.0416117683 0.0416117683 0.0416117683 23.0416117682 0.0416117683 0.0416117683 0.0416117683 0.0416117683 0.0416117683 0.0416117683 0.0416117683 0.0416117683 0.0416117683
0.0416117683 0.0416117683 0.0416117683 0.0416117683 0.0416117683 0.0416117683 0.0416117683 0.0416117683 0.0416117683 0.0416117683 1.5986749045 0.0416117683 0.0416117684 10.4845486319 0.0416117683
0.0416117683 0.0416117683 0.0416117683 6.0416117683 0.0416117683 0.0416117683 0.0416117683 0.0416117683 0.0416117683 0.0416117683 0.0416117683 0.0416117683 0.0416117683 0.0416117683 0.0416117683
0.0416117683 0.0416117683 0.0416117683 0.0416117683 0.0416117683 0.0416117683 0.0416117683 4.0416117683 0.0416117683 0.0416117683 0.0416117683 0.0416117683 0.0416117683 0.0416117683 0.0416117683
0.0416117683 0.0416117683 0.0416117683 0.0416117683 1.1608745266 0.0416117683 2.0135291546 0.0416117683 0.0416117683 1.9504316237 0.0416117683 0.0416117683 0.0416117683 0.0416117683 0.0416117683
0.0416117683 0.0416117683 0.0416117683 0.0416117683 0.0416117683 0.0416117683 0.0416117683 11.9593832090 0.0416117683 0.0416117683 0.0416117683 1.1238403275 0.0416117683 0.0416117683 0.0416117683
0.0416117683 0.0416117683 0.0416117683 0.0416117683 0.0416117683 0.0416117683 0.0416117683 4.0416117683 0.0416117683 0.0416117683 0.0416117683 0.0416117683 0.0416117683 0.0416117683 0.0416117683
0.0416117683 0.0416117683 0.0416117683 8.0416117683 0.0416117683 0.0416117683 0.0416117683 0.0416117683 0.0416117683 0.0416117683 0.0416117683 0.0416117683 0.0416117683 0.0416117683 0.0416117683
0.0416117683 0.0416117683 0.0416117683 0.0416117683 0.0416117683 1.3497801920 3.1878472149 0.0416117683 0.0416117683 0.0416117683 0.0416117683 0.0416117683 0.0416117683 0.0416117683 8.5872078979
0.0416117683 0.0416117683 0.0416117683 0.0416117683 5.0416117683 0.0416117683 0.0416117683 0.0416117683 0.0416117683 0.0416117683 0.0416117683 0.0416117683 0.0416117683 0.0416117683 0.0416117683
0.0416117683 0.0416117683 0.0416117683 0.0416117683 4.1346421059 0.0416117683 0.0416117683 0.0416117683 0.0416117683 0.0416117683 0.0416117683 0.0416117684 0.0416117683 4.9485814306 0.0416117683
0.0416117683 16.8748614937 0.0416117683 0.0416117683 0.0416117683 0.0416117683 1.2083620428 0.0416117683 0.0416117683 0.0416117683 0.0416117683 0.0416117683 0.0416117683 0.0416117683 0.0416117683
3.0416117683 0.0416117683 0.0416117683 0.0416117683 0.0416117683 0.0416117683 0.0416117683 0.0416117683 0.0416117683 0.0416117683 0.0416117683 0.0416117683 0.0416117683 0.0416117683 0.0416117683
0.0416117683 0.0416117683 0.0416117683 0.0416117683 0.0416117683 5.0416117682 0.0416117683 0.0416117683 0.0416117683 0.0416117683 0.0416117683 0.0416117683 0.0416117683 0.0416117683 0.0416117683
0.0416117683 0.0416117683 0.0416117683 5.7781052977 0.0416117683 0.0416117683 0.0416117683 1.3051182388 0.0416117683 0.0416117683 0.0416117683 0.0416117683 0.0416117683 0.0416117683 0.0416117683
0.0416117683 1.2248981710 0.0416117683 0.0416117683 0.0416117683 0.0416117683 0.0416117683 0.0416117683 0.0416117683 0.0416117683 0.0416117683 0.0416117684 0.0416117683 11.8583253655 0.0416117683
0.0416117683 0.0416117683 0.0416117683 6.0416117682 0.0416117683 0.0416117683 0.0416117683 0.0416117683 0.0416117683 0.0416117683 0.0416117683 0.0416117683 0.0416117683 0.0416117683 0.0416117683
0.0416117683 0.0416117683 0.0416117683 0.0416117683 0.0416117683 0.0416117683 0.0416117683 0.0416117683 1.8690589791 0.0416117683 0.0416117683 0.0416117683 0.0416117683 11.2141645575 0.0416117683
0.0416117683 0.0416117683 0.0416117683 0.0416117683 7.8130828294 0.0416117683 0.0416117683 0.0416117683 0.0416117683 0.0416117683 7.9030469975 0.0416117683 0.0416117683 0.0416117683 10.4087054779
0.0416117683 0.0416117683 0.0416117683 0.0416117683 0.0416117683 12.0199458256 0.0416117683 4.6394211412 0.0416117683 0.0416117683 0.0416117683 0.0416117683 0.0416117683 1.4654683380 0.0416117683
0.0416117683 0.0416117683 2.0683357363 0.0416117683 0.0416117683 0.0416117683 0.0416117683 12.0148878001 0.0416117683 0.0416117683 0.0416117683 0.0416117683 0.0416117684 0.0416117683 0.0416117683
3.0416117682 0.0416117683 0.0416117684 0.0416117683 0.0416117683 0.0416117683 0.0416117683 0.0416117683 0.0416117683 0.0416117683 0.0416117683 0.0416117683 0.0416117683 0.0416117683 0.0416117683
0.0416117683 0.0416117683 0.0416117683 0.0416117683 10.5435407686 0.0416117683 0.0416117683 0.0416117683 0.0416117683 2.5396827679 0.0416117683 0.0416117683 0.0416117683 0.0416117683 0.0416117683
0.0416117683 0.0416117683 0.0416117683 0.0416117683 0.0416117683 0.0416117683 7.0416117683 0.0416117683 0.0416117683 0.0416117683 0.0416117683 0.0416117683 0.0416117683 0.0416117683 0.0416117683
0.0416117683 0.0416117683 0.0416117683 4.8876023029 0.0416117683 0.0416117683 0.0416117683 1.2250445612 0.0416117683 0.0416117683 0.0416117683 0.0416117683 0.0416117683 0.0416117683 9.0121884406
0.0416117683 0.0416117683 0.0416117683 0.0416117683 0.0416117683 0.0416117683 14.0416117682 0.0416117683 0.0416117683 0.0416117683 0.0416117683 0.0416117683 0.0416117683 0.0416117683 0.0416117683
0.0416117683 0.0416117683 0.0416117683 3.8561424872 0.0416117683 0.0416117683 5.0142492798 0.0416117683 0.0416117683 0.0416117683 0.0416117683 0.0416117683 3.9364750136 7.3595802924 0.0416117683
0.0416117683 0.0416117683 0.0416117683 6.0416117683 0.0416117683 0.0416117683 0.0416117683 0.0416117683 0.0416117683 0.0416117683 0.0416117683 0.0416117683 0.0416117683 0.0416117683 0.0416117683
0.0416117683 0.0416117683 0.0416117683 0.0416117683 0.0416117683 0.0416117683 0.0416117683 0.0416117683 0.0416117683 0.0416117683 0.0416117683 0.0416117683 0.0416117683 7.0416117682 0.0416117683
0.0416117683 0.0416117683 0.0416117683 0.0416117683 0.0416117683 0.0416117683 0.0416117683 0.0416117683 0.0416117683 0.0416117683 22.0416117682 0.0416117683 0.0416117683 0.0416117683 0.0416117683
0.0416117683 0.0416117683 0.0416117683 0.0416117683 0.0416117683 0.0416117683 0.0416117683 0.0416117683 0.0416117683 0.0416117683 0.0416117683 0.0416117683 2.9456514899 12.1375720466 0.0416117683
0.0416117683 0.0416117683 0.0416117683 0.0416117683 0.0416117683 12.0199458256 0.0416117683 4.6394211412 0.0416117683 0.0416117683 0.0416117683 0.0416117683 0.0416117683 1.4654683380 0.0416117683
0.0416117683 0.0416117683 1.1292500352 0.0416117683 0.0416117683 0.0416117683 0.0416117683 0.0416117683 0.0416117684 0.0416117683 0.0416117683 0.0416117683 1.9539735010 0.0416117685 0.0416117683
0.0416117683 0.0416117683 0.0416117683 0.0416117683 0.0416117683 0.0416117683 0.0416117683 0.0416117683 0.0416117683 0.0416117683 8.0416117683 0.0416117683 0.0416117683 0.0416117683 0.0416117683
0.0416117683 0.0416117683 0.0416117683 0.0416117683 0.0416117683 0.0416117683 0.0416117683 0.0416117683 0.0416117683 0.0416117683 0.0416117683 2.4456834255 0.0416117683 16.6375401111 0.0416117683
0.0416117683 0.0416117683 0.0416117683 0.0416117683 0.0416117683 0.0416117683 0.0416117683 0.0416117683 0.0416117683 0.0416117683 0.0416117683 0.0416117683 0.0416117683 0.0416117683 10.0416117682
0.0416117683 0.0416117683 0.0416117683 11.0416117683 0.0416117683 0.0416117683 0.0416117683 0.0416117683 0.0416117683 0.0416117683 0.0416117683 0.0416117683 0.0416117683 0.0416117683 0.0416117683
0.0416117683 0.0416117683 0.0416117683 0.0416117683 0.0416117683 0.0416117683 0.0416117683 0.0416117683 0.0416117683 0.0416117683 8.0416117683 0.0416117683 0.0416117683 0.0416117683 0.0416117683
0.0416117683 0.0416117683 0.0416117683 11.0416117683 0.0416117683 0.0416117683 0.0416117683 0.0416117683 0.0416117683 0.0416117683 0.0416117683 0.0416117683 0.0416117683 0.0416117683 0.0416117683
0.0416117683 0.0416117683 0.0416117683 0.0416117684 0.0416117683 1.4989882674 0.0416117683 0.0416117683 0.0416117683 0.0416117683 0.0416117683 4.5842352691 0.0416117683 0.0416117683 0.0416117683
0.0416117683 0.0416117683 0.0416117683 0.0416117683 0.0416117683 0.0416117683 0.0416117683 0.0416117683 0.0416117683 0.0416117683 0.0416117683 0.0416117683 2.9677257126 0.0416117683 2.1154978239
0.0416117683 0.0416117683 0.0416117683 0.0416117683 0.0416117683 0.0416117683 10.0416117683 0.0416117683 0.0416117683 0.0416117683 0.0416117683 0.0416117683 0.0416117683 0.0416117683 0.0416117683
0.0416117683 0.0416117683 0.0416117683 0.0416117683 0.0416117683 0.0416117683 0.0416117683 0.0416117683 0.0416117683 0.0416117683 1.5710105306 2.5122130059 0.0416117683 0.0416117684 0.0416117683
0.0416117684 0.0416117683 0.0416117683 0.0416117683 3.0434558108 2.0397677257 0.0416117683 0.0416117683 0.0416117683 0.0416117683 0.0416117683 0.0416117683 0.0416117683 0.0416117683 0.0416117683
0.0416117683 0.0416117683 0.0416117683 0.0416117683 0.0416117683 0.0416117683 0.0416117683 0.0416117683 0.0416117683 0.0416117683 2.0416117683 0.0416117683 0.0416117683 0.0416117683 0.0416117683
0.0416117683 0.0416117683 0.0416117683 0.0416117683 0.0416117683 0.0416117683 0.0416117683 0.0416117683 0.0416117683 0.0416117683 12.0416117682 0.0416117683 0.0416117683 0.0416117683 0.0416117683
0.0416117683 1.2248981710 0.0416117683 0.0416117683 0.0416117683 0.0416117683 0.0416117683 0.0416117683 0.0416117683 0.0416117683 0.0416117683 0.0416117684 0.0416117683 11.8583253655 0.0416117683
0.0416117683 0.0416117683 0.0416117683 0.0416117683 0.0416117683 0.0416117683 0.0416117683 0.0416117683 0.0416117683 0.0416117683 0.0416117683 0.0416117683 0.0416117683 0.0416117683 2.0416117682
0.0416117683 0.0416117683 0.0416117683 0.0416117683 0.0416117683 0.0416117683 9.0416117682 0.0416117683 0.0416117683 0.0416117683 0.0416117683 0.0416117683 0.0416117683 0.0416117683 0.0416117683
0.0416117683 0.0416117683 0.0416117683 0.0416117683 0.0416117683 0.0416117683 0.0416117683 0.0416117683 0.0416117683 0.0416117683 0.0416117683 0.0416117683 0.0416117683 11.0416117682 0.0416117683
0.0416117683 3.0416117683 0.0416117683 0.0416117683 0.0416117683 0.0416117683 0.0416117683 0.0416117683 0.0416117683 0.0416117683 0.0416117683 0.0416117683 0.0416117683 0.0416117683 0.0416117683
0.0416117683 0.0416117683 0.0416117683 0.0416117683 0.0416117683 0.0416117683 0.0416117683 0.0416117683 0.0416117683 0.0416117683 0.0416117683 0.0416117683 0.0416117683 0.0416117683 2.0416117682
0.0416117683 0.0416117683 0.0416117683 0.0416117683 0.0416117683 0.0416117683 9.0416117682 0.0416117683 0.0416117683 0.0416117683 0.0416117683 0.0416117683 0.0416117683 0.0416117683 0.0416117683
0.0416117683 3.0416117683 0.0416117683 0.0416117683 0.0416117683 0.0416117683 0.0416117683 0.0416117683 0.0416117683 0.0416117683 0.0416117683 0.0416117683 0.0416117683 0.0416117683 0.0416117683
0.0416117683 0.0416117683 0.0416117683 0.0416117683 0.0416117683 0.0416117683 9.0416117682 0.0416117683 0.0416117683 0.0416117683 0.0416117683 0.0416117683 0.0416117683 0.0416117683 0.0416117683
0.0416117683 0.0416117683 0.0416117683 0.0416117683 0.0416117683 0.0416117683 0.0416117683 0.0416117683 0.0416117683 0.0416117683 0.0416117683 0.0416117683 0.0416117683 8.0416117682 0.0416117683
0.0416117683 0.0416117683 0.0416117683 6.1582362018 0.0416117683 0.0416117683 0.0416117683 0.0416117683 0.0416117683 0.0416117683 0.0416117683 0.0416117683 3.9249873348 0.0416117683 0.0416117683
0.0416117683 0.0416117683 0.0416117683 6.0416117683 0.0416117683 0.0416117683 0.0416117683 0.0416117683 0.0416117683 0.0416117683 0.0416117683 0.0416117683 0.0416117683 0.0416117683 0.0416117683
0.0416117683 0.0416117683 0.0416117683 6.0416117683 0.0416117683 0.0416117683 0.0416117683 0.0416117683 0.0416117683 0.0416117683 0.0416117683 0.0416117683 0.0416117683 0.0416117683 0.0416117683
0.0416117683 0.0416117683 0.0416117683 0.0416117683 0.0416117683 12.0199458256 0.0416117683 4.6394211412 0.0416117683 0.0416117683 0.0416117683 0.0416117683 0.0416117683 1.4654683380 0.0416117683
0.0416117683 0.0416117683 0.0416117683 0.0416117683 0.0416117683 0.0416117683 6.3792039957 0.0416117683 0.0416117683 10.7040195409 0.0416117683 0.0416117683 0.0416117683 0.0416117683 0.0416117683
0.0416117683 4.0262208333 0.0416117683 0.0416117683 0.0416117683 1.6127268167 8.3189977887 0.0416117683 0.0416117683 0.0416117683 0.0416117683 0.0416117683 0.0416117683 1.2085016343 0.0416117683
0.0416117683 0.0416117683 0.0416117683 0.0416117683 0.0416117683 0.0416117683 0.0416117683 9.0416117682 0.0416117683 0.0416117683 0.0416117683 0.0416117683 0.0416117683 0.0416117683 0.0416117683
0.0416117683 4.0262208333 0.0416117683 0.0416117683 0.0416117683 1.6127268167 8.3189977887 0.0416117683 0.0416117683 0.0416117683 0.0416117683 0.0416117683 0.0416117683 1.2085016343 0.0416117683
0.0416117683 4.0262208333 0.0416117683 0.0416117683 0.0416117683 1.6127268167 8.3189977887 0.0416117683 0.0416117683 0.0416117683 0.0416117683 0.0416117683 0.0416117683 1.2085016343 0.0416117683
0.0416117683 0.0416117683 0.0416117683 0.0416117683 0.0416117683 0.0416117683 0.0416117683 0.0416117683 0.0416117683 0.0416117683 0.0416117683 0.0416117683 0.0416117683 3.0416117683 0.0416117683
0.0416117683 0.0416117683 0.0416117683 0.0416117683 0.0416117683 12.0199458256 0.0416117683 4.6394211412 0.0416117683 0.0416117683 0.0416117683 0.0416117683 0.0416117683 1.4654683380 0.0416117683
0.0416117683 0.0416117683 0.0416117683 0.0416117683 0.0416117683 0.0416117683 0.0416117683 18.0416117683 0.0416117683 0.0416117683 0.0416117683 0.0416117683 0.0416117683 0.0416117683 0.0416117683
0.0416117683 0.0416117683 0.0416117683 0.0416117683 7.0416117683 0.0416117683 0.0416117683 0.0416117683 0.0416117683 0.0416117683 0.0416117683 0.0416117683 0.0416117683 0.0416117683 0.0416117683
0.0416117683 0.0416117683 0.0416117683 0.0416117683 1.3547746112 0.0416117683 0.0416117683 0.0416117683 0.0416117683 0.0416117683 3.7284489252 0.0416117683 0.0416117683 0.0416117683 0.0416117683
0.0416117683 0.0416117683 0.0416117683 0.0416117683 0.0416117683 0.0416117683 0.0416117683 0.0416117683 0.0416117683 0.0416117683 0.0416117683 0.0416117683 3.0480809657 16.0351425708 0.0416117683
0.0416117683 0.0416117683 0.0416117683 0.0416117683 0.0416117683 0.0416117683 0.0416117683 0.0416117683 0.0416117683 0.0416117683 14.0416117681 0.0416117683 0.0416117683 0.0416117683 0.0416117683
0.0416117683 0.0416117683 0.0416117683 0.0416117683 0.0416117683 0.0416117683 0.0416117683 0.0416117683 0.0416117683 0.0416117683 0.0416117683 0.0416117683 20.5836833354 0.0416117683 7.4995402010
0.0416117683 3.4664317455 0.0416117683 0.0416117683 0.0416117683 0.0416117683 0.0416117683 0.0416117683 0.0416117683 0.0416117683 0.0416117683 0.0416117683 0.0416117683 0.0416117683 9.6167917911
0.0416117683 0.0416117683 0.0416117683 0.0416117683 0.0416117683 0.0416117683 0.0416117683 0.0416117683 0.0416117683 0.0416117683 14.0416117681 0.0416117683 0.0416117683 0.0416117683 0.0416117683
0.0416117683 0.0416117683 0.0416117683 0.0416117683 0.0416117683 0.0416117683 0.0416117683 0.0416117683 0.0416117683 0.0416117683 0.0416117683 0.0416117683 0.0416117683 4.0416117682 0.0416117683
0.0416117683 0.0416117683 0.0416117683 0.0416117683 0.0416117683 0.0416117683 0.0416117683 18.0416117683 0.0416117683 0.0416117683 0.0416117683 0.0416117683 0.0416117683 0.0416117683 0.0416117683
0.0416117683 0.0416117683 0.0416117683 0.0416117683 0.0416117683 8.7049110890 0.0416117683 0.0416117683 0.0416117683 0.0416117683 1.3783124475 0.0416117683 0.0416117683 0.0416117683 0.0416117683
0.0416117683 0.0416117683 0.0416117683 0.0416117683 0.0416117683 17.0416117682 0.0416117683 0.0416117683 0.0416117683 0.0416117683 0.0416117683 0.0416117683 0.0416117683 0.0416117683 0.0416117683
0.0416117683 3.4664317455 0.0416117683 0.0416117683 0.0416117683 0.0416117683 0.0416117683 0.0416117683 0.0416117683 0.0416117683 0.0416117683 0.0416117683 0.0416117683 0.0416117683 9.6167917911
0.0416117683 0.0416117683 0.0416117683 0.0416117683 7.8130828294 0.0416117683 0.0416117683 0.0416117683 0.0416117683 0.0416117683 7.9030469975 0.0416117683 0.0416117683 0.0416117683 10.4087054779
0.0416117683 0.0416117683 0.0416117683 0.0416117683 7.8130828294 0.0416117683 0.0416117683 0.0416117683 0.0416117683 0.0416117683 7.9030469975 0.0416117683 0.0416117683 0.0416117683 10.4087054779
7.0263169099 0.0416117683 0.0416117683 0.0416117683 0.0416117683 0.0416117683 2.6885308493 0.0416117683 2.6595436220 0.0416117683 0.0416117683 0.0416117683 0.0416117683 0.0416117683 3.7920556919
0.0416117683 0.0416117683 0.0416117683 0.0416117683 0.0416117683 0.0416117683 0.0416117683 0.0416117683 0.0416117683 0.0416117683 0.0416117683 0.0416117683 20.5836833354 0.0416117683 7.4995402010
0.0416117683 1.5105209400 0.0416117683 0.0416117683 0.0416117683 0.0416117683 0.0416117683 0.0416117683 3.6462986325 0.0416117683 0.0416117683 0.0416117683 1.4821938553 0.0416117683 4.5274336454
0.0416117683 0.0416117683 0.0416117683 0.0416117683 0.0416117683 8.7049110890 0.0416117683 0.0416117683 0.0416117683 0.0416117683 1.3783124475 0.0416117683 0.0416117683 0.0416117683 0.0416117683
0.0416117683 0.0416117683 0.0416117683 0.0416117683 0.0416117683 0.0416117683 0.0416117683 0.0416117683 0.0416117683 0.0416117683 0.0416117683 0.0416117683 20.5836833354 0.0416117683 7.4995402010
0.0416117683 0.0416117683 0.0416117683 0.0416117683 0.0416117683 17.0416117682 0.0416117683 0.0416117683 0.0416117683 0.0416117683 0.0416117683 0.0416117683 0.0416117683 0.0416117683 0.0416117683
