0.0957202183 0.0957243965 0.0957202166 4.3078360222 7.3985532953 3.1076086587 0.0957258550 0.0957202211 0.0957202182 0.0957202279 0.0957252024 0.0957286909 1.5688403204 0.0957237419 0.0957359641
0.0957209324 0.0957241217 0.0957208523 0.0957231965 28.6397455062 2.1800048738 1.4673718224 0.0957216722 0.0957208622 0.0957204169 0.0957285013 0.0957228217 0.0957303274 0.0957203705 0.0957269718
0.0957425031 0.0957226384 0.0957202166 0.0957202167 0.0957229248 0.0957260738 2.9976249382 3.1159175179 0.0957202167 0.0957239540 0.0957308833 0.0957269953 0.0957311629 0.0957664908 2.1735065168
0.0957457644 0.0957258451 0.0957202166 0.0957202167 0.0957232872 0.0957340599 0.0957306082 0.0957339484 0.0957203961 1.7025646661 0.0957353042 0.0957351327 3.4887570252 0.0957202166 0.0957365621
0.0957209324 0.0957241217 0.0957208523 0.0957231965 28.6397455062 2.1800048738 1.4673718224 0.0957216722 0.0957208622 0.0957204169 0.0957285013 0.0957228217 0.0957303274 0.0957203705 0.0957269718
0.0957202166 0.0957206321 0.0957316375 0.0957211474 0.0957202171 0.0957202166 0.0957202186 0.0957225361 0.0957223173 0.0957240011 0.0957202166 9.0956819187 0.0957223745 0.0957353785 0.0957202207
0.0957204343 0.0957218706 0.0957202166 0.0957204387 0.0957210621 20.0957005792 0.0957217089 0.0957211866 0.0957204828 0.0957220767 0.0957238728 0.0957209701 0.0957269867 0.0957203010 0.0957210624
4.0956534993 0.0957211242 0.0957279719 0.0957202166 0.0957242918 0.0957203859 0.0957313310 0.0957225851 0.0957224738 0.0957314561 0.0957319521 0.0957463446 0.0957378472 11.0956877764 0.0957239934
0.0957249052 1.1997199520 8.7583230601 0.0957202166 0.0957204957 0.0957213409 0.0957404834 0.0957259977 0.0957218941 0.0957212491 0.0957302506 1.3290699966 0.0957206409 0.0957218658 0.0957209009
0.0957549194 0.0957202166 0.0957202166 0.0957202166 0.0957215179 0.0957203449 0.0957282276 0.0957222550 0.0957205106 0.0957355240 0.0957365898 0.0957448641 3.0955929528 0.0957226100 0.0957422835
4.0956534993 0.0957211242 0.0957279719 0.0957202166 0.0957242918 0.0957203859 0.0957313310 0.0957225851 0.0957224738 0.0957314561 0.0957319521 0.0957463446 0.0957378472 11.0956877764 0.0957239934
0.0957202166 0.0957262161 0.0957234841 2.7016352252 0.0957368885 0.0957237722 0.0957223153 0.0957202170 0.0957202204 0.0957315012 0.0957349801 0.0957272192 0.0957431880 6.4897102082 0.0957275974
0.0957208879 0.0957241555 0.0957259897 3.5395161019 0.0957300170 0.0957221272 0.0957225189 0.0957202170 0.0957202191 0.0957283940 0.0957298923 0.0957257986 0.0957356215 13.6518569041 0.0957244047
0.0957202166 0.0957262161 0.0957234841 2.7016352252 0.0957368885 0.0957237722 0.0957223153 0.0957202170 0.0957202204 0.0957315012 0.0957349801 0.0957272192 0.0957431880 6.4897102082 0.0957275974
0.0957208879 0.0957241555 0.0957259897 3.5395161019 0.0957300170 0.0957221272 0.0957225189 0.0957202170 0.0957202191 0.0957283940 0.0957298923 0.0957257986 0.0957356215 13.6518569041 0.0957244047
0.0957357028 0.0957202166 0.0957409163 0.0957202166 1.0957201636 0.0957202167 0.0957230176 0.0957304826 0.0957202184 0.0957231037 0.0957235366 4.0956512663 0.0957228960 0.0957229206 0.0957283750
0.0957208879 0.0957241555 0.0957259897 3.5395161019 0.0957300170 0.0957221272 0.0957225189 0.0957202170 0.0957202191 0.0957283940 0.0957298923 0.0957257986 0.0957356215 13.6518569041 0.0957244047
0.0957202166 0.0957262161 0.0957234841 2.7016352252 0.0957368885 0.0957237722 0.0957223153 0.0957202170 0.0957202204 0.0957315012 0.0957349801 0.0957272192 0.0957431880 6.4897102082 0.0957275974
0.0957202166 0.0957202166 0.0957330445 5.4208414850 2.9792821459 0.0957202166 0.0957202176 2.8867271089 0.0957202166 0.0957219964 0.0957202167 0.0957226700 0.0957285552 4.0960047153 0.0957202275
0.0957202185 6.9247919330 0.0957206497 10.3656562756 0.0957294539 2.8174475615 0.0957277187 0.0957209202 0.0957217415 0.0957256601 0.0957303886 0.0957235209 2.2977310073 0.0957202232 1.0729359769
0.0957202166 0.0957202166 0.0957317813 0.0957202166 0.0957202166 0.0957202166 0.0957202173 4.0957001820 0.0957202166 0.0957214025 0.0957202166 0.0957235507 0.0957202166 0.0957241588 0.0957202238
0.0957209049 0.0957211256 0.0957211100 17.0957081688 0.0957212952 0.0957211359 0.0957210248 0.0957202167 0.0957202191 0.0957217358 0.0957218056 0.0957210340 0.0957221215 0.0957208022 0.0957205494
0.0957322334 0.0957237360 0.0957280609 0.0957319965 0.0957205209 0.0957241964 0.0957226777 0.0957246314 0.0957221547 0.0957261049 0.0957253846 10.0956457542 0.0957263183 0.0957261976 0.0957232821
1.0956623865 0.0957202166 0.0957202166 4.0957202152 0.0957202166 0.0957202167 0.0957207188 0.0957204841 0.0957202166 0.0957276150 0.0957286413 0.0957336475 0.0957270824 0.0957202166 0.0957411587
0.0957322334 0.0957237360 0.0957280609 0.0957319965 0.0957205209 0.0957241964 0.0957226777 0.0957246314 0.0957221547 0.0957261049 0.0957253846 10.0956457542 0.0957263183 0.0957261976 0.0957232821
0.0957459686 0.0957260265 0.0957216134 0.0957239075 0.0957234841 4.2107821135 0.0957336225 0.0957265730 0.0957204263 3.9805048616 0.0957421899 0.0957425993 0.0957468808 0.0957202234 0.0957427591
0.0957204343 0.0957218706 0.0957202166 0.0957204387 0.0957210621 20.0957005792 0.0957217089 0.0957211866 0.0957204828 0.0957220767 0.0957238728 0.0957209701 0.0957269867 0.0957203010 0.0957210624
0.0957209049 0.0957211256 0.0957211100 17.0957081688 0.0957212952 0.0957211359 0.0957210248 0.0957202167 0.0957202191 0.0957217358 0.0957218056 0.0957210340 0.0957221215 0.0957208022 0.0957205494
0.0957204343 0.0957218706 0.0957202166 0.0957204387 0.0957210621 20.0957005792 0.0957217089 0.0957211866 0.0957204828 0.0957220767 0.0957238728 0.0957209701 0.0957269867 0.0957203010 0.0957210624
0.0957204343 0.0957218706 0.0957202166 0.0957204387 0.0957210621 20.0957005792 0.0957217089 0.0957211866 0.0957204828 0.0957220767 0.0957238728 0.0957209701 0.0957269867 0.0957203010 0.0957210624
0.0957214010 0.0957205019 0.0957351452 0.0957202191 1.0957322589 0.0957202166 0.0957209682 0.0957343947 0.0957216513 0.0957267701 0.0957221530 13.0956524100 0.0957239407 0.0957263621 0.0957248568
4.2984498806 0.0957252086 0.0957202166 0.0957202166 0.0957208353 0.0957202776 0.0957264064 0.0957210893 0.0957239398 0.0957397197 0.0957312258 0.0957317376 3.8929113044 0.0957205296 0.0957406615
0.0957204061 0.0957220751 0.0957210273 14.6509024399 0.0957214181 0.0957202166 0.0957205121 0.0957427638 0.0957352335 0.0957371675 0.0957202167 0.0957330620 0.0957298758 3.5404551191 0.0957217159
0.0957202166 2.8105732801 0.0957202166 0.0957210213 0.0957218043 0.0957202166 0.0957208562 0.0957202167 0.0957600958 0.0957235395 0.0957217697 0.0957204151 3.3808107996 0.0957285848 0.0957202166
2.8147851422 0.0957247752 0.0957209291 0.0957340984 0.0957214670 0.0957247071 0.0957278159 0.0957221903 0.0957580571 0.0957343418 0.0957301513 1.1833318848 6.2889305037 0.0957203899 0.0957367957
0.0957202166 0.0957202166 0.0957299916 1.0955404787 0.0957277291 0.0957202166 0.0957202192 0.0957202168 0.0957202166 0.0957202181 0.0957219665 0.0957231673 0.0957234183 5.0958747607 0.0957202166
2.8147851422 0.0957247752 0.0957209291 0.0957340984 0.0957214670 0.0957247071 0.0957278159 0.0957221903 0.0957580571 0.0957343418 0.0957301513 1.1833318848 6.2889305037 0.0957203899 0.0957367957
0.0957202195 4.2008540544 0.0957213711 4.2964870471 0.0957282563 3.5065633089 0.0957285375 0.0957212080 0.0957233347 0.0957327220 0.0957302326 0.0957263645 0.0957434581 0.0957202342 1.3789029006
2.8147851422 0.0957247752 0.0957209291 0.0957340984 0.0957214670 0.0957247071 0.0957278159 0.0957221903 0.0957580571 0.0957343418 0.0957301513 1.1833318848 6.2889305037 0.0957203899 0.0957367957
0.0957202166 0.0957202166 0.0957299916 1.0955404787 0.0957277291 0.0957202166 0.0957202192 0.0957202168 0.0957202166 0.0957202181 0.0957219665 0.0957231673 0.0957234183 5.0958747607 0.0957202166
2.8147851422 0.0957247752 0.0957209291 0.0957340984 0.0957214670 0.0957247071 0.0957278159 0.0957221903 0.0957580571 0.0957343418 0.0957301513 1.1833318848 6.2889305037 0.0957203899 0.0957367957
0.0957249580 0.0957204614 0.0957269417 0.0957207649 0.0957202169 0.0957202166 0.0957202191 0.0957215830 0.0957214541 0.0957277946 0.0957202166 15.0956863337 0.0957214878 0.0957303820 0.0957202190
6.3198014519 0.0957202166 0.0957202166 0.0957202166 0.0957202166 0.0957202781 0.0957206557 0.0957242540 0.0957202166 1.8716182185 0.0957224701 0.0957265983 0.0957209558 0.0957212563 0.0957260276
0.0957202166 0.0957262311 0.0957245238 2.0362875804 0.0957203942 0.0957216647 2.1306508300 0.0957202171 0.0957202199 0.0957353714 0.0957383194 0.0957254139 0.0957392918 0.0957617784 1.1201111968
1.0883903870 0.0957202166 0.0957245675 1.0957202068 0.0957202170 0.0957264028 1.1652500960 0.0957263830 0.0957202166 0.0957202166 0.0957212896 0.0957216596 1.1000553373 0.0957202166 5.0291658362
0.0957246646 0.0957259898 0.0957246645 3.8990561956 0.0957293533 1.2922880597 0.0957314322 0.0957246645 0.0957246645 0.0957246645 0.0957293415 0.0957299916 0.0957251261 0.0957246645 0.0957397726
0.0957222641 0.0957244361 0.0957222617 0.0957222617 8.8043586576 1.3870234816 0.0957315511 0.0957222684 0.0957222618 0.0957222632 0.0957255346 0.0957222617 0.0957382389 0.0957222617 0.0957232452
0.0957202189 0.0957247321 0.0957214014 0.0957268990 0.0957218812 1.1505345958 0.0957316636 0.0957202229 0.0957202176 0.0957262859 0.0957306763 0.0957273992 4.0408394587 0.0957202357 0.0957373612
0.0957230783 0.0957245365 0.0957353572 0.0957230783 0.0957238906 0.0957230783 0.0957238757 0.0957230785 0.0957230783 0.0957230783 0.0957236101 0.0957302229 0.0957253134 7.0956548887 0.0957230843
0.0957235618 0.0957202247 0.0957202166 0.0957202166 0.0957202166 2.0957014237 0.0957202166 0.0957202166 1.0957099048 0.0957202177 0.0957202180 0.0957271813 0.0957390002 0.0957202166 0.0957202176
0.0957456616 0.0957202166 0.0957202166 0.0957202167 0.0957239055 0.0957205799 0.0957416949 0.0957253261 0.0957210499 0.0957451084 1.3479077357 0.0957564878 0.0957441185 0.0957202166 3.8433907148
0.0957202166 0.0957202166 0.0957412388 0.0957202166 0.0957212546 0.0957202166 0.0957202166 3.0956791862 0.0957242469 0.0957202167 0.0957202167 0.0957270718 0.0957209013 0.0957276168 0.0957202166
0.0957202166 0.0957202166 0.0957202166 0.0957202166 0.0957202166 0.0957202166 0.0957202166 0.0957202166 0.0957202166 0.0957202166 0.0957223819 0.0957241786 0.0957293221 2.0957049838 0.0957202166
0.0957216689 0.0957222998 6.0316708485 0.0957202166 0.0957206560 0.0957202166 0.0957202177 1.1597603294 0.0957202166 0.0957202166 0.0957202195 0.0957229847 0.0957202166 0.0957227252 0.0957202166
0.0957202166 0.0957260665 0.0957318427 0.0957581170 0.0957215035 2.5434481367 1.4772513611 0.0957202169 0.0957202183 0.0957278459 0.0957274803 0.0957298560 2.2641516240 4.0979432493 0.0957255146
0.0957300173 0.0957326966 0.0957339971 0.0957555070 0.0957202176 1.9445291607 0.0957247918 0.0957202174 0.0957202528 0.0957455926 0.0957424317 2.2467509229 0.0957520727 0.0957202517 0.0957251197
2.7014437940 0.0957202166 0.0957202166 0.0957203044 0.0957230430 0.0957351682 0.0957350506 0.0957202641 0.0957202166 0.0957238416 0.0957243279 0.0957261183 0.0957217401 0.0957202166 2.4899487307
0.0957202166 0.0957248495 0.0957235344 0.0957289883 0.0957202171 0.0957213322 0.0957205241 0.0957202180 0.0957202192 2.0956738192 0.0957292023 0.0957242200 0.0957349238 0.0957202328 0.0957207521
0.0957202168 0.0957332196 0.0957222033 0.0957254669 0.0957202169 0.0957249392 0.0957204008 0.0957202169 0.0957275576 1.3341318878 2.8572460185 0.0957226137 0.0957404076 0.0957202268 0.0957276570
0.0957250960 0.0957205504 0.0957253514 0.0957202195 0.0957204559 0.0957202402 0.0957216624 0.0957205774 0.0957219583 0.0957256904 0.0957249753 10.3514332315 0.0957334436 1.8399665921 0.0957232052
0.0957303996 0.0957202166 0.0957202398 0.0957202166 0.0957202166 0.0957202167 0.0957216220 0.0957211261 0.0957202166 0.0957271018 1.2149447555 3.9589771101 0.0957226208 0.0957202166 3.1132169740
0.0957202166 0.0957235789 0.0957222429 5.0183227672 0.0957228754 0.0957202166 0.0957202167 0.0957202166 0.0957423749 0.0957509409 0.0957202168 0.0957396408 0.0957377037 2.1730171260 0.0957229154
0.0957202166 0.0957214172 0.0957261845 1.0954280530 0.0957390421 0.0957221707 0.0957202182 0.0957202167 0.0957202166 0.0957202175 0.0957260669 0.0957220039 0.0957290625 8.0959679464 0.0957202166
0.0957202166 0.0957202166 0.0957202166 1.9912348938 2.2001918053 0.0957286389 1.0957201519 0.0957202166 0.0957202166 0.0957202166 0.0957202260 0.0957222886 0.0957202166 0.0957235120 0.0957202166
1.0956623865 0.0957202166 0.0957202166 4.0957202152 0.0957202166 0.0957202167 0.0957207188 0.0957204841 0.0957202166 0.0957276150 0.0957286413 0.0957336475 0.0957270824 0.0957202166 0.0957411587
2.7014437940 0.0957202166 0.0957202166 0.0957203044 0.0957230430 0.0957351682 0.0957350506 0.0957202641 0.0957202166 0.0957238416 0.0957243279 0.0957261183 0.0957217401 0.0957202166 2.4899487307
0.0957250960 0.0957205504 0.0957253514 0.0957202195 0.0957204559 0.0957202402 0.0957216624 0.0957205774 0.0957219583 0.0957256904 0.0957249753 10.3514332315 0.0957334436 1.8399665921 0.0957232052
0.0957303996 0.0957202166 0.0957202398 0.0957202166 0.0957202166 0.0957202167 0.0957216220 0.0957211261 0.0957202166 0.0957271018 1.2149447555 3.9589771101 0.0957226208 0.0957202166 3.1132169740
0.0957202166 0.0957235789 0.0957222429 5.0183227672 0.0957228754 0.0957202166 0.0957202167 0.0957202166 0.0957423749 0.0957509409 0.0957202168 0.0957396408 0.0957377037 2.1730171260 0.0957229154
0.0957202166 0.0957214172 0.0957261845 1.0954280530 0.0957390421 0.0957221707 0.0957202182 0.0957202167 0.0957202166 0.0957202175 0.0957260669 0.0957220039 0.0957290625 8.0959679464 0.0957202166
0.0957202166 0.0957202166 0.0957202166 1.9912348938 2.2001918053 0.0957286389 1.0957201519 0.0957202166 0.0957202166 0.0957202166 0.0957202260 0.0957222886 0.0957202166 0.0957235120 0.0957202166
1.0956623865 0.0957202166 0.0957202166 4.0957202152 0.0957202166 0.0957202167 0.0957207188 0.0957204841 0.0957202166 0.0957276150 0.0957286413 0.0957336475 0.0957270824 0.0957202166 0.0957411587
0.0957202166 0.0957260665 0.0957318427 0.0957581170 0.0957215035 2.5434481367 1.4772513611 0.0957202169 0.0957202183 0.0957278459 0.0957274803 0.0957298560 2.2641516240 4.0979432493 0.0957255146
0.0957274810 0.0957202166 0.0957202166 0.0957202166 0.0957202166 0.0957202167 1.1000715911 0.0957208743 0.0957202166 0.0957220652 0.0957223214 0.0957235707 0.0957219322 0.0957202166 4.0913518972
0.0957303996 0.0957202166 0.0957202398 0.0957202166 0.0957202166 0.0957202167 0.0957216220 0.0957211261 0.0957202166 0.0957271018 1.2149447555 3.9589771101 0.0957226208 0.0957202166 3.1132169740
0.0957202166 0.0957210813 0.0957379334 3.0956153848 0.0957234274 0.0957202166 0.0957202166 0.0957202166 1.0957825171 0.0957202322 0.0957206838 0.0957256979 0.0957202166 0.0957230521 0.0957321563
2.0957128072 0.0957202166 0.0957202166 0.0957202166 0.0957202166 0.0957202426 0.0957202166 0.0957202166 0.0957202166 0.0957202166 1.0957275999 0.0957202169 0.0957202166 0.0957202166 0.0957202166
0.0957532190 0.0957212768 0.0957202166 0.0957202583 0.0957208317 0.0957707412 1.6220849906 2.6178270756 0.0957203539 0.0957472244 0.0957352258 0.0957337550 5.0470858287 0.0957202166 0.0957420351
0.0957202166 0.0957567108 0.0957202166 0.0957252604 0.0957301729 0.0957202174 0.0957202185 1.0957163897 0.0957249920 0.0957410762 0.0957202166 0.0957202166 2.0956469117 0.0957202166 0.0957202166
0.0957252346 0.0957261761 6.0956290656 0.0957374464 0.0957202171 0.0957269970 0.0957237001 0.0957253758 0.0957202349 0.0957321159 0.0957305962 0.0957267469 0.0957355708 0.0957210928 0.0957226790
0.0957289262 0.0957329897 0.0957355761 1.1830637240 0.0957216899 2.5198704112 0.0957322729 0.0957237023 0.0957225573 4.8703818226 0.0957271454 0.0957370069 3.7735471598 1.1316488498 0.0957294155
0.0957202289 0.0957202224 0.0957203069 0.0957202166 0.0957202166 0.0957202166 0.0957250123 0.0957202166 0.0957202176 1.8425431830 0.0957270260 1.3488604261 0.0957282671 0.0957206709 0.0957368217
0.0957202166 0.0957246544 0.0957202168 2.7282701075 0.0957202451 0.0957202166 0.0957202166 0.0957202166 0.0957202166 0.0957202166 0.0957202166 0.0957225184 0.0957254816 4.4631536267 0.0957248825
0.0957202166 1.0864599198 0.0957202299 2.0980093430 0.0957202229 1.1026895260 0.0957202166 0.0957202166 0.0957202166 0.0957202166 0.0957220582 0.0957202166 0.0957202167 0.0957202166 0.0957202166
0.0957202166 0.0957202166 0.0957202166 3.0957032134 0.0957220876 0.0957202166 0.0957202166 1.0952442717 0.0957202166 0.0957202166 0.0957202167 0.0957202166 0.0957202166 2.0962112938 0.0957202166
0.0957202166 0.0957202166 0.0957202167 4.0957090659 0.0957215661 0.0957202166 0.0957213760 0.0957202166 0.0957202166 0.0957202166 0.0957202166 0.0957202166 0.0957202166 2.0957260402 0.0957230349
3.0956204759 0.0957202166 0.0957202166 0.0957202166 0.0957225913 0.0957204505 0.0957338776 0.0957234217 0.0957209465 0.0957454474 0.0957338688 0.0957447271 0.0957334330 0.0957231345 0.0957202253
0.0957202166 0.0957241130 0.0957202470 0.0957202166 0.0957202166 0.0957353841 0.0957462090 0.0957202180 0.0957202166 0.0957202166 0.0957328897 1.0926863849 4.0986962873 0.0957202166 0.0957202166
2.0968877120 0.0957202166 0.0957202166 0.0957202166 0.0957202166 1.0944900703 0.0957320028 0.0957203239 0.0957202166 0.0957231831 0.0957237690 0.0957400993 0.0957361899 0.0957202166 0.0957285993
0.0957547658 0.0957202166 0.0957202166 0.0957202166 0.0957214734 0.0957203744 0.0957279334 0.0957270314 0.0957205006 3.0955956306 0.0957356931 0.0957434825 0.0957339348 0.0957202166 0.0957415629
1.0957202170 0.0957202166 1.0956957146 0.0957202166 0.0957202166 0.0957202166 0.0957202258 0.0957202173 0.0957202166 0.0957202166 0.0957202172 0.0957302537 0.0957202166 0.0957346708 0.0957202166
0.0957233847 0.0957237742 0.0957243290 4.0956765173 0.0957202169 0.0957244483 0.0957216646 0.0957202169 0.0957202281 0.0957272112 0.0957271938 0.0957231020 0.0957289884 0.0957202263 0.0957217479
0.0957202166 0.0957246544 0.0957202168 2.7282701075 0.0957202451 0.0957202166 0.0957202166 0.0957202166 0.0957202166 0.0957202166 0.0957202166 0.0957225184 0.0957254816 4.4631536267 0.0957248825
0.0957202166 1.0864599198 0.0957202299 2.0980093430 0.0957202229 1.1026895260 0.0957202166 0.0957202166 0.0957202166 0.0957202166 0.0957220582 0.0957202166 0.0957202167 0.0957202166 0.0957202166
0.0957532190 0.0957212768 0.0957202166 0.0957202583 0.0957208317 0.0957707412 1.6220849906 2.6178270756 0.0957203539 0.0957472244 0.0957352258 0.0957337550 5.0470858287 0.0957202166 0.0957420351
0.0957202166 0.0957567108 0.0957202166 0.0957252604 0.0957301729 0.0957202174 0.0957202185 1.0957163897 0.0957249920 0.0957410762 0.0957202166 0.0957202166 2.0956469117 0.0957202166 0.0957202166
0.0957252346 0.0957261761 6.0956290656 0.0957374464 0.0957202171 0.0957269970 0.0957237001 0.0957253758 0.0957202349 0.0957321159 0.0957305962 0.0957267469 0.0957355708 0.0957210928 0.0957226790
0.0957233847 0.0957237742 0.0957243290 4.0956765173 0.0957202169 0.0957244483 0.0957216646 0.0957202169 0.0957202281 0.0957272112 0.0957271938 0.0957231020 0.0957289884 0.0957202263 0.0957217479
0.0957289262 0.0957329897 0.0957355761 1.1830637240 0.0957216899 2.5198704112 0.0957322729 0.0957237023 0.0957225573 4.8703818226 0.0957271454 0.0957370069 3.7735471598 1.1316488498 0.0957294155
0.0957202289 0.0957202224 0.0957203069 0.0957202166 0.0957202166 0.0957202166 0.0957250123 0.0957202166 0.0957202176 1.8425431830 0.0957270260 1.3488604261 0.0957282671 0.0957206709 0.0957368217
0.0957202166 0.0957246544 0.0957202168 2.7282701075 0.0957202451 0.0957202166 0.0957202166 0.0957202166 0.0957202166 0.0957202166 0.0957202166 0.0957225184 0.0957254816 4.4631536267 0.0957248825
0.0957202166 1.0864599198 0.0957202299 2.0980093430 0.0957202229 1.1026895260 0.0957202166 0.0957202166 0.0957202166 0.0957202166 0.0957220582 0.0957202166 0.0957202167 0.0957202166 0.0957202166
0.0957259243 0.0957202166 0.0957202166 0.0957202166 0.0957202166 0.0957202166 0.0957203153 0.0957211964 0.0957202166 0.0957216692 0.0957218706 0.0957228522 0.0957215647 0.0957202166 5.0957063404
0.0957504256 0.0957275361 0.0957202166 0.0957202167 0.0957231766 0.0957381373 0.0957277913 0.0957368130 0.0957202167 1.4015999745 0.0957339163 0.0957313420 2.7897117192 0.0957202166 0.0957415507
0.0957204343 0.0957218706 0.0957202166 0.0957204387 0.0957210621 20.0957005792 0.0957217089 0.0957211866 0.0957204828 0.0957220767 0.0957238728 0.0957209701 0.0957269867 0.0957203010 0.0957210624
0.0957209049 0.0957211256 0.0957211100 17.0957081688 0.0957212952 0.0957211359 0.0957210248 0.0957202167 0.0957202191 0.0957217358 0.0957218056 0.0957210340 0.0957221215 0.0957208022 0.0957205494
0.0957208658 0.0957210739 0.0957210593 18.0957084354 0.0957212339 0.0957210837 0.0957209788 0.0957202167 0.0957202190 0.0957216495 0.0957217153 0.0957209876 0.0957224312 0.0957207689 0.0957205305
2.0919722328 0.0957202166 0.0957202166 0.0957202166 0.0957202166 0.0957202167 0.0957320375 1.0994335334 0.0957202166 0.0957231809 0.0957235919 0.0957255958 0.0957229676 0.0957202166 0.0957285933
0.0957202166 0.0957202166 1.0956830206 0.0957202166 0.0957202166 0.0957202166 0.0957202166 0.0957355199 0.0957202166 0.0957202166 0.0957202166 0.0957346991 0.0957202166 0.0957276270 0.0957202166
0.0957211986 0.0957236156 0.0957224474 0.0957259371 0.0957206955 0.0957442452 0.0957270958 0.0957248234 4.4624659923 0.0957420099 0.0957380453 7.7288363178 0.0957441810 0.0957215137 0.0957451309
0.0957202166 0.0957202166 0.0957202166 0.0957202166 0.0957206576 0.0957305186 0.0957231300 2.0956652933 0.0957203060 0.0957323421 0.0957231378 0.0957274669 0.0957390976 0.0957202166 0.0957202166
6.0013284589 0.0957203118 0.0957212476 0.0957214530 0.0957230729 2.1900631394 0.0957283333 0.0957222949 0.0957208150 0.0957228895 0.0957252718 0.0957299216 0.0957220660 0.0957202239 0.0957337499
0.0957202185 0.0957232852 1.0930574387 2.0526086333 3.8083664979 1.2178943983 0.0957235819 0.0957253316 0.0957202167 0.0957202178 5.3066579636 0.0957202166 0.0957240693 0.0957202166 0.0957209635
0.0957202166 0.0957206321 0.0957316375 0.0957211474 0.0957202171 0.0957202166 0.0957202186 0.0957225361 0.0957223173 0.0957240011 0.0957202166 9.0956819187 0.0957223745 0.0957353785 0.0957202207
0.0957202166 0.0957202166 0.0957304577 3.0956846680 0.0957220876 0.0957202166 0.0957202166 1.0946605380 0.0957202166 0.0957202166 0.0957202167 0.0957202166 0.0957285596 4.0967949887 0.0957202166
0.0957459686 0.0957260265 0.0957216134 0.0957239075 0.0957234841 4.2107821135 0.0957336225 0.0957265730 0.0957204263 3.9805048616 0.0957421899 0.0957425993 0.0957468808 0.0957202234 0.0957427591
2.1366783222 0.0957311445 0.0957220315 2.2082976872 0.0957226359 0.0957202295 0.0957261106 0.0957203214 14.9421094038 0.0957341468 0.0957276689 0.0957272009 0.0957291154 0.0957210672 0.0957361637
0.0957202166 0.0957418987 0.0957204824 0.0957230517 0.0957257916 0.0957202166 0.0957202166 0.0957202166 0.0957293700 2.0956565250 0.0957202167 0.0957269880 0.0957334109 0.0957244285 0.0957202194
0.0957289320 0.0957202166 1.3301190732 0.0957202166 0.0957202317 0.0957202166 0.0957266943 0.0957299836 0.0957251099 0.0957202166 0.0957208700 0.0957362468 0.0957229621 5.8612720628 0.0957202166
0.0957202166 0.0957418987 0.0957204824 0.0957230517 0.0957257916 0.0957202166 0.0957202166 0.0957202166 0.0957293700 2.0956565250 0.0957202167 0.0957269880 0.0957334109 0.0957244285 0.0957202194
0.0957209049 0.0957211256 0.0957211100 17.0957081688 0.0957212952 0.0957211359 0.0957210248 0.0957202167 0.0957202191 0.0957217358 0.0957218056 0.0957210340 0.0957221215 0.0957208022 0.0957205494
0.0957236298 0.0957203901 0.0957288217 0.0957260875 0.0957224526 0.0957202270 0.0957206762 0.0957259414 0.0957222897 0.0957236898 0.0957211871 21.0956723425 0.0957232668 0.0957311264 0.0957211209
0.0957202166 0.0957224113 0.0957206723 4.0992861970 0.0957215674 0.0957202166 0.0957213748 0.0957202166 0.0957313225 0.0957402821 0.0957202167 0.0957318299 0.0957316249 3.0920931283 0.0957219724
0.0957202175 0.0957237551 0.0957202166 0.0957202166 0.0957225914 4.8877866057 0.0957238235 0.0957207048 0.0957222835 0.0957248739 1.4404521265 0.0957226179 7.9588980826 0.0957202167 0.0957249171
0.0957202185 6.9247919330 0.0957206497 10.3656562756 0.0957294539 2.8174475615 0.0957277187 0.0957209202 0.0957217415 0.0957256601 0.0957303886 0.0957235209 2.2977310073 0.0957202232 1.0729359769
0.0957202166 0.0957224113 0.0957206723 4.0992861970 0.0957215674 0.0957202166 0.0957213748 0.0957202166 0.0957313225 0.0957402821 0.0957202167 0.0957318299 0.0957316249 3.0920931283 0.0957219724
0.0957209049 0.0957211256 0.0957211100 17.0957081688 0.0957212952 0.0957211359 0.0957210248 0.0957202167 0.0957202191 0.0957217358 0.0957218056 0.0957210340 0.0957221215 0.0957208022 0.0957205494
0.0957202175 0.0957237551 0.0957202166 0.0957202166 0.0957225914 4.8877866057 0.0957238235 0.0957207048 0.0957222835 0.0957248739 1.4404521265 0.0957226179 7.9588980826 0.0957202167 0.0957249171
0.0957202185 6.9247919330 0.0957206497 10.3656562756 0.0957294539 2.8174475615 0.0957277187 0.0957209202 0.0957217415 0.0957256601 0.0957303886 0.0957235209 2.2977310073 0.0957202232 1.0729359769
0.0957289320 0.0957202166 1.3301190732 0.0957202166 0.0957202317 0.0957202166 0.0957266943 0.0957299836 0.0957251099 0.0957202166 0.0957208700 0.0957362468 0.0957229621 5.8612720628 0.0957202166
0.0957202175 0.0957237551 0.0957202166 0.0957202166 0.0957225914 4.8877866057 0.0957238235 0.0957207048 0.0957222835 0.0957248739 1.4404521265 0.0957226179 7.9588980826 0.0957202167 0.0957249171
0.0957202185 6.9247919330 0.0957206497 10.3656562756 0.0957294539 2.8174475615 0.0957277187 0.0957209202 0.0957217415 0.0957256601 0.0957303886 0.0957235209 2.2977310073 0.0957202232 1.0729359769
0.0957293034 0.0957219994 0.0957358915 0.0957202166 1.1881547989 0.0957419490 0.0957261518 0.0957297587 0.0957202180 0.0957289621 3.8462548155 5.2526549340 0.0957279460 0.0957222651 0.0957340394
0.0957288182 0.0957225246 0.0957203789 0.0957203359 0.0957256087 3.3040261044 0.0957317437 0.0957250678 0.0957225594 3.4773841372 0.0957293439 1.6461875837 2.0487367304 0.0957217081 2.0022206047
0.0957255150 0.0957340119 0.0957219005 2.5931384391 0.0957322203 10.2652675637 1.1499869183 0.0957215199 0.0957202179 0.0957342115 0.0957271719 2.3744217874 0.0957299588 0.0957202248 0.0957215884
0.0957318863 0.0957318863 0.0957318863 2.0955538198 0.0957349076 0.0957318863 0.0957318863 0.0957318863 0.0957318863 0.0957318863 0.0957318863 0.0957318863 0.0957318863 0.0957318866 0.0957318863
0.0957252346 0.0957261761 6.0956290656 0.0957374464 0.0957202171 0.0957269970 0.0957237001 0.0957253758 0.0957202349 0.0957321159 0.0957305962 0.0957267469 0.0957355708 0.0957210928 0.0957226790
0.0957202166 0.0957202166 1.0956830206 0.0957202166 0.0957202166 0.0957202166 0.0957202166 0.0957355199 0.0957202166 0.0957202166 0.0957202166 0.0957346991 0.0957202166 0.0957276270 0.0957202166
0.0957202166 0.0957244743 0.0957202405 0.0957202166 0.0957202166 3.1758263429 0.0957449188 0.0957202181 0.0957211973 0.0957202166 0.0957325138 1.2779156989 3.8333672990 0.0957202166 0.0957292627
1.0883903870 0.0957202166 0.0957245675 1.0957202068 0.0957202170 0.0957264028 1.1652500960 0.0957263830 0.0957202166 0.0957202166 0.0957212896 0.0957216596 1.1000553373 0.0957202166 5.0291658362
0.0957322042 0.0957225624 0.0957253202 0.0957244973 0.0957206288 0.0957487829 0.0957290731 0.0957384757 0.0957203109 2.2746496560 0.0957342245 4.9166631924 0.0957318365 0.0957202245 0.0957422600
0.0957202166 0.0957202239 0.0957202166 0.0957202166 0.0957202166 0.0957307911 0.0957268525 0.0957202166 0.0957202166 0.0957202167 0.0957202166 0.0957229430 2.0957002726 0.0957202166 0.0957202166
0.0957202166 0.0957202166 0.0957202166 0.0957202166 0.0957202166 0.0957202166 0.0957202166 0.0957202166 0.0957202166 0.0957202166 0.0957223819 0.0957241786 0.0957293221 2.0957049838 0.0957202166
0.0957202166 0.0957246544 0.0957202168 2.7282701075 0.0957202451 0.0957202166 0.0957202166 0.0957202166 0.0957202166 0.0957202166 0.0957202166 0.0957225184 0.0957254816 4.4631536267 0.0957248825
0.0957202166 0.0957246544 0.0957202168 2.7282701075 0.0957202451 0.0957202166 0.0957202166 0.0957202166 0.0957202166 0.0957202166 0.0957202166 0.0957225184 0.0957254816 4.4631536267 0.0957248825
0.0957204343 0.0957218706 0.0957202166 0.0957204387 0.0957210621 20.0957005792 0.0957217089 0.0957211866 0.0957204828 0.0957220767 0.0957238728 0.0957209701 0.0957269867 0.0957203010 0.0957210624
0.0957204343 0.0957218706 0.0957202166 0.0957204387 0.0957210621 20.0957005792 0.0957217089 0.0957211866 0.0957204828 0.0957220767 0.0957238728 0.0957209701 0.0957269867 0.0957203010 0.0957210624
0.0957208658 0.0957210739 0.0957210593 18.0957084354 0.0957212339 0.0957210837 0.0957209788 0.0957202167 0.0957202190 0.0957216495 0.0957217153 0.0957209876 0.0957224312 0.0957207689 0.0957205305
0.0957250707 0.0957293919 0.0957335954 1.1688290568 0.0957215142 0.0957500061 0.0957331298 0.0957227219 0.0957218981 6.0981984565 0.0957289028 4.9530601207 3.1380846457 1.1203270091 0.0957377297
6.6350009000 0.0957215818 0.0957259623 0.0957202167 0.0957238604 0.0957463624 3.5563537707 0.0957262130 0.0957202180 0.0957202187 0.0957290692 0.0957286009 0.0957276959 0.0957202280 0.0957383514
0.0957250707 0.0957293919 0.0957335954 1.1688290568 0.0957215142 0.0957500061 0.0957331298 0.0957227219 0.0957218981 6.0981984565 0.0957289028 4.9530601207 3.1380846457 1.1203270091 0.0957377297
0.0957323364 0.0957248896 0.0957395211 0.0957202166 1.1122138276 0.0957368278 0.0957297501 0.0957301372 0.0957202385 0.0957251251 10.2084638027 4.9663866218 0.0957240756 0.0957223979 0.0957334814
0.0957231148 0.0957238448 0.0957242462 3.7459214580 0.0957202169 0.0957242398 0.0957244776 0.0957202169 0.0957202273 0.0957275567 0.0957297402 0.0957231791 0.0957294259 0.0957202268 3.4454710785
0.0957202199 0.0957241565 0.0957202166 0.0957202167 0.0957226361 4.0956841108 0.0957260669 0.0957215587 0.0957202167 0.0957202186 0.0957251909 0.0957202166 0.0957364932 0.0957202166 0.0957215146
0.0957202176 0.0957245079 0.0957202166 6.1186762884 8.8239748019 4.1716705751 0.0957236023 1.5766687054 0.0957243325 0.0957202242 2.7543379369 0.0957257803 3.1289589846 0.0957265232 0.0957305526
0.0957202166 0.0957262311 0.0957245238 2.0362875804 0.0957203942 0.0957216647 2.1306508300 0.0957202171 0.0957202199 0.0957353714 0.0957383194 0.0957254139 0.0957392918 0.0957617784 1.1201111968
0.0957212193 0.0957247431 0.0957210960 0.0957243142 21.0078782369 0.0957224251 1.1835332309 0.0957222255 0.0957211065 0.0957204969 0.0957281388 0.0957207420 0.0957238679 0.0957204279 0.0957209786
0.0957202166 0.0957262311 0.0957245238 2.0362875804 0.0957203942 0.0957216647 2.1306508300 0.0957202171 0.0957202199 0.0957353714 0.0957383194 0.0957254139 0.0957392918 0.0957617784 1.1201111968
0.0957250707 0.0957293919 0.0957335954 1.1688290568 0.0957215142 0.0957500061 0.0957331298 0.0957227219 0.0957218981 6.0981984565 0.0957289028 4.9530601207 3.1380846457 1.1203270091 0.0957377297
0.0957204343 0.0957218706 0.0957202166 0.0957204387 0.0957210621 20.0957005792 0.0957217089 0.0957211866 0.0957204828 0.0957220767 0.0957238728 0.0957209701 0.0957269867 0.0957203010 0.0957210624
0.0957202167 0.0957241625 0.0957211535 0.0957255443 0.0957202168 2.2779717348 0.0957241325 0.0957212190 0.0957202174 0.0957290943 0.0957331410 0.0957309472 4.9134101169 0.0957202319 0.0957311207
0.0957209049 0.0957211256 0.0957211100 17.0957081688 0.0957212952 0.0957211359 0.0957210248 0.0957202167 0.0957202191 0.0957217358 0.0957218056 0.0957210340 0.0957221215 0.0957208022 0.0957205494
0.0957208993 0.0957216763 0.0957237588 18.0214982784 0.0957269202 0.0957212444 0.0957213362 0.0957243385 0.0957264790 0.0957247801 0.0957239860 0.0957263379 0.0957278367 17.1698935088 0.0957218687
0.0957274657 0.0957274599 0.0957274546 0.0957274546 0.0957274546 0.0957274546 0.0957274561 0.0957274546 0.0957274555 0.0957367337 0.0957335871 0.0957322841 3.0955832879 0.0957278638 0.0957423827
0.0957202166 0.0957224113 0.0957206723 4.0992861970 0.0957215674 0.0957202166 0.0957213748 0.0957202166 0.0957313225 0.0957402821 0.0957202167 0.0957318299 0.0957316249 3.0920931283 0.0957219724
1.0956623861 0.0957202166 0.0957202167 5.0957202157 0.0957202166 0.0957202167 0.0957207188 0.0957204841 0.0957202166 0.0957276150 0.0957286413 0.0957336475 0.0957270824 0.0957202166 0.0957411587
0.0957284819 0.0957270379 0.0957248951 0.0957275891 0.0957270289 3.7361310421 0.0957383678 0.0957289830 0.0957235018 3.4551685698 0.0957408937 0.0957378972 0.0957441407 0.0957232631 0.0957315573
2.0919722328 0.0957202166 0.0957202166 0.0957202166 0.0957202166 0.0957202167 0.0957320375 1.0994335334 0.0957202166 0.0957231809 0.0957235919 0.0957255958 0.0957229676 0.0957202166 0.0957285933
0.0957202166 0.0957202166 1.0956830206 0.0957202166 0.0957202166 0.0957202166 0.0957202166 0.0957355199 0.0957202166 0.0957202166 0.0957202166 0.0957346991 0.0957202166 0.0957276270 0.0957202166
0.0957202166 0.0957202166 0.0957317813 0.0957202166 0.0957202166 0.0957202166 0.0957202173 4.0957001820 0.0957202166 0.0957214025 0.0957202166 0.0957235507 0.0957202166 0.0957241588 0.0957202238
0.0957232143 0.0957367112 0.0957322684 0.0957517855 0.0957202180 6.0955137307 0.0957236210 0.0957210760 0.0957261952 0.0957555967 0.0957498692 0.0957350834 0.0957672693 0.0957202655 0.0957263451
0.0957263394 3.5840878982 0.0957284992 0.0957373845 0.0957256599 4.6072307070 0.0957296926 0.0957230031 0.0957228487 0.0957345024 0.0957377646 0.0957273735 0.0957424540 0.0957228513 0.0957262710
0.0957284819 0.0957270379 0.0957248951 0.0957275891 0.0957270289 3.7361310421 0.0957383678 0.0957289830 0.0957235018 3.4551685698 0.0957408937 0.0957378972 0.0957441407 0.0957232631 0.0957315573
2.0919722328 0.0957202166 0.0957202166 0.0957202166 0.0957202166 0.0957202167 0.0957320375 1.0994335334 0.0957202166 0.0957231809 0.0957235919 0.0957255958 0.0957229676 0.0957202166 0.0957285933
0.0957284819 0.0957270379 0.0957248951 0.0957275891 0.0957270289 3.7361310421 0.0957383678 0.0957289830 0.0957235018 3.4551685698 0.0957408937 0.0957378972 0.0957441407 0.0957232631 0.0957315573
2.0919722328 0.0957202166 0.0957202166 0.0957202166 0.0957202166 0.0957202167 0.0957320375 1.0994335334 0.0957202166 0.0957231809 0.0957235919 0.0957255958 0.0957229676 0.0957202166 0.0957285933
0.0957202188 0.0957224641 0.0957202166 0.0957202167 7.7238858762 2.4675163893 0.0957326101 0.0957202227 0.0957202167 0.0957202180 0.0957248089 0.0957224565 0.0957300351 0.0957202166 0.0957270832
0.0957425031 0.0957226384 0.0957202166 0.0957202167 0.0957229248 0.0957260738 2.9976249382 3.1159175179 0.0957202167 0.0957239540 0.0957308833 0.0957269953 0.0957311629 0.0957664908 2.1735065168
0.0957276729 0.0957237045 0.0957241060 0.0957210415 0.0957202375 2.0879946273 0.0957241072 0.0957245368 0.0957228746 0.0957392603 0.0957319787 21.7854697890 0.0957339255 4.4136201862 0.0957252016
0.0957211664 1.3135949683 0.0957221053 2.5282218571 0.0957213308 14.6943967058 0.0957225645 0.0957210881 0.0957202206 0.0957268211 1.8466388858 0.0957228090 0.0957301121 0.0957202227 0.0957223918
3.0956892525 0.0957218522 0.0957202166 0.0957221721 0.0957229267 0.0957202329 0.0957328927 0.0957202166 0.0957202166 0.0957202168 4.8848820910 0.0957254190 1.3065629122 0.0957224149 0.0957202166
0.0957211664 1.3135949683 0.0957221053 2.5282218571 0.0957213308 14.6943967058 0.0957225645 0.0957210881 0.0957202206 0.0957268211 1.8466388858 0.0957228090 0.0957301121 0.0957202227 0.0957223918
0.0957202166 0.0957202166 0.0957202166 8.0957163870 4.0957198964 0.0957202166 0.0957202166 0.0957202166 0.0957202166 0.0957202166 0.0957204717 0.0957206064 0.0957202166 0.0957202166 0.0957237216
0.0957269819 0.0957206815 0.0957212161 0.0957211950 8.2389874364 0.0957244126 0.0957257589 0.0957269868 0.0957231594 4.9523788693 0.0957244262 0.0957348357 0.0957348501 0.0957241026 0.0957283370
0.0957202166 0.0957246449 0.0957227380 2.9729309321 0.0957234257 3.2184683078 0.0957204503 0.0957202169 0.0957202185 0.0957290837 0.0957275339 0.0957232589 0.0957313755 0.0957202289 0.0957206176
0.0957202166 0.0957566999 0.0957202166 0.0957252604 0.0957301729 0.0957202166 0.0957202185 0.0957202167 0.0957249920 0.0957410756 0.0957202166 0.0957202166 2.0956430970 0.0957202166 0.0957202166
0.0957202180 0.0957262523 0.0957202166 5.5855960974 5.1751732204 0.0957394503 0.0957227397 1.8036319563 0.0957248413 0.0957202253 3.5673490837 0.0957229729 3.3468030943 0.0957261019 0.0957267790
3.7603578886 0.0957256770 0.0957299134 0.0957202888 0.0957202169 0.0957202295 0.0957287485 0.0957264887 0.0957211720 0.0957277600 0.0957258224 19.4310215858 0.0957234370 0.0957254429 0.0957285782
0.0957202166 0.0957300576 0.0957300106 1.1432120136 0.0957228906 0.0957234104 0.0957211222 0.0957238344 0.0957243240 2.9537171905 0.0957211228 0.0957254587 2.1208413740 1.1650700056 0.0957202179
0.0957220432 0.0957222639 0.0957222483 17.0956927745 0.0957221350 0.0957222742 0.0957219214 0.0957213547 0.0957213572 0.0957228742 0.0957229440 0.0957221723 0.0957232600 0.0957219392 0.0957216875
1.6047344732 0.0957202198 0.0957202166 0.0957202166 0.0957202166 0.0957202166 0.0957255563 0.0957202166 0.0957202183 0.0957257919 0.0957289160 0.0957263560 0.0957246621 0.0957204626 2.5866755103
0.0957307774 0.0957274963 0.0957386656 0.0957202167 1.2250550410 0.0957318763 0.0957314687 0.0957469362 0.0957202621 0.0957279101 3.5259542731 4.5360293671 0.0957395361 0.0957226271 0.0957267957
0.0957202180 0.0957262523 0.0957202166 5.5855960974 5.1751732204 0.0957394503 0.0957227397 1.8036319563 0.0957248413 0.0957202253 3.5673490837 0.0957229729 3.3468030943 0.0957261019 0.0957267790
3.7603578886 0.0957256770 0.0957299134 0.0957202888 0.0957202169 0.0957202295 0.0957287485 0.0957264887 0.0957211720 0.0957277600 0.0957258224 19.4310215858 0.0957234370 0.0957254429 0.0957285782
0.0957202199 0.0957241565 0.0957202166 0.0957202167 0.0957226361 4.0956841108 0.0957260669 0.0957215587 0.0957202167 0.0957202186 0.0957251909 0.0957202166 0.0957364932 0.0957202166 0.0957215146
0.0957228350 0.0957255844 0.0957202166 0.0957202166 0.0957202166 2.0956455893 0.0957217576 0.0957257838 0.0957202167 0.0957427583 0.0957369788 0.0957207793 0.0957398832 0.0957202166 0.0957202167
0.0957202183 0.0957243965 0.0957202166 4.3078360222 7.3985532953 3.1076086587 0.0957258550 0.0957202211 0.0957202182 0.0957202279 0.0957252024 0.0957286909 1.5688403204 0.0957237419 0.0957359641
6.6350009000 0.0957215818 0.0957259623 0.0957202167 0.0957238604 0.0957463624 3.5563537707 0.0957262130 0.0957202180 0.0957202187 0.0957290692 0.0957286009 0.0957276959 0.0957202280 0.0957383514
0.0957202166 0.0957202166 0.0957202166 1.9810604593 1.2103818714 0.0957202166 0.0957202166 0.0957202166 0.0957202166 0.0957202166 1.0957183190 0.0957202166 0.0957202166 0.0957202169 0.0957202166
0.0957455504 0.0957223349 0.0957216639 0.0957240410 0.0957211329 2.1490007595 0.0957302646 0.0957252053 0.0957204247 4.0423009690 0.0957396389 0.0957466514 0.0957368999 0.0957202237 0.0957474895
0.0957202166 0.0957216738 0.0957324870 0.0957202166 0.0957210283 0.0957202166 0.0957210107 0.0957202168 0.0957202166 0.0957202166 0.0957207480 0.0957273559 0.0957224496 7.0956949736 0.0957202226
0.0957202166 0.0957202166 0.0957304577 3.0956846680 0.0957220876 0.0957202166 0.0957202166 1.0946605380 0.0957202166 0.0957202166 0.0957202167 0.0957202166 0.0957285596 4.0967949887 0.0957202166
0.0957252346 0.0957261761 6.0956290656 0.0957374464 0.0957202171 0.0957269970 0.0957237001 0.0957253758 0.0957202349 0.0957321159 0.0957305962 0.0957267469 0.0957355708 0.0957210928 0.0957226790
0.0957202166 0.0957567108 0.0957202166 0.0957252604 0.0957301729 0.0957202174 0.0957202185 1.0957163897 0.0957249920 0.0957410762 0.0957202166 0.0957202166 2.0956469117 0.0957202166 0.0957202166
0.0957252346 0.0957261761 6.0956290656 0.0957374464 0.0957202171 0.0957269970 0.0957237001 0.0957253758 0.0957202349 0.0957321159 0.0957305962 0.0957267469 0.0957355708 0.0957210928 0.0957226790
0.0957298210 0.0957240738 0.0957227311 0.0957202273 0.0957325461 1.2114859163 0.0957202166 0.0957207119 0.0957268849 0.0957228900 3.9798949926 0.0957295963 0.0957322083 0.0957202166 0.0957202166
0.0957252146 0.0957205085 0.0957335571 0.0957202191 0.0957263898 0.0957202350 0.0957220967 0.0957252330 0.0957216933 0.0957247026 0.0957222305 13.0956688844 0.0957234957 0.0957262349 0.0957225544
0.0957298210 0.0957240738 0.0957227311 0.0957202273 0.0957325461 1.2114859163 0.0957202166 0.0957207119 0.0957268849 0.0957228900 3.9798949926 0.0957295963 0.0957322083 0.0957202166 0.0957202166
0.0957252146 0.0957205085 0.0957335571 0.0957202191 0.0957263898 0.0957202350 0.0957220967 0.0957252330 0.0957216933 0.0957247026 0.0957222305 13.0956688844 0.0957234957 0.0957262349 0.0957225544
0.0957216774 0.0957302811 0.0957202166 0.0957216115 0.0957229690 0.0957202166 0.0957202166 0.0957202166 0.0957215375 2.5494233120 0.0957202166 0.0957202166 2.6419999041 0.0957204404 0.0957202166
0.0957244317 4.1453718848 0.0957202166 0.0957202166 0.0957315252 1.0460111236 0.0957225861 0.0957202167 0.0957202166 0.0957202166 0.0957259484 0.0957332869 0.0957298629 0.0957202166 0.0957313000
0.0957202166 7.0957783175 0.0957211307 1.0957202166 0.0957202166 1.0956342689 0.0957202166 0.0957204139 0.0957262892 0.0957202166 0.0957227717 0.0957236581 0.0957348625 0.0957202166 0.0957202371
0.0957202166 0.0957202166 0.0957412388 0.0957202166 0.0957212546 0.0957202166 0.0957202166 3.0956791862 0.0957242469 0.0957202167 0.0957202167 0.0957270718 0.0957209013 0.0957276168 0.0957202166
0.0957236355 0.0957227816 0.0957202166 0.0957202259 0.0957202166 0.0957219973 0.0957254705 0.0957203783 0.0957242096 0.0957242064 0.0957233022 0.0957202166 0.0957258517 0.0957202167 11.0956903238
0.0957202166 0.0957206196 0.0957202166 6.0957164215 0.0957226443 0.0957202166 0.0957209633 0.0957202166 0.0957202166 0.0957202166 0.0957204344 0.0957202166 0.0957202166 0.0957202167 0.0957202166
0.0957202166 7.0957783175 0.0957211307 1.0957202166 0.0957202166 1.0956342689 0.0957202166 0.0957204139 0.0957262892 0.0957202166 0.0957227717 0.0957236581 0.0957348625 0.0957202166 0.0957202371
0.0957202166 0.0957202166 2.0957053090 0.0957202166 0.0957202166 0.0957202166 0.0957202166 0.0957263460 0.0957202166 0.0957202166 0.0957202166 0.0957260215 0.0957202166 0.0957231900 0.0957202166
0.0957290592 0.0957281569 0.0957265696 0.0957215096 0.0957215329 0.0957261291 1.4442964141 0.0957243056 0.0957255228 0.0957367555 5.8941620813 0.0957285174 5.9486303681 0.0957224128 0.0957239147
0.0957224862 0.0957406169 0.0957202166 0.0957230407 0.0957257899 0.0957202166 0.0957202166 0.0957202166 0.0957228907 2.0956775246 0.0957202166 0.0957202166 0.0957291674 0.0957202166 0.0957202166
0.0957262415 0.0957202207 0.0957202166 0.0957202166 0.0957214734 0.0957203743 0.0957274423 0.0957267693 0.0957205012 3.0956473342 0.0957322295 0.0957340893 0.0957328719 0.0957205359 0.0957327327
0.0957202168 0.0957332196 0.0957222033 0.0957254669 0.0957202169 0.0957249392 0.0957204008 0.0957202169 0.0957275576 1.3341318878 2.8572460185 0.0957226137 0.0957404076 0.0957202268 0.0957276570
0.0957293297 0.0957204809 0.0957340460 0.0957202189 1.0957313602 0.0957202166 0.0957209129 0.0957333508 0.0957215458 0.0957262880 0.0957220130 14.0956493943 0.0957236668 0.0957259100 0.0957245155
3.0956960354 0.0957202166 0.0957202166 0.0957202166 0.0957202166 0.0957202167 0.0957240817 0.0957202833 0.0957202176 0.0957220586 0.0957231425 0.0957249686 0.0957219647 0.0957202166 0.0957291973
3.0956204759 0.0957202166 0.0957202166 0.0957202166 0.0957225913 0.0957204505 0.0957338776 0.0957234217 0.0957209465 0.0957454474 0.0957338688 0.0957447271 0.0957334330 0.0957231345 0.0957202253
0.0957293297 0.0957204809 0.0957340460 0.0957202189 1.0957313602 0.0957202166 0.0957209129 0.0957333508 0.0957215458 0.0957262880 0.0957220130 14.0956493943 0.0957236668 0.0957259100 0.0957245155
0.0957202166 0.0957334154 0.0957224386 2.8229447429 0.0957236300 4.1498206705 1.1030845155 0.0957202169 0.0957202183 0.0957280303 0.0957276464 1.3069849389 0.0957300497 0.0957202275 0.0957222919
0.0957202166 0.0957491925 0.0957318341 2.6092920625 1.7806901117 0.0957202166 0.0957202201 1.0956924625 0.0957240121 0.0957433998 0.0957202329 0.0957292882 0.0957294905 3.8971202527 0.0957202567
0.0957276955 0.0957232206 0.0957221711 0.0957202213 0.0957298151 2.2176387855 0.0957202166 0.0957206024 0.0957254096 0.0957221223 4.9737534310 0.0957295710 0.0957295541 0.0957202166 0.0957202166
0.0957229695 0.0957229695 0.0957350589 3.5403437902 0.0957245704 0.0957229695 0.0957229695 1.2047697638 0.0957229695 0.0957229695 0.0957229696 0.0957229695 0.0957328222 3.5419905183 0.0957229695
0.0957202166 0.0957202166 0.0957204845 0.0957202166 0.0957255903 0.0957202166 0.0957213528 0.0957278610 0.0957244727 0.0957202167 0.0957202167 1.0956673486 0.0957209397 5.0957526918 0.0957212082
0.0957202166 0.0957206321 0.0957316375 0.0957211474 0.0957202171 0.0957202166 0.0957202186 0.0957225361 0.0957223173 0.0957240011 0.0957202166 9.0956819187 0.0957223745 0.0957353785 0.0957202207
6.6350009000 0.0957215818 0.0957259623 0.0957202167 0.0957238604 0.0957463624 3.5563537707 0.0957262130 0.0957202180 0.0957202187 0.0957290692 0.0957286009 0.0957276959 0.0957202280 0.0957383514
0.0957233847 0.0957237742 0.0957243290 4.0956765173 0.0957202169 0.0957244483 0.0957216646 0.0957202169 0.0957202281 0.0957272112 0.0957271938 0.0957231020 0.0957289884 0.0957202263 0.0957217479
4.0937663467 0.0957202166 0.0957202166 2.0976528556 0.0957202166 0.0957202166 0.0957277860 0.0957202649 0.0957202173 0.0957215507 0.0957223332 0.0957226372 0.0957214547 0.0957202166 0.0957267199
1.6047344732 0.0957202198 0.0957202166 0.0957202166 0.0957202166 0.0957202166 0.0957255563 0.0957202166 0.0957202183 0.0957257919 0.0957289160 0.0957263560 0.0957246621 0.0957204626 2.5866755103
0.0957202166 0.0957235789 0.0957222429 5.0183227672 0.0957228754 0.0957202166 0.0957202167 0.0957202166 0.0957423749 0.0957509409 0.0957202168 0.0957396408 0.0957377037 2.1730171260 0.0957229154
0.0957202166 0.0957443953 0.0957202166 0.0957235633 0.0957269722 0.0957237272 0.0957212111 1.2663846956 0.0957234157 0.0957381922 0.0957212124 0.0957226875 2.9249923105 0.0957202166 0.0957202166
3.0956892525 0.0957218522 0.0957202166 0.0957221721 0.0957229267 0.0957202329 0.0957328927 0.0957202166 0.0957202166 0.0957202168 4.8848820910 0.0957254190 1.3065629122 0.0957224149 0.0957202166
0.0957202289 0.0957202224 0.0957203069 0.0957202166 0.0957202166 0.0957202166 0.0957250123 0.0957202166 0.0957202176 1.8425431830 0.0957270260 1.3488604261 0.0957282671 0.0957206709 0.0957368217
0.0957337594 0.0957238235 0.0957418352 0.0957202166 1.3046199633 0.0957280565 0.0957230965 0.0957346633 0.0957202185 0.0957377089 2.0406143397 3.9418205148 0.0957351642 0.0957230404 0.0957268486
3.3897928855 0.0957216036 0.0957202166 0.0957202167 0.0957227204 0.0957334692 1.3449991213 1.0957489412 0.0957205713 0.0957213867 0.0957280182 0.0957248972 0.0957281546 0.0957202682 10.5523007787
0.0957283137 0.0957253506 0.0957203476 0.0957217997 0.0957203584 1.8152777118 0.0957349389 0.0957214797 0.0957238294 0.0957267246 0.0957226822 0.0957277127 5.7860790350 1.2029004228 7.5785725422
0.0957236596 0.0957207917 0.0957203361 0.0957202215 0.0957204106 0.0957246710 0.0957214762 0.0957261052 0.0957231633 4.0956715501 0.0957214795 0.0957328690 0.0957341896 0.0957221083 0.0957202179
0.0957323364 0.0957248896 0.0957395211 0.0957202166 1.1122138276 0.0957368278 0.0957297501 0.0957301372 0.0957202385 0.0957251251 10.2084638027 4.9663866218 0.0957240756 0.0957223979 0.0957334814
0.0957202173 1.6214944327 0.0957202166 5.7685196010 11.6419215670 5.6107290808 0.0957258030 1.5732923938 0.0957242994 0.0957216824 2.7184816311 0.0957259781 4.7355688419 0.0957255372 0.0957319673
0.0957202173 1.6214944327 0.0957202166 5.7685196010 11.6419215670 5.6107290808 0.0957258030 1.5732923938 0.0957242994 0.0957216824 2.7184816311 0.0957259781 4.7355688419 0.0957255372 0.0957319673
0.0957323364 0.0957248896 0.0957395211 0.0957202166 1.1122138276 0.0957368278 0.0957297501 0.0957301372 0.0957202385 0.0957251251 10.2084638027 4.9663866218 0.0957240756 0.0957223979 0.0957334814
0.0957323364 0.0957248896 0.0957395211 0.0957202166 1.1122138276 0.0957368278 0.0957297501 0.0957301372 0.0957202385 0.0957251251 10.2084638027 4.9663866218 0.0957240756 0.0957223979 0.0957334814
0.0957202167 0.0957243126 0.0957208012 0.0957215326 0.0957209882 0.0957247719 0.0957222929 0.0957222225 0.0957242943 0.0957329255 0.0957242386 0.0957244767 9.0956746970 0.0957224015 0.0957230774
0.0957323364 0.0957248896 0.0957395211 0.0957202166 1.1122138276 0.0957368278 0.0957297501 0.0957301372 0.0957202385 0.0957251251 10.2084638027 4.9663866218 0.0957240756 0.0957223979 0.0957334814
0.0957202173 1.6214944327 0.0957202166 5.7685196010 11.6419215670 5.6107290808 0.0957258030 1.5732923938 0.0957242994 0.0957216824 2.7184816311 0.0957259781 4.7355688419 0.0957255372 0.0957319673
0.0957323364 0.0957248896 0.0957395211 0.0957202166 1.1122138276 0.0957368278 0.0957297501 0.0957301372 0.0957202385 0.0957251251 10.2084638027 4.9663866218 0.0957240756 0.0957223979 0.0957334814
0.0957202173 1.6214944327 0.0957202166 5.7685196010 11.6419215670 5.6107290808 0.0957258030 1.5732923938 0.0957242994 0.0957216824 2.7184816311 0.0957259781 4.7355688419 0.0957255372 0.0957319673
0.0957208658 0.0957210739 0.0957210593 18.0957084354 0.0957212339 0.0957210837 0.0957209788 0.0957202167 0.0957202190 0.0957216495 0.0957217153 0.0957209876 0.0957224312 0.0957207689 0.0957205305
0.0957322334 0.0957237360 0.0957280609 0.0957319965 0.0957205209 0.0957241964 0.0957226777 0.0957246314 0.0957221547 0.0957261049 0.0957253846 10.0956457542 0.0957263183 0.0957261976 0.0957232821
4.2984498806 0.0957252086 0.0957202166 0.0957202166 0.0957208353 0.0957202776 0.0957264064 0.0957210893 0.0957239398 0.0957397197 0.0957312258 0.0957317376 3.8929113044 0.0957205296 0.0957406615
0.0957202195 0.0957323121 0.0957203934 1.4275260481 1.3574867718 0.0957246984 0.0957326991 1.9510301310 1.4837516616 0.0957342340 0.0957314953 0.0957247192 3.1796312864 1.3721955348 1.8983610448
0.0957205853 0.0957257228 0.0957203950 2.5613867311 0.0957256532 0.0957295306 0.0957306820 0.0957281413 0.0957289697 0.0957303132 0.0957278902 0.0957247603 2.0654039676 4.6602965778 0.0957233291
0.0957202166 0.0957207070 0.0957202166 5.0957157752 0.0957230277 0.0957202166 0.0957210876 0.0957202166 0.0957202166 0.0957202166 0.0957204816 0.0957202166 0.0957202166 0.0957202208 0.0957202166
0.0957202185 6.9247919330 0.0957206497 10.3656562756 0.0957294539 2.8174475615 0.0957277187 0.0957209202 0.0957217415 0.0957256601 0.0957303886 0.0957235209 2.2977310073 0.0957202232 1.0729359769
0.0957212016 0.0957213227 0.0957214951 12.0957047385 0.0957206444 0.0957215322 0.0957210274 0.0957202167 0.0957202202 0.0957223907 0.0957223853 0.0957213864 0.0957229427 0.0957210529 0.0957206928
0.0957219468 0.0957206321 0.0957397809 0.0957202202 0.0957202171 0.0957202166 0.0957213162 0.0957271533 0.0957223181 0.0957240011 0.0957202166 9.0956735998 0.0957223745 0.0957290356 0.0957202207
0.0957219468 0.0957206321 0.0957397809 0.0957202202 0.0957202171 0.0957202166 0.0957213162 0.0957271533 0.0957223181 0.0957240011 0.0957202166 9.0956735998 0.0957223745 0.0957290356 0.0957202207
0.0957202195 0.0957323121 0.0957203934 1.4275260481 1.3574867718 0.0957246984 0.0957326991 1.9510301310 1.4837516616 0.0957342340 0.0957314953 0.0957247192 3.1796312864 1.3721955348 1.8983610448
3.0956204759 0.0957202166 0.0957202166 0.0957202166 0.0957225913 0.0957204505 0.0957338776 0.0957234217 0.0957209465 0.0957454474 0.0957338688 0.0957447271 0.0957334330 0.0957231345 0.0957202253
0.0957202166 0.0957202166 0.0957204475 0.0957202166 2.5051205442 0.0957202166 0.0957202166 0.0957202166 1.0536698241 0.0957202166 0.0957202166 0.0957202166 0.0957202166 3.7283700507 0.0957202166
1.6047344732 0.0957202198 0.0957202166 0.0957202166 0.0957202166 0.0957202166 0.0957255563 0.0957202166 0.0957202183 0.0957257919 0.0957289160 0.0957263560 0.0957246621 0.0957204626 2.5866755103
0.0957202167 0.0957244850 0.0957203514 0.0957202222 0.0957214009 0.0957244284 0.0957233333 0.0957223064 0.0957264766 0.0957330413 0.0957213507 0.0957257382 6.0956718443 0.0957235671 0.0957244872
0.0957202166 0.0957666107 0.0957232645 3.4354965642 0.0957345220 0.0957202166 0.0957202166 0.0957202166 0.0957262832 0.0957467314 0.0957202166 0.0957202166 0.0957350451 2.7558327120 0.0957202166
0.0957202166 0.0957666107 0.0957232645 3.4354965642 0.0957345220 0.0957202166 0.0957202166 0.0957202166 0.0957262832 0.0957467314 0.0957202166 0.0957202166 0.0957350451 2.7558327120 0.0957202166
3.0976287727 0.0957202166 0.0957202166 0.0957202167 0.0957202166 1.0937530713 0.0957275267 0.0957202832 0.0957202166 0.0957220572 0.0957224870 0.0957380496 0.0957351461 0.0957202607 0.0957345116
0.0957276548 0.0957224764 13.9812360145 0.0957227161 0.0957240945 0.0957224083 0.0957228305 0.0957271188 0.0957278219 0.0957343498 0.0957207024 0.0957381018 0.0957285562 8.2101261743 0.0957222293
0.0957225151 2.3192877505 0.0957244046 0.0957271348 6.8720721915 0.0957225149 0.0957225149 0.0957225150 0.0957298913 0.0957385707 0.0957245872 0.0957225149 0.0957339510 0.0957225176 0.0957296756
0.0957202190 0.0957241447 0.0957202166 0.0957208476 8.9179381727 0.0957241862 1.2734791359 0.0957202233 0.0957202167 0.0957202181 0.0957282834 0.0957202166 0.0957252444 0.0957207144 0.0957212098
0.0957202181 3.1708085181 0.0957208866 0.0957225747 0.0957225050 0.0957264302 0.0957235613 0.0957211225 0.0957412155 0.0957250003 0.0957253028 0.0957211290 6.0205792563 0.0957246004 0.0957209287
0.0957202191 0.0957212182 0.0957220610 0.0957202167 0.0957220833 0.0957242579 1.2967664300 0.0957202236 0.0957202167 0.0957202181 3.6487549536 0.0957202796 1.3416294354 0.0957202166 0.0957212197
0.0957202204 0.0957421535 0.0957210078 1.6088595601 1.4256062330 0.0957264422 0.0957318874 0.0957945764 1.2680265330 1.8434706311 1.4960851620 0.0957234635 4.1678894155 2.2327479306 1.7229580329
0.0957222302 0.0957333430 0.0957222270 1.5098896489 1.4876721441 0.0957273684 0.0957355801 2.1530259802 1.3378500205 0.0957291552 0.0957333356 0.0957222270 2.6434734950 1.3025737849 2.2354927096
0.0957315686 0.0957262761 0.0957245783 0.0957316907 0.0957202172 0.0957216756 0.0957220006 0.0957203216 0.0957202199 0.0957383934 0.0957352684 4.0948886736 0.0957421744 1.0964511162 0.0957290748
0.0957202166 0.0957202166 0.0957437304 0.0957202166 0.0957202166 0.0957202166 0.0957202166 0.0957325441 0.0957202166 0.0957202166 0.0957202166 2.0956783986 0.0957202166 0.0957261934 0.0957202166
0.0957214010 0.0957205019 0.0957351452 0.0957202191 1.0957322589 0.0957202166 0.0957209682 0.0957343947 0.0957216513 0.0957267701 0.0957221530 13.0956524100 0.0957239407 0.0957263621 0.0957248568
0.0957202166 0.0957202840 0.0957202166 0.0957202166 0.0957202166 3.0956944586 0.0957229594 0.0957202166 0.0957202166 0.0957202166 0.0957228793 0.0957251023 0.0957283609 0.0957202166 0.0957274719
0.0957315686 0.0957262761 0.0957245783 0.0957316907 0.0957202172 0.0957216756 0.0957220006 0.0957203216 0.0957202199 0.0957383934 0.0957352684 4.0948886736 0.0957421744 1.0964511162 0.0957290748
0.0957202166 0.0957202166 0.0957437304 0.0957202166 0.0957202166 0.0957202166 0.0957202166 0.0957325441 0.0957202166 0.0957202166 0.0957202166 2.0956783986 0.0957202166 0.0957261934 0.0957202166
0.0957214010 0.0957205019 0.0957351452 0.0957202191 1.0957322589 0.0957202166 0.0957209682 0.0957343947 0.0957216513 0.0957267701 0.0957221530 13.0956524100 0.0957239407 0.0957263621 0.0957248568
0.0957214010 0.0957205019 0.0957351452 0.0957202191 1.0957322589 0.0957202166 0.0957209682 0.0957343947 0.0957216513 0.0957267701 0.0957221530 13.0956524100 0.0957239407 0.0957263621 0.0957248568
0.0957205712 0.0957236383 0.0957217222 8.0562690464 0.0957224540 0.0957202166 0.0957207696 0.0957202166 0.0957481024 0.0957514688 0.0957202168 0.0957435866 0.0957380129 2.1350602507 0.0957229763
0.0957202166 0.0957202166 0.0957202166 2.0957183863 0.0957202166 0.0957202178 0.0957202166 0.0957202166 0.0957202166 0.0957202166 0.0957220457 0.0957202166 0.0957202167 0.0957202166 0.0957202166
0.0957349498 0.0957238914 0.0957202166 0.0957202167 0.0957234355 9.8709224664 0.0957235621 0.0957218260 0.0957202167 0.0957277399 0.0957297632 0.0957281528 0.0957403033 0.0957227795 2.3204437296
0.0957202184 3.1269789241 0.0957202166 0.0957208544 0.0957228172 0.0957272110 0.0957240249 0.0957212615 0.0957456213 0.0957228510 0.0957241071 0.0957203423 5.0644083515 0.0957255115 0.0957209366
0.0957205712 0.0957236383 0.0957217222 8.0562690464 0.0957224540 0.0957202166 0.0957207696 0.0957202166 0.0957481024 0.0957514688 0.0957202168 0.0957435866 0.0957380129 2.1350602507 0.0957229763
0.0957349498 0.0957238914 0.0957202166 0.0957202167 0.0957234355 9.8709224664 0.0957235621 0.0957218260 0.0957202167 0.0957277399 0.0957297632 0.0957281528 0.0957403033 0.0957227795 2.3204437296
4.5120279568 0.0957256784 0.0957202166 0.0957306815 0.0957207505 0.0957202692 0.0957257577 0.0957209713 0.0957554267 0.0957394888 0.0957304421 1.1785929821 3.5964321464 0.0957205131 0.0957399682
0.0957211379 0.0957392046 0.0957324273 0.0957525468 0.0957202183 5.0954737708 0.0957234456 0.0957221765 0.0957202259 0.0957712717 0.0957608075 0.0957379310 0.0957815380 0.0957202761 0.0957262715
0.0957202166 0.0957214032 0.0957290386 1.0960696161 0.0957202181 0.0957202166 0.0957202166 0.0957202166 0.0957262182 1.9288923458 0.0957202167 0.0957264922 0.0957263815 1.2621702335 0.0957202192
0.0957682259 0.0957367502 0.0957454558 0.0957202166 0.0957203394 0.0957373770 0.0957509532 0.0957337126 0.0957204406 0.0957367168 0.0957297676 0.0957456486 4.0955172116 0.0957202166 0.0957202170
0.0957238282 0.0957590631 0.0957290006 4.3753264028 0.0957346788 0.0957238282 0.0957238282 0.0957238282 0.0957284307 0.0957439358 0.0957238282 0.0957238282 0.0957350754 1.8159798649 0.0957238282
0.0957288433 0.0957251701 0.0957375789 0.0957202167 1.2174639386 0.0957418022 0.0957299083 0.0957360559 0.0957202182 0.0957258161 6.2798104603 4.7897777315 0.0957299598 0.0957224853 0.0957330643
0.0957209420 0.0957202166 11.0956967453 0.0957202166 0.0957210352 0.0957202166 0.0957206746 0.0957372416 0.0957202169 0.0957202166 0.0957219410 0.0957220247 0.0957202166 0.0957211283 0.0957202166
0.0957381066 0.0957262356 0.0957263069 1.2117136787 5.4591415451 4.5361321044 0.0957318370 0.0957256499 0.0957211755 0.0957309749 0.0957332859 3.4495412626 2.8219871124 0.0957221970 0.0957317770
4.0545006154 0.0957255214 0.0957202166 0.0957202169 0.0957320031 0.0957416538 0.0957495383 0.0957260977 0.0957202169 0.0957215144 0.0957400583 0.0957225569 1.1368294167 0.0957202166 0.0957334065
0.0957209420 0.0957202166 11.0956967453 0.0957202166 0.0957210352 0.0957202166 0.0957206746 0.0957372416 0.0957202169 0.0957202166 0.0957219410 0.0957220247 0.0957202166 0.0957211283 0.0957202166
0.0957381066 0.0957262356 0.0957263069 1.2117136787 5.4591415451 4.5361321044 0.0957318370 0.0957256499 0.0957211755 0.0957309749 0.0957332859 3.4495412626 2.8219871124 0.0957221970 0.0957317770
0.0957238233 0.0957239435 0.0957238293 0.0957238233 0.0957238233 1.4923131331 4.6990477808 0.0957238233 0.0957238233 0.0957252075 0.0957304843 0.0957377056 0.0957239956 0.0957238233 0.0957342299
0.0957221615 0.0957224926 0.0957228070 5.9600373601 0.0957202168 0.0957229407 0.0957260198 0.0957202168 0.0957202237 0.0957247416 0.0957300572 0.0957220675 0.0957258920 0.0957202229 2.2313658292
0.0957202166 0.0957202166 0.0957202166 0.0957202166 5.0957114512 0.0957202166 0.0957289775 0.0957202166 0.0957202166 0.0957202166 0.0957202212 0.0957202166 0.0957202166 0.0957202166 0.0957202166
0.0957202189 0.0957247321 0.0957214014 0.0957268990 0.0957218812 1.1505345958 0.0957316636 0.0957202229 0.0957202176 0.0957262859 0.0957306763 0.0957273992 4.0408394587 0.0957202357 0.0957373612
0.0957202166 0.0957262311 0.0957245238 2.0362875804 0.0957203942 0.0957216647 2.1306508300 0.0957202171 0.0957202199 0.0957353714 0.0957383194 0.0957254139 0.0957392918 0.0957617784 1.1201111968
0.0957455230 0.0957202166 0.0957202166 0.0957202166 1.0957201750 0.0957202167 0.0957206531 0.0957204491 0.0957202166 0.0957266456 0.0957275700 2.0956563541 0.0957261828 0.0957202167 0.0957383967
0.0957202199 0.0957241565 0.0957202166 0.0957202167 0.0957226361 4.0956841108 0.0957260669 0.0957215587 0.0957202167 0.0957202186 0.0957251909 0.0957202166 0.0957364932 0.0957202166 0.0957215146
0.0957547658 0.0957202166 0.0957202166 0.0957202166 0.0957214734 0.0957203744 0.0957279334 0.0957270314 0.0957205006 3.0955956306 0.0957356931 0.0957434825 0.0957339348 0.0957202166 0.0957415629
0.0957202166 0.0957202166 1.0956830206 0.0957202166 0.0957202166 0.0957202166 0.0957202166 0.0957355199 0.0957202166 0.0957202166 0.0957202166 0.0957346991 0.0957202166 0.0957276270 0.0957202166
0.0957202166 0.0957202166 0.0957202166 2.0957172120 0.0957232210 0.0957202166 0.0957202166 0.0957202166 0.0957202166 0.0957202166 0.0957202166 0.0957202166 0.0957202166 0.0957202169 0.0957202166
6.6350009000 0.0957215818 0.0957259623 0.0957202167 0.0957238604 0.0957463624 3.5563537707 0.0957262130 0.0957202180 0.0957202187 0.0957290692 0.0957286009 0.0957276959 0.0957202280 0.0957383514
0.0957202166 0.0957214032 0.0957290386 1.0960696161 0.0957202181 0.0957202166 0.0957202166 0.0957202166 0.0957262182 1.9288923458 0.0957202167 0.0957264922 0.0957263815 1.2621702335 0.0957202192
0.0957202166 0.0957202166 0.0957202167 7.0957313435 0.0957209681 0.0957202166 0.0957208500 1.0956984732 0.0957202166 0.0957202166 0.0957202166 0.0957206955 0.0957202166 0.0957289694 0.0957202166
0.0957202166 0.0957206196 0.0957202166 6.0957164215 0.0957226443 0.0957202166 0.0957209633 0.0957202166 0.0957202166 0.0957202166 0.0957204344 0.0957202166 0.0957202166 0.0957202167 0.0957202166
0.0957202166 0.0957202166 0.0957202167 7.0957313435 0.0957209681 0.0957202166 0.0957208500 1.0956984732 0.0957202166 0.0957202166 0.0957202166 0.0957206955 0.0957202166 0.0957289694 0.0957202166
0.0957202166 10.0957981460 0.0957282125 1.0957202166 0.0957212962 1.0956019126 0.0957219252 0.0957203530 0.0957243919 0.0957202166 0.0957219747 0.0957225831 0.0957374924 0.0957240814 0.0957202307
0.0957276548 0.0957224764 13.9812360145 0.0957227161 0.0957240945 0.0957224083 0.0957228305 0.0957271188 0.0957278219 0.0957343498 0.0957207024 0.0957381018 0.0957285562 8.2101261743 0.0957222293
0.0957357028 0.0957202166 0.0957409163 0.0957202166 1.0957201636 0.0957202167 0.0957230176 0.0957304826 0.0957202184 0.0957231037 0.0957235366 4.0956512663 0.0957228960 0.0957229206 0.0957283750
0.0957202166 0.0957202166 0.0957202166 2.9914994417 0.0957202166 0.0957202166 0.0957202207 0.0957202168 0.0957202166 0.0957202166 0.0957202166 0.0957202166 1.1999409873 0.0957202166 0.0957202166
0.0957202181 0.0957262041 0.0957202166 5.6951628164 3.9277012676 0.0957393734 0.0957228967 1.8654230860 0.0957250839 0.0957202253 3.5942826561 0.0957229294 3.3959832435 0.0957263133 0.0957267191
0.0957202166 0.0957260969 0.0957202166 0.0957202166 0.0957202166 2.0956885851 0.0957202166 0.0957231847 0.0957202166 0.0957202166 0.0957216792 0.0957202166 0.0957415372 0.0957202166 0.0957202166
0.0957202166 0.0957202166 0.0957202166 2.9914994417 0.0957202166 0.0957202166 0.0957202207 0.0957202168 0.0957202166 0.0957202166 0.0957202166 0.0957202166 1.1999409873 0.0957202166 0.0957202166
0.0957202181 0.0957262041 0.0957202166 5.6951628164 3.9277012676 0.0957393734 0.0957228967 1.8654230860 0.0957250839 0.0957202253 3.5942826561 0.0957229294 3.3959832435 0.0957263133 0.0957267191
1.4068093404 0.0957214947 0.0957204820 7.7888252468 0.0957203632 0.0957202167 0.0957202166 0.0957312589 0.0957266814 2.0914749499 0.0957202179 0.0957300620 0.0957268573 0.0957324861 0.0957233754
7.5578588101 0.0957222664 0.0957277805 0.0957222664 0.0957232224 0.0957516966 2.6334750298 0.0957277094 0.0957222677 0.0957222664 0.0957280410 0.0957325408 0.0957228795 0.0957222774 0.0957441952
7.5578588101 0.0957222664 0.0957277805 0.0957222664 0.0957232224 0.0957516966 2.6334750298 0.0957277094 0.0957222677 0.0957222664 0.0957280410 0.0957325408 0.0957228795 0.0957222774 0.0957441952
0.0957263287 0.0957202675 0.0957202166 0.0957202166 0.0957202166 0.0957296097 0.0957218366 0.0957207693 0.0957202166 0.0957217721 0.0957237363 0.0957264535 0.0957227164 0.0957202166 9.0956886762
0.0957285690 1.8631717197 0.0957289910 0.0957285864 0.0957285715 0.0957363044 0.0957285690 0.0957285690 0.0957388544 1.3281136563 0.0957285690 0.0957393243 0.0957391344 0.0957352577 0.0957285734
0.0957202170 0.0957420724 0.0957202166 0.0957202166 0.0957202166 7.9123268355 0.0957204196 0.0957208170 0.0957351265 0.0957524409 0.0957266959 0.0957213352 1.2790208760 0.0957202175 0.0957355462
0.0957258522 0.0957235442 0.0957268597 0.0957267614 0.0957229371 3.8415584550 0.0957299640 0.0957234540 0.0957251342 0.0957264249 0.0957407751 20.3497122231 0.0957660726 0.0957684486 0.0957263433
0.0957459686 0.0957260265 0.0957216134 0.0957239075 0.0957234841 4.2107821135 0.0957336225 0.0957265730 0.0957204263 3.9805048616 0.0957421899 0.0957425993 0.0957468808 0.0957202234 0.0957427591
0.0957459686 0.0957260265 0.0957216134 0.0957239075 0.0957234841 4.2107821135 0.0957336225 0.0957265730 0.0957204263 3.9805048616 0.0957421899 0.0957425993 0.0957468808 0.0957202234 0.0957427591
0.0957425031 0.0957226384 0.0957202166 0.0957202167 0.0957229248 0.0957260738 2.9976249382 3.1159175179 0.0957202167 0.0957239540 0.0957308833 0.0957269953 0.0957311629 0.0957664908 2.1735065168
0.0957208993 0.0957216763 0.0957237588 18.0214982784 0.0957269202 0.0957212444 0.0957213362 0.0957243385 0.0957264790 0.0957247801 0.0957239860 0.0957263379 0.0957278367 17.1698935088 0.0957218687
0.0957258522 0.0957235442 0.0957268597 0.0957267614 0.0957229371 3.8415584550 0.0957299640 0.0957234540 0.0957251342 0.0957264249 0.0957407751 20.3497122231 0.0957660726 0.0957684486 0.0957263433
0.0957459686 0.0957260265 0.0957216134 0.0957239075 0.0957234841 4.2107821135 0.0957336225 0.0957265730 0.0957204263 3.9805048616 0.0957421899 0.0957425993 0.0957468808 0.0957202234 0.0957427591
0.0957258522 0.0957235442 0.0957268597 0.0957267614 0.0957229371 3.8415584550 0.0957299640 0.0957234540 0.0957251342 0.0957264249 0.0957407751 20.3497122231 0.0957660726 0.0957684486 0.0957263433
0.0957459686 0.0957260265 0.0957216134 0.0957239075 0.0957234841 4.2107821135 0.0957336225 0.0957265730 0.0957204263 3.9805048616 0.0957421899 0.0957425993 0.0957468808 0.0957202234 0.0957427591
