-93.28813
-190.37729
-45.48562
-22.82146
-190.37729
-44.39795
-90.08201
-85.18445
-65.12544
-15.50506
-85.18445
-57.29330
-104.46471
-57.29330
-104.46471
-24.31418
-104.46471
-57.29330
-96.62551
-138.99008
-21.56767
-79.98151
-57.07621
-29.61802
-57.07621
-34.96841
-90.08201
-79.98151
-90.08201
-90.08201
-73.66791
-43.17541
-95.62314
-34.64788
-50.51647
-37.28976
-50.51647
-74.11573
-50.51647
-37.28976
-50.51647
-81.22078
-46.38451
-27.98644
-61.29057
-122.76148
-156.55163
-23.63110
-134.29067
-18.41578
-25.76270
-16.23735
-12.46616
-39.17885
-63.30942
-24.69951
-26.52974
-12.60730
-23.35963
-65.46641
-44.11715
-39.42912
-57.20384
-36.62418
-29.61802
-26.52974
-65.46641
-44.11715
-39.42912
-57.20384
-36.62418
-29.61802
-63.30942
-27.98048
-44.11715
-24.37639
-19.12836
-46.88482
-17.22142
-31.56148
-68.82347
-18.95213
-41.18897
-27.88928
-38.14124
-34.70908
-17.91641
-30.58671
-17.07359
-14.09696
-10.45010
-21.74790
-41.18897
-27.88928
-46.88482
-17.22142
-31.56148
-21.74790
-68.82347
-18.95213
-41.18897
-27.88928
-26.81360
-18.21606
-90.08201
-79.98151
-84.47600
-17.48791
-5.13429
-62.33359
-11.27328
-41.77664
-84.55540
-44.39795
-52.73372
-34.96841
-119.56837
-8.80980
-41.61512
-8.80980
-79.98151
-116.37595
-38.99509
-75.46533
-138.99008
-38.99509
-79.98151
-75.46533
-138.99008
-41.61512
-75.46533
-138.99008
-52.82304
-58.44281
-101.52671
-106.05395
-31.56148
-5.13429
-45.07053
-61.29057
-31.21264
-11.04459
-12.46616
-41.18897
-41.18897
-90.08201
-90.08201
-84.47600
-86.46521
-52.48757
-86.46521
-89.67447
-38.93517
-22.20434
-153.91216
-27.98644
-134.21606
-27.98644
-86.46521
-90.08201
-37.80671
-79.98151
-199.10934
-112.87172
-38.99509
-35.70409
-126.68509
-17.48791
-5.13429
-21.56767
-30.02350
-138.60228
-126.68509
-17.48791
-126.68509
-17.48791
-60.48372
-45.48562
-147.49243
-109.57652
-57.61928
-109.57652
-84.03788
-71.53843
-38.16392
-10.53251
-111.98424
-129.88599
-41.02283
-175.76492
-21.93454
-46.57296
-111.98424
-129.88599
-22.20434
-10.98816
-93.28813
-52.48757
-25.49292
-26.16001
-41.76410
-52.73372
-31.56148
-17.22142
-31.56148
-31.67436
-67.54114
-31.67436
-67.54114
-31.58957
-33.07622
-59.70337
-16.23735
-66.29191
-34.02812
-59.70337
-11.64177
-70.85811
-10.53084
-15.33106
-23.35963
-81.48343
-14.86284
-17.91641
-81.48343
-55.91826
-54.57370
-43.58786
-145.19188
-33.58333
-44.39795
-52.48757
-21.74790
-34.88176
-21.93454
-39.42912
-21.87266
-57.61928
-18.95213
-36.78018
-97.73442
-83.64068
-21.68279
-89.67447
-197.81967
-197.81967
-89.67447
-89.67447
-43.52107
-89.67447
-197.81967
-89.67447
-197.81967
-84.47600
-57.07621
-43.17541
-66.67250
-55.50080
-26.41725
-138.99008
-59.38029
-45.31064
-45.31064
-66.67250
-17.91641
-49.17432
-21.93454
-30.05641
-37.45266
-37.45266
-23.60694
-111.92498
-153.64068
-63.94861
-47.24920
-39.21536
-82.57559
-162.89700
-25.20570
-11.75483
-73.66791
-14.05160
-25.20570
-11.75483
-73.66791
-73.66791
-55.51650
-12.79670
-65.18429
-43.15296
-55.51650
-65.18429
-50.39508
-23.05952
-25.05569
-20.85988
-129.25597
-63.06449
-58.31743
-93.79085
-25.82508
-58.31743
-93.79085
-129.43271
-43.39506
-33.11801
-23.63110
-27.98644
-14.21276
-22.20434
-14.09696
-5.13429
-9.81476
-52.48757
-25.05569
-42.80893
-34.02812
-42.80893
-82.75238
-111.92498
-24.31418
-29.58502
-104.87238
-9.86046
-29.58502
-104.87238
-72.97011
-148.81875
-148.81875
-44.41151
-112.33264
-44.05442
-135.80417
-34.96841
-34.96841
-45.48562
-199.10934
-135.80417
-34.96841
-135.80417
-34.96841
