-38.46193
-29.26413
-75.93903
-23.44767
-83.50723
-95.06758
-95.06758
-59.10479
-114.38776
-59.10479
-114.38776
-59.10479
-114.38776
-59.10479
-114.38776
-114.38776
-82.48150
-59.10479
-104.19734
-82.48150
-116.54219
-131.59391
-131.59391
-23.84205
-16.03445
-30.30551
-104.19734
-54.03257
-17.86609
-21.86406
-21.86406
-91.45842
-52.05673
-111.12461
-111.12461
-177.84265
-16.62822
-16.62822
-17.51915
-17.51915
-67.24184
-7.25851
-82.48150
-83.50723
-7.25851
-176.27550
-36.53471
-15.75209
-14.64487
-27.99295
-14.64487
-66.93287
-27.99295
-23.33174
-131.59391
-23.33174
-47.55656
-146.18857
-47.55656
-146.18857
-127.70841
-24.11549
-127.70841
-27.96962
-27.96962
-69.51842
-69.51842
-123.68724
-80.08652
-139.61493
-139.61493
-31.84547
-81.60325
-127.70841
-31.84547
-81.60325
-81.60325
-57.27454
-57.27454
-56.38181
-73.78686
-17.05295
-50.04909
-133.23029
-41.20900
-117.12953
-41.20900
-151.64055
-123.85975
-41.27271
-64.37723
-33.80386
-14.96857
-14.96857
-66.23246
-23.44767
-18.30310
-18.30310
-14.96857
-23.47541
-104.19734
-68.82909
-118.67575
-104.19734
-104.19734
-68.82909
-65.48466
-180.91161
-68.82909
-118.67575
-68.82909
-180.91161
-168.48911
-139.95400
-168.48911
-18.22250
-18.22250
-24.06575
-48.60315
-46.06645
-46.06645
-48.60315
-154.50387
-55.87638
-87.21843
-135.31767
-53.25125
-87.21843
-53.25125
-46.06645
-87.21843
-51.27001
-70.31358
-144.65923
-55.87638
-135.31767
-144.65923
-70.31358
-77.15257
-86.99194
-135.31767
-173.61378
-78.35390
-51.27001
-51.27001
-173.61378
-108.52172
-173.61378
-78.35390
-76.96638
-97.09870
-47.92007
-47.92007
-109.95150
-74.26622
-102.58860
-172.94664
-172.94664
-111.04110
-74.26622
-63.95229
-51.27001
-20.78828
-89.24487
-119.50324
-51.27001
-56.01713
-79.47818
-67.18854
-37.73845
-73.43897
-22.01113
-99.36007
-33.03683
-65.48466
-99.69600
-33.03683
-24.11160
-45.59820
-192.38881
-18.30310
-45.59820
-110.75357
-81.83245
-98.47402
-98.47402
-89.29892
-53.59477
-78.38336
-99.25091
-201.02597
-29.54690
-74.26622
-83.50723
-28.71352
-74.26622
-29.54690
-74.26622
-74.26622
-66.64524
-23.66250
-33.46105
-111.12461
-111.12461
-75.64806
-75.64806
-75.64806
-75.64806
-75.64806
-82.83006
-21.96969
-82.83006
-21.96969
-82.83006
-21.96969
-82.83006
-123.38144
-396.17833
-108.52172
-67.62565
-7.33159
-38.99145
-59.33553
-7.33159
-39.47656
-133.32067
-38.99145
-29.42285
-173.61378
-38.46193
-145.40841
-53.27587
-50.04909
-176.27550
-71.48190
-34.39551
-23.72027
-33.67513
-83.11640
-23.72027
-53.18199
-173.83241
-39.56037
-59.49409
-114.37269
-22.11922
-120.00125
-142.40277
-74.26622
-41.74774
-83.50723
-153.61360
-104.19734
-102.58860
-17.75381
-86.35700
-43.14836
-81.60325
-78.15833
-106.19972
-34.39551
-38.46193
-131.59391
-86.99194
-104.19734
-15.66883
-42.58891
-103.21244
-63.95229
-66.23470
-42.58891
-66.23470
-35.65936
-29.79873
-57.61351
-23.04517
-32.36412
-14.25981
-60.88905
-74.26622
-9.92255
-53.47542
-61.37505
-15.22445
-9.92255
-53.47542
-15.22445
-53.47542
-40.13671
-67.62565
-40.92770
-40.92770
-104.19734
-102.95524
-86.20592
-55.87638
-86.20592
-86.20592
-14.96857
-104.19734
-133.32067
-41.20900
-126.35019
-111.12461
-75.06865
-170.30216
-75.64806
-75.06865
-18.30310
-133.32067
-51.72952
-98.47402
-75.64806
-153.61360
-153.61360
-100.39157
-170.30216
-65.31174
-51.72952
-170.30216
-98.47402
