0.0394322723 0.0394322723 0.0394322723 0.0394322723 0.0394322723 10.3758643740 0.0394322723 0.0394322723 2.4742686805 0.0394322723 0.0394322723 0.0394322723 0.0394322723 0.0394322723 0.0394322723 0.0394322723 0.0394322723 0.0394322723 2.2681637624 0.0394322723
0.0394322723 0.0394322723 0.0394322723 0.0394322723 0.0394322723 0.0394322723 9.2096216086 0.0394322723 0.0394322723 0.0394322723 22.8692429360 0.0394322723 0.0394322723 0.0394322723 0.0394322723 0.0394322723 0.0394322723 0.0394322723 0.0394322723 0.0394322723
0.0394322723 0.0394322723 0.0394322723 0.0394322723 0.0394322723 0.0394322723 9.2096216086 0.0394322723 0.0394322723 0.0394322723 22.8692429360 0.0394322723 0.0394322723 0.0394322723 0.0394322723 0.0394322723 0.0394322723 0.0394322723 0.0394322723 0.0394322723
0.0394322723 0.0394322723 0.0394322723 0.0394322723 0.0394322723 0.0394322723 9.2096216086 0.0394322723 0.0394322723 0.0394322723 22.8692429360 0.0394322723 0.0394322723 0.0394322723 0.0394322723 0.0394322723 0.0394322723 0.0394322723 0.0394322723 0.0394322723
0.0394322723 0.0394322723 0.0394322723 0.0394322723 0.0394322723 0.0394322723 0.0394322723 0.0394322723 0.0394322723 0.0394322723 0.0394322723 0.0394322723 8.3002159794 0.0394322723 0.0394322723 1.7786485652 0.0394322723 0.0394322723 0.0394322723 0.0394322723
0.0394322723 0.0394322723 0.0394322723 0.0394322723 0.0394322723 0.0394322723 0.0394322723 0.0394322723 0.0394322723 0.0394322723 0.0394322723 12.0394322723 0.0394322723 0.0394322723 0.0394322723 0.0394322723 0.0394322723 0.0394322723 0.0394322723 0.0394322723
0.0394322723 0.0394322723 0.0394322723 0.0394322723 0.0394322723 13.4693899325 0.0394322723 0.0394322723 0.0394322723 0.0394322723 0.0394322723 2.6094746121 0.0394322723 0.0394322723 0.0394322723 0.0394322723 0.0394322723 0.0394322723 0.0394322723 0.0394322723
0.0394322723 0.0394322723 0.0394322723 0.0394322723 0.0394322723 0.0394322723 0.0394322723 0.0394322723 0.0394322723 0.0394322723 0.0394322723 0.0394322723 8.3002159794 0.0394322723 0.0394322723 1.7786485652 0.0394322723 0.0394322723 0.0394322723 0.0394322723
0.0394322723 0.0394322723 0.0394322723 0.0394322723 0.0394322723 0.0394322723 0.0394322723 0.0394322723 0.0394322723 0.0394322723 0.0394322723 0.0394322723 8.3002159794 0.0394322723 0.0394322723 1.7786485652 0.0394322723 0.0394322723 0.0394322723 0.0394322723
0.0394322723 0.0394322723 0.0394322723 0.0394322723 0.0394322723 0.0394322723 0.0394322723 0.0394322723 0.0394322723 0.0394322723 0.0394322723 12.0394322723 0.0394322723 0.0394322723 0.0394322723 0.0394322723 0.0394322723 0.0394322723 0.0394322723 0.0394322723
0.0394322723 0.0394322723 0.0394322723 0.0394322723 0.0394322723 0.0394322723 0.0394322723 12.0394322723 0.0394322723 0.0394322723 0.0394322723 0.0394322723 0.0394322723 0.0394322723 0.0394322723 0.0394322723 0.0394322723 0.0394322723 0.0394322723 0.0394322723
21.0394322723 0.0394322723 0.0394322723 0.0394322723 0.0394322723 0.0394322723 0.0394322723 0.0394322723 0.0394322723 0.0394322723 0.0394322723 0.0394322723 0.0394322723 0.0394322723 0.0394322723 0.0394322723 0.0394322723 0.0394322723 0.0394322723 0.0394322723
0.0394322723 0.0394322723 0.0394322723 0.0394322723 0.0394322723 0.0394322723 0.0394322723 12.0394322723 0.0394322723 0.0394322723 0.0394322723 0.0394322723 0.0394322723 0.0394322723 0.0394322723 0.0394322723 0.0394322723 0.0394322723 0.0394322723 0.0394322723
0.0394322723 0.0394322723 0.0394322723 0.0394322723 0.0394322723 0.0394322723 0.0394322723 12.0394322723 0.0394322723 0.0394322723 0.0394322723 0.0394322723 0.0394322723 0.0394322723 0.0394322723 0.0394322723 0.0394322723 0.0394322723 0.0394322723 0.0394322723
21.0394322723 0.0394322723 0.0394322723 0.0394322723 0.0394322723 0.0394322723 0.0394322723 0.0394322723 0.0394322723 0.0394322723 0.0394322723 0.0394322723 0.0394322723 0.0394322723 0.0394322723 0.0394322723 0.0394322723 0.0394322723 0.0394322723 0.0394322723
0.0394322723 0.0394322723 0.0394322723 0.0394322723 0.0394322723 0.0394322723 0.0394322723 0.0394322723 0.0394322723 0.0394322723 0.0394322723 0.0394322723 0.0394322723 0.0394322723 13.0394322723 0.0394322723 0.0394322723 0.0394322723 0.0394322723 0.0394322723
0.0394322723 0.0394322723 0.0394322723 0.0394322723 0.0394322723 0.0394322723 0.0394322723 0.0394322723 0.0394322723 0.0394322723 0.0394322723 5.0394322723 0.0394322723 0.0394322723 0.0394322723 0.0394322723 0.0394322723 0.0394322723 0.0394322723 0.0394322723
0.0394322723 0.0394322723 0.0394322723 0.0394322723 0.0394322723 0.0394322723 0.0394322723 0.0394322723 0.0394322723 0.0394322723 0.0394322723 0.0394322723 0.0394322723 0.0394322723 0.0394322723 0.0394322723 0.0394322723 12.0394322723 0.0394322723 0.0394322723
0.0394322723 0.0394322723 0.0394322723 0.0394322723 0.0394322723 0.0394322723 0.0394322723 0.0394322723 0.0394322723 0.0394322723 0.0394322723 0.0394322723 0.0394322723 0.0394322723 0.0394322723 0.0394322723 0.0394322723 21.0394322723 0.0394322723 0.0394322723
0.0394322723 0.0394322723 0.0394322723 0.0394322723 0.0394322723 0.0394322723 0.0394322723 0.0394322723 0.0394322723 0.0394322723 0.0394322723 5.0394322723 0.0394322723 0.0394322723 0.0394322723 0.0394322723 0.0394322723 0.0394322723 0.0394322723 0.0394322723
0.0394322723 0.0394322723 0.0394322723 0.0394322723 0.0394322723 0.0394322723 0.0394322723 0.0394322723 0.0394322723 0.0394322723 0.0394322723 0.0394322723 0.0394322723 0.0394322723 9.0394322723 0.0394322723 0.0394322723 0.0394322723 0.0394322723 0.0394322723
0.0394322723 0.0394322723 0.0394322723 20.5021719617 0.0394322723 0.0394322723 1.5766925829 0.0394322723 0.0394322723 0.0394322723 0.0394322723 0.0394322723 0.0394322723 0.0394322723 0.0394322723 0.0394322723 0.0394322723 0.0394322723 0.0394322723 0.0394322723
0.0394322723 0.0394322723 0.0394322723 0.0394322723 0.0394322723 14.0394322723 0.0394322723 0.0394322723 0.0394322723 0.0394322723 0.0394322723 0.0394322723 0.0394322723 0.0394322723 0.0394322723 0.0394322723 0.0394322723 0.0394322723 0.0394322723 0.0394322723
0.0394322723 0.0394322723 0.0394322723 0.0394322723 16.7500887634 0.0394322723 1.3287757812 0.0394322723 0.0394322723 0.0394322723 0.0394322723 0.0394322723 0.0394322723 0.0394322723 0.0394322723 0.0394322723 0.0394322723 0.0394322723 0.0394322723 0.0394322723
0.0394322723 0.0394322723 0.0394322723 0.0394322723 0.0394322723 0.0394322723 0.0394322723 0.0394322723 0.0394322723 0.0394322723 0.0394322723 0.0394322723 0.0394322723 0.0394322723 0.0394322723 24.0394322723 0.0394322723 0.0394322723 0.0394322723 0.0394322723
0.0394322723 0.0394322723 0.0394322723 0.0394322723 0.0394322723 0.0394322723 0.0394322723 0.0394322723 0.0394322723 0.0394322723 0.0394322723 0.0394322723 0.0394322723 0.0394322723 0.0394322723 0.0394322723 0.0394322723 12.0394322723 0.0394322723 0.0394322723
0.0394322723 0.0394322723 0.0394322723 0.0394322723 0.0394322723 0.0394322723 0.0394322723 0.0394322723 0.0394322723 0.0394322723 0.0394322723 0.0394322723 0.0394322723 0.0394322723 0.0394322723 0.0394322723 0.0394322723 21.0394322723 0.0394322723 0.0394322723
0.0394322723 0.0394322723 0.0394322723 0.0394322723 0.0394322723 0.0394322723 0.0394322723 0.0394322723 0.0394322723 0.0394322723 0.0394322723 0.0394322723 0.0394322723 0.0394322723 0.0394322723 0.0394322723 0.0394322723 21.0394322723 0.0394322723 0.0394322723
0.0394322723 0.0394322723 0.0394322723 0.0394322723 0.0394322723 0.0394322723 0.0394322723 20.0394322723 0.0394322723 0.0394322723 0.0394322723 0.0394322723 0.0394322723 0.0394322723 0.0394322723 0.0394322723 0.0394322723 0.0394322723 0.0394322723 0.0394322723
0.0394322723 0.0394322723 0.0394322723 0.0394322723 0.0394322723 0.0394322723 0.0394322723 0.0394322723 0.0394322723 0.0394322723 0.0394322723 12.0394322723 0.0394322723 0.0394322723 0.0394322723 0.0394322723 0.0394322723 0.0394322723 0.0394322723 0.0394322723
0.0394322723 0.0394322723 0.0394322723 20.5021719617 0.0394322723 0.0394322723 1.5766925829 0.0394322723 0.0394322723 0.0394322723 0.0394322723 0.0394322723 0.0394322723 0.0394322723 0.0394322723 0.0394322723 0.0394322723 0.0394322723 0.0394322723 0.0394322723
0.0394322723 0.0394322723 0.0394322723 0.0394322723 0.0394322723 0.0394322723 0.0394322723 26.0394322723 0.0394322723 0.0394322723 0.0394322723 0.0394322723 0.0394322723 0.0394322723 0.0394322723 0.0394322723 0.0394322723 0.0394322723 0.0394322723 0.0394322723
0.0394322723 0.0394322723 0.0394322723 0.0394322723 0.0394322723 0.0394322723 0.0394322723 0.0394322723 0.0394322723 0.0394322723 0.0394322723 0.0394322723 0.0394322723 0.0394322723 0.0394322723 7.0561534002 5.0227111444 0.0394322723 0.0394322723 0.0394322723
0.0394322723 0.0394322723 0.0394322723 0.0394322723 0.0394322723 0.0394322723 0.0394322723 0.0394322723 0.0394322723 0.0394322723 0.0394322723 0.0394322723 0.0394322723 0.0394322723 0.0394322723 13.0394322723 0.0394322723 0.0394322723 0.0394322723 0.0394322723
0.0394322723 0.0394322723 0.0394322723 0.0394322723 0.0394322723 0.0394322723 9.0975921560 0.0394322723 5.9812723886 0.0394322723 0.0394322723 0.0394322723 0.0394322723 0.0394322723 0.0394322723 0.0394322723 0.0394322723 0.0394322723 0.0394322723 0.0394322723
0.0394322723 0.0394322723 0.0394322723 0.0394322723 16.7500887634 0.0394322723 1.3287757812 0.0394322723 0.0394322723 0.0394322723 0.0394322723 0.0394322723 0.0394322723 0.0394322723 0.0394322723 0.0394322723 0.0394322723 0.0394322723 0.0394322723 0.0394322723
0.0394322723 0.0394322723 12.7651792263 0.0394322723 0.0394322723 0.0394322723 0.0394322723 0.0394322723 0.0394322723 0.0394322723 0.0394322723 0.0394322723 0.0394322723 0.0394322723 0.0394322723 0.0394322723 1.3136853183 0.0394322723 0.0394322723 0.0394322723
0.0394322723 0.0394322723 0.0394322723 0.0394322723 23.0394322723 0.0394322723 0.0394322723 0.0394322723 0.0394322723 0.0394322723 0.0394322723 0.0394322723 0.0394322723 0.0394322723 0.0394322723 0.0394322723 0.0394322723 0.0394322723 0.0394322723 0.0394322723
0.0394322723 0.0394322723 0.0394322723 0.0394322723 0.0394322723 0.0394322723 0.0394322723 0.0394322723 0.0394322723 0.0394322723 0.0394322723 0.0394322723 0.0394322723 0.0394322723 0.0394322723 0.0394322723 0.0394322723 0.0394322723 0.0394322723 14.0394322723
2.3916277843 0.0394322723 0.0394322723 0.0394322723 0.0394322723 0.0394322723 0.0394322723 0.0394322723 3.6872367602 0.0394322723 0.0394322723 0.0394322723 0.0394322723 0.0394322723 0.0394322723 0.0394322723 0.0394322723 0.0394322723 0.0394322723 0.0394322723
0.0394322723 0.0394322723 0.0394322723 0.0394322723 0.0394322723 0.0394322723 0.0394322723 0.0394322723 0.0394322723 6.0394322723 0.0394322723 0.0394322723 0.0394322723 0.0394322723 0.0394322723 0.0394322723 0.0394322723 0.0394322723 0.0394322723 0.0394322723
0.0394322723 0.0394322723 0.0394322723 0.0394322723 0.0394322723 8.0394322723 0.0394322723 0.0394322723 0.0394322723 0.0394322723 0.0394322723 0.0394322723 0.0394322723 0.0394322723 0.0394322723 0.0394322723 0.0394322723 0.0394322723 0.0394322723 0.0394322723
0.0394322723 0.0394322723 0.0394322723 0.0394322723 0.0394322723 0.0394322723 0.0394322723 0.0394322723 0.0394322723 0.0394322723 0.0394322723 4.0394322723 0.0394322723 0.0394322723 0.0394322723 0.0394322723 0.0394322723 0.0394322723 0.0394322723 0.0394322723
0.0394322723 0.0394322723 0.0394322723 0.0394322723 0.0394322723 0.0394322723 0.0394322723 0.0394322723 0.0394322723 0.0394322723 0.0394322723 0.0394322723 0.0394322723 0.0394322723 0.0394322723 0.0394322723 0.0394322723 0.0394322723 0.0394322723 8.0394322723
0.0394322723 0.0394322723 0.0394322723 0.0394322723 0.0394322723 0.0394322723 11.0394322723 0.0394322723 0.0394322723 0.0394322723 0.0394322723 0.0394322723 0.0394322723 0.0394322723 0.0394322723 0.0394322723 0.0394322723 0.0394322723 0.0394322723 0.0394322723
0.0394322723 0.0394322723 0.0394322723 0.0394322723 0.0394322723 0.0394322723 0.0394322723 0.0394322723 0.0394322723 0.0394322723 0.0394322723 0.0394322723 0.0394322723 0.0394322723 0.0394322723 0.0394322723 0.0394322723 0.0394322723 0.0394322723 4.0394322723
0.0394322723 0.0394322723 0.0394322723 0.0394322723 0.0394322723 8.0394322723 0.0394322723 0.0394322723 0.0394322723 0.0394322723 0.0394322723 0.0394322723 0.0394322723 0.0394322723 0.0394322723 0.0394322723 0.0394322723 0.0394322723 0.0394322723 0.0394322723
0.0394322723 0.0394322723 0.0394322723 0.0394322723 0.0394322723 8.0394322723 0.0394322723 0.0394322723 0.0394322723 0.0394322723 0.0394322723 0.0394322723 0.0394322723 0.0394322723 0.0394322723 0.0394322723 0.0394322723 0.0394322723 0.0394322723 0.0394322723
0.0394322723 0.0394322723 0.0394322723 0.0394322723 0.0394322723 0.0394322723 11.0394322723 0.0394322723 0.0394322723 0.0394322723 0.0394322723 0.0394322723 0.0394322723 0.0394322723 0.0394322723 0.0394322723 0.0394322723 0.0394322723 0.0394322723 0.0394322723
0.0394322723 0.0394322723 0.0394322723 0.0394322723 0.0394322723 8.0394322723 0.0394322723 0.0394322723 0.0394322723 0.0394322723 0.0394322723 0.0394322723 0.0394322723 0.0394322723 0.0394322723 0.0394322723 0.0394322723 0.0394322723 0.0394322723 0.0394322723
0.0394322723 0.0394322723 0.0394322723 0.0394322723 0.0394322723 0.0394322723 9.0394322723 0.0394322723 0.0394322723 0.0394322723 0.0394322723 0.0394322723 0.0394322723 0.0394322723 0.0394322723 0.0394322723 0.0394322723 0.0394322723 0.0394322723 0.0394322723
0.0394322723 0.0394322723 0.0394322723 0.0394322723 0.0394322723 0.0394322723 0.0394322723 0.0394322723 0.0394322723 0.0394322723 0.0394322723 0.0394322723 0.0394322723 0.0394322723 0.0394322723 0.0394322723 0.0394322723 0.0394322723 0.0394322723 4.0394322723
0.0394322723 0.0394322723 0.0394322723 0.0394322723 0.0394322723 0.0394322723 16.0394322723 0.0394322723 0.0394322723 0.0394322723 0.0394322723 0.0394322723 0.0394322723 0.0394322723 0.0394322723 0.0394322723 0.0394322723 0.0394322723 0.0394322723 0.0394322723
0.0394322723 0.0394322723 0.0394322723 0.0394322723 0.0394322723 0.0394322723 9.0394322723 0.0394322723 0.0394322723 0.0394322723 0.0394322723 0.0394322723 0.0394322723 0.0394322723 0.0394322723 0.0394322723 0.0394322723 0.0394322723 0.0394322723 0.0394322723
0.0394322723 0.0394322723 0.0394322723 0.0394322723 0.0394322723 0.0394322723 0.0394322723 0.0394322723 0.0394322723 0.0394322723 0.0394322723 2.3242971917 0.0394322723 0.0394322723 0.0394322723 0.0394322723 0.0394322723 0.0394322723 1.7545673529 0.0394322723
0.0394322723 0.0394322723 0.0394322723 0.0394322723 0.0394322723 5.0394322723 0.0394322723 0.0394322723 0.0394322723 0.0394322723 0.0394322723 0.0394322723 0.0394322723 0.0394322723 0.0394322723 0.0394322723 0.0394322723 0.0394322723 0.0394322723 0.0394322723
0.0394322723 0.0394322723 0.0394322723 0.0394322723 0.0394322723 0.0394322723 9.0394322723 0.0394322723 0.0394322723 0.0394322723 0.0394322723 0.0394322723 0.0394322723 0.0394322723 0.0394322723 0.0394322723 0.0394322723 0.0394322723 0.0394322723 0.0394322723
0.0394322723 0.0394322723 0.0394322723 0.0394322723 0.0394322723 0.0394322723 0.0394322723 0.0394322723 0.0394322723 0.0394322723 0.0394322723 0.0394322723 0.0394322723 0.0394322723 0.0394322723 0.0394322723 0.0394322723 0.0394322723 0.0394322723 4.0394322723
0.0394322723 0.0394322723 0.0394322723 0.0394322723 0.0394322723 0.0394322723 0.0394322723 0.0394322723 0.0394322723 0.0394322723 0.0394322723 3.0394322723 0.0394322723 0.0394322723 0.0394322723 0.0394322723 0.0394322723 0.0394322723 0.0394322723 0.0394322723
0.0394322723 0.0394322723 0.0394322723 0.0394322723 0.0394322723 0.0394322723 0.0394322723 0.0394322723 0.0394322723 0.0394322723 0.0394322723 1.2673694905 0.0394322723 0.0394322723 0.0394322723 12.8114950541 0.0394322723 0.0394322723 0.0394322723 0.0394322723
0.0394322723 0.0394322723 0.0394322723 0.0394322723 0.0394322723 0.0394322723 9.0394322723 0.0394322723 0.0394322723 0.0394322723 0.0394322723 0.0394322723 0.0394322723 0.0394322723 0.0394322723 0.0394322723 0.0394322723 0.0394322723 0.0394322723 0.0394322723
0.0394322723 0.0394322723 0.0394322723 0.0394322723 0.0394322723 0.0394322723 0.0394322723 0.0394322723 0.0394322723 0.0394322723 0.0394322723 3.0394322723 0.0394322723 0.0394322723 0.0394322723 0.0394322723 0.0394322723 0.0394322723 0.0394322723 0.0394322723
0.0394322723 0.0394322723 0.0394322723 0.0394322723 0.0394322723 0.0394322723 0.0394322723 0.0394322723 0.0394322723 0.0394322723 0.0394322723 0.0394322723 0.0394322723 0.0394322723 0.0394322723 8.1703098529 4.9085546917 0.0394322723 0.0394322723 0.0394322723
0.0394322723 0.0394322723 0.0394322723 0.0394322723 0.0394322723 0.0394322723 0.0394322723 0.0394322723 0.0394322723 0.0394322723 0.0394322723 0.0394322723 0.0394322723 0.0394322723 0.0394322723 0.0394322723 14.0394322723 0.0394322723 0.0394322723 0.0394322723
0.0394322723 0.0394322723 0.0394322723 0.0394322723 0.0394322723 0.0394322723 0.0394322723 0.0394322723 0.0394322723 0.0394322723 0.0394322723 0.0394322723 0.0394322723 0.0394322723 0.0394322723 36.0394322723 0.0394322723 0.0394322723 0.0394322723 0.0394322723
0.0394322723 0.0394322723 0.0394322723 0.0394322723 0.0394322723 0.0394322723 10.4790692783 0.0394322723 1.5997952662 0.0394322723 0.0394322723 0.0394322723 0.0394322723 0.0394322723 0.0394322723 0.0394322723 0.0394322723 0.0394322723 0.0394322723 0.0394322723
0.0394322723 0.0394322723 0.0394322723 0.0394322723 0.0394322723 0.0394322723 0.0394322723 0.0394322723 0.0394322723 0.0394322723 0.0394322723 0.0394322723 0.0394322723 12.0394322723 0.0394322723 0.0394322723 0.0394322723 0.0394322723 0.0394322723 0.0394322723
0.0394322723 0.0394322723 0.0394322723 0.0394322723 0.0394322723 0.0394322723 0.0394322723 0.0394322723 0.0394322723 0.0394322723 0.0394322723 0.0394322723 0.0394322723 0.0394322723 0.0394322723 13.0394322723 0.0394322723 0.0394322723 0.0394322723 0.0394322723
0.0394322723 0.0394322723 0.0394322723 0.0394322723 0.0394322723 16.0394322723 0.0394322723 0.0394322723 0.0394322723 0.0394322723 0.0394322723 0.0394322723 0.0394322723 0.0394322723 0.0394322723 0.0394322723 0.0394322723 0.0394322723 0.0394322723 0.0394322723
0.0394322723 0.0394322723 0.0394322723 0.0394322723 0.0394322723 0.0394322723 5.0394322723 0.0394322723 0.0394322723 0.0394322723 0.0394322723 0.0394322723 0.0394322723 0.0394322723 0.0394322723 0.0394322723 0.0394322723 0.0394322723 0.0394322723 0.0394322723
0.0394322723 2.2242598386 0.0394322723 0.0394322723 0.0394322723 0.0394322723 0.0394322723 0.0394322723 0.0394322724 0.0394322723 1.6717031348 0.0394322723 1.2223338435 0.0394322723 0.0394322723 0.0394322723 0.0394322723 0.0394322723 0.0394322723 0.0394322723
0.0394322723 0.0394322723 0.0394322723 0.0394322723 0.0394322723 0.0394322723 1.9835081173 0.0394322723 0.0394322723 0.0394322723 0.0394322723 0.0394322723 0.0394322723 5.0953564273 0.0394322723 0.0394322723 0.0394322723 0.0394322723 0.0394322723 0.0394322723
0.0394322723 0.0394322723 0.0394322723 0.0394322723 0.0394322723 0.0394322723 4.2053903234 3.8734742211 0.0394322723 0.0394322723 0.0394322723 0.0394322723 0.0394322723 0.0394322723 0.0394322723 0.0394322723 0.0394322723 0.0394322723 0.0394322723 0.0394322723
0.0394322723 0.0394322723 0.0394322723 0.0394322723 0.0394322723 0.0394322723 0.0394322723 0.0394322723 12.0394322723 0.0394322723 0.0394322723 0.0394322723 0.0394322723 0.0394322723 0.0394322723 0.0394322723 0.0394322723 0.0394322723 0.0394322723 0.0394322723
0.0394322723 0.0394322723 0.0394322723 0.0394322723 0.0394322723 10.3758643740 0.0394322723 0.0394322723 2.4742686805 0.0394322723 0.0394322723 0.0394322723 0.0394322723 0.0394322723 0.0394322723 0.0394322723 0.0394322723 0.0394322723 2.2681637624 0.0394322723
0.0394322723 2.5231014129 0.0394322723 0.0394322723 0.0394322723 0.0394322723 6.2999008281 0.0394322723 0.0394322723 0.0394322723 0.0394322723 0.0394322723 0.0394322723 0.0394322723 0.0394322723 0.0394322723 6.2952945759 0.0394322723 0.0394322723 0.0394322723
0.0394322723 0.0394322723 0.0394322723 0.0394322723 23.0394322723 0.0394322723 0.0394322723 0.0394322723 0.0394322723 0.0394322723 0.0394322723 0.0394322723 0.0394322723 0.0394322723 0.0394322723 0.0394322723 0.0394322723 0.0394322723 0.0394322723 0.0394322723
0.0394322723 0.0394322723 0.0394322723 0.0394322723 23.0394322723 0.0394322723 0.0394322723 0.0394322723 0.0394322723 0.0394322723 0.0394322723 0.0394322723 0.0394322723 0.0394322723 0.0394322723 0.0394322723 0.0394322723 0.0394322723 0.0394322723 0.0394322723
0.0394322723 2.5231014129 0.0394322723 0.0394322723 0.0394322723 0.0394322723 6.2999008281 0.0394322723 0.0394322723 0.0394322723 0.0394322723 0.0394322723 0.0394322723 0.0394322723 0.0394322723 0.0394322723 6.2952945759 0.0394322723 0.0394322723 0.0394322723
0.0394322723 0.0394322723 0.0394322723 0.0394322723 0.0394322723 0.0394322723 4.2053903234 3.8734742211 0.0394322723 0.0394322723 0.0394322723 0.0394322723 0.0394322723 0.0394322723 0.0394322723 0.0394322723 0.0394322723 0.0394322723 0.0394322723 0.0394322723
0.0394322723 0.0394322723 0.0394322723 0.0394322723 1.1612394656 8.1519931258 0.0394322723 0.0394322723 0.0394322723 3.6960074649 0.0394322723 0.0394322723 0.0394322723 0.0394322723 0.0394322723 1.6929036848 2.8876158145 0.0394322723 0.0394322723 2.6468340782
0.0394322723 0.0394322723 0.0394322723 0.0394322723 1.6403401100 0.0394322723 0.0394322723 6.5021558660 0.0394322723 0.0394322723 0.0394322723 0.0394322723 12.7534790615 0.0394322723 0.0394322723 0.0394322723 0.0394322723 0.0394322723 3.2617540517 0.0394322723
0.0394322723 0.0394322723 0.0394322723 0.0394322723 0.0394322723 0.0394322723 16.0394322723 0.0394322723 0.0394322723 0.0394322723 0.0394322723 0.0394322723 0.0394322723 0.0394322723 0.0394322723 0.0394322723 0.0394322723 0.0394322723 0.0394322723 0.0394322723
0.0394322723 0.0394322723 0.0394322723 0.0394322723 0.0394322723 0.0394322723 23.0394322723 0.0394322723 0.0394322723 0.0394322723 0.0394322723 0.0394322723 0.0394322723 0.0394322723 0.0394322723 0.0394322723 0.0394322723 0.0394322723 0.0394322723 0.0394322723
0.0394322723 0.0394322723 0.0394322723 0.0394322723 0.0394322723 13.4693899325 0.0394322723 0.0394322723 0.0394322723 0.0394322723 0.0394322723 2.6094746121 0.0394322723 0.0394322723 0.0394322723 0.0394322723 0.0394322723 0.0394322723 0.0394322723 0.0394322723
0.0394322723 0.0394322723 0.0394322723 0.0394322723 0.0394322723 0.0394322723 16.0394322723 0.0394322723 0.0394322723 0.0394322723 0.0394322723 0.0394322723 0.0394322723 0.0394322723 0.0394322723 0.0394322723 0.0394322723 0.0394322723 0.0394322723 0.0394322723
0.0394322723 0.0394322723 0.0394322723 0.0394322723 0.0394322723 3.0394322723 0.0394322723 0.0394322723 0.0394322723 0.0394322723 0.0394322723 0.0394322723 0.0394322723 0.0394322723 0.0394322723 0.0394322723 0.0394322723 0.0394322723 0.0394322723 0.0394322723
0.0394322723 0.0394322723 0.0394322723 0.0394322723 0.0394322723 0.0394322723 0.0394322723 0.0394322723 0.0394322723 0.0394322723 0.0394322723 0.0394322723 0.0394322723 0.0394322723 24.0394322723 0.0394322723 0.0394322723 0.0394322723 0.0394322723 0.0394322723
0.0394322723 0.0394322723 0.0394322723 4.5011166652 0.0394322723 0.0394322723 0.0394322723 0.0394322723 0.0394322723 0.0394322723 0.0394322723 0.0394322723 0.0394322723 0.0394322723 0.0394322723 0.0394322723 0.0394322723 1.5777478794 0.0394322723 0.0394322723
0.0394322723 0.0394322723 0.0394322723 0.0394322723 0.0394322723 0.0394322723 0.0394322723 12.0394322723 0.0394322723 0.0394322723 0.0394322723 0.0394322723 0.0394322723 0.0394322723 0.0394322723 0.0394322723 0.0394322723 0.0394322723 0.0394322723 0.0394322723
0.0394322723 0.0394322723 0.0394322723 0.0394322723 0.0394322723 0.0394322723 0.0394322723 0.0394322723 12.0394322723 0.0394322723 0.0394322723 0.0394322723 0.0394322723 0.0394322723 0.0394322723 0.0394322723 0.0394322723 0.0394322723 0.0394322723 0.0394322723
0.0394322723 0.0394322723 0.0394322723 6.7553114182 0.0394322723 0.0394322723 2.7169857838 0.0394322723 0.0394322723 0.0394322723 0.0394322723 0.0394322723 0.0394322723 0.0394322723 0.0394322723 0.0394322723 0.0394322723 1.6459996149 0.0394322723 0.0394322723
0.0394322723 0.0394322723 0.0394322723 0.0394322723 0.0394322723 0.0394322723 0.0394322723 0.0394322723 0.0394322723 0.0394322723 0.0394322723 0.0394322723 0.0394322723 16.0394322723 0.0394322723 0.0394322723 0.0394322723 0.0394322723 0.0394322723 0.0394322723
0.0394322723 0.0394322723 0.0394322723 0.0394322723 0.0394322723 3.8239844695 3.1947481149 0.0394322723 0.0394322723 0.0394322723 0.0394322723 0.0394322723 0.0394322723 0.0394322723 1.0995642325 0.0394322723 0.0394322723 0.0394322723 0.0394322723 0.0394322723
0.0394322723 0.0394322723 0.0394322723 0.0394322723 0.0394322723 0.0394322723 0.0394322723 0.0394322723 0.0394322723 0.0394322723 0.0394322723 0.0394322723 0.0394322723 0.0394322723 0.0394322723 0.0394322723 7.0394322722 0.0394322723 0.0394322723 0.0394322723
0.0394322723 0.0394322723 0.0394322723 0.0394322723 0.0394322723 0.0394322723 3.6352235822 13.4436409624 0.0394322723 0.0394322723 0.0394322723 0.0394322723 0.0394322723 0.0394322723 0.0394322723 0.0394322723 0.0394322723 0.0394322723 0.0394322723 0.0394322723
0.0394322723 0.0394322723 0.0394322723 0.0394322723 0.0394322723 0.0394322723 0.0394322723 0.0394322723 0.0394322723 0.0394322723 0.0394322723 0.0394322723 0.0394322723 0.0394322723 0.0394322723 0.0394322723 7.0394322722 0.0394322723 0.0394322723 0.0394322723
0.0394322723 0.0394322723 2.2816726106 0.0394322723 0.0394322723 0.0394322723 0.0394322723 0.0394322723 0.0394322723 0.0394322723 0.0394322723 0.0394322723 0.0394322723 0.0394322723 0.0394322723 9.2290853665 4.6075388398 0.0394322723 0.0394322723 0.0394322723
0.0394322723 0.0394322723 0.0394322723 0.0394322723 0.0394322723 0.0394322723 0.0394322723 0.0394322723 0.0394322723 0.0394322723 0.0394322723 0.0394322723 0.0394322723 0.0394322723 0.0394322723 38.0394322723 0.0394322723 0.0394322723 0.0394322723 0.0394322723
0.0394322723 0.0394322723 0.0394322723 0.0394322723 0.0394322723 0.0394322723 3.6352235822 13.4436409624 0.0394322723 0.0394322723 0.0394322723 0.0394322723 0.0394322723 0.0394322723 0.0394322723 0.0394322723 0.0394322723 0.0394322723 0.0394322723 0.0394322723
0.0394322723 0.0394322723 0.0394322723 0.0394322723 0.0394322723 0.0394322723 0.0394322723 0.0394322723 0.0394322723 0.0394322723 3.4762485488 0.0394322723 0.0394322723 0.0394322723 0.0394322723 0.0394322723 10.6026159958 0.0394322723 0.0394322723 0.0394322723
0.0394322723 0.0394322723 0.0394322723 0.0394322723 0.0394322723 0.0394322723 14.0394322723 0.0394322723 0.0394322723 0.0394322723 0.0394322723 0.0394322723 0.0394322723 0.0394322723 0.0394322723 0.0394322723 0.0394322723 0.0394322723 0.0394322723 0.0394322723
0.0394322723 0.0394322723 0.0394322723 0.0394322723 0.0394322723 0.0394322723 0.0394322723 0.0394322723 0.0394322723 0.0394322723 3.4762485488 0.0394322723 0.0394322723 0.0394322723 0.0394322723 0.0394322723 10.6026159958 0.0394322723 0.0394322723 0.0394322723
0.0394322723 0.0394322723 0.0394322723 0.0394322723 0.0394322723 0.0394322723 7.3970982767 2.9274289430 0.0394322723 0.0394322723 2.7937695972 0.0394322723 0.0394322723 0.0394322723 0.0394322723 0.0394322723 0.0394322723 0.0394322723 0.0394322723 0.0394322723
0.0394322723 0.0394322723 0.0394322723 0.0394322723 0.0394322723 0.0394322723 0.0394322723 0.0394322723 0.0394322723 0.0394322723 3.4762485488 0.0394322723 0.0394322723 0.0394322723 0.0394322723 0.0394322723 10.6026159958 0.0394322723 0.0394322723 0.0394322723
0.0394322723 0.0394322723 0.0394322723 0.0394322723 0.0394322723 0.0394322723 3.6352235822 13.4436409624 0.0394322723 0.0394322723 0.0394322723 0.0394322723 0.0394322723 0.0394322723 0.0394322723 0.0394322723 0.0394322723 0.0394322723 0.0394322723 0.0394322723
0.0394322723 0.0394322723 0.0394322723 0.0394322723 0.0394322723 8.0394322723 0.0394322723 0.0394322723 0.0394322723 0.0394322723 0.0394322723 0.0394322723 0.0394322723 0.0394322723 0.0394322723 0.0394322723 0.0394322723 0.0394322723 0.0394322723 0.0394322723
0.0394322723 0.0394322723 0.0394322723 0.0394322723 0.0394322723 0.0394322723 0.0394322723 0.0394322723 0.0394322723 0.0394322723 0.0394322723 0.0394322723 0.0394322723 0.0394322723 0.0394322723 38.0394322723 0.0394322723 0.0394322723 0.0394322723 0.0394322723
0.0394322723 0.0394322723 0.0394322723 0.0394322723 0.0394322723 0.0394322723 0.0394322723 0.0394322723 0.0394322723 0.0394322723 0.0394322723 0.0394322723 0.0394322723 0.0394322723 17.0394322723 0.0394322723 0.0394322723 0.0394322723 0.0394322723 0.0394322723
0.0394322723 0.0394322723 0.0394322723 0.0394322723 0.0394322723 0.0394322723 8.5219132901 0.0394322723 0.0394322723 0.0394322723 15.5569512545 0.0394322723 0.0394322723 0.0394322723 0.0394322723 0.0394322723 0.0394322723 0.0394322723 0.0394322723 0.0394322723
0.0394322723 0.0394322723 0.0394322723 0.0394322723 0.0394322723 0.0394322723 5.0676815496 0.0394322723 2.0817309418 0.0394322723 0.0394322723 0.0394322723 0.0394322723 0.0394322723 0.0394322723 0.0394322723 0.0394322723 0.0394322723 8.9688843256 0.0394322723
0.0394322723 0.0394322723 2.2816726106 0.0394322723 0.0394322723 0.0394322723 0.0394322723 0.0394322723 0.0394322723 0.0394322723 0.0394322723 0.0394322723 0.0394322723 0.0394322723 0.0394322723 9.2290853665 4.6075388398 0.0394322723 0.0394322723 0.0394322723
0.0394322723 0.0394322723 0.0394322723 0.0394322723 0.0394322723 0.0394322723 16.0394322723 0.0394322723 0.0394322723 0.0394322723 0.0394322723 0.0394322723 0.0394322723 0.0394322723 0.0394322723 0.0394322723 0.0394322723 0.0394322723 0.0394322723 0.0394322723
0.0394322723 0.0394322723 0.0394322723 0.0394322723 0.0394322723 0.0394322723 3.6352235822 13.4436409624 0.0394322723 0.0394322723 0.0394322723 0.0394322723 0.0394322723 0.0394322723 0.0394322723 0.0394322723 0.0394322723 0.0394322723 0.0394322723 0.0394322723
0.0394322723 0.0394322723 0.0394322723 0.0394322723 0.0394322723 0.0394322723 16.0394322723 0.0394322723 0.0394322723 0.0394322723 0.0394322723 0.0394322723 0.0394322723 0.0394322723 0.0394322723 0.0394322723 0.0394322723 0.0394322723 0.0394322723 0.0394322723
0.0394322723 0.0394322723 0.0394322723 0.0394322723 0.0394322723 0.0394322723 16.0394322723 0.0394322723 0.0394322723 0.0394322723 0.0394322723 0.0394322723 0.0394322723 0.0394322723 0.0394322723 0.0394322723 0.0394322723 0.0394322723 0.0394322723 0.0394322723
0.0394322723 0.0394322723 0.0394322723 0.0394322723 0.0394322723 0.0394322723 0.0394322723 0.0394322723 0.0394322723 0.0394322723 3.0394322723 0.0394322723 0.0394322723 0.0394322723 0.0394322723 0.0394322723 0.0394322723 0.0394322723 0.0394322723 0.0394322723
0.0394322723 0.0394322723 0.0394322723 0.0394322723 0.0394322723 0.0394322723 3.6352235822 13.4436409624 0.0394322723 0.0394322723 0.0394322723 0.0394322723 0.0394322723 0.0394322723 0.0394322723 0.0394322723 0.0394322723 0.0394322723 0.0394322723 0.0394322723
0.0394322723 0.0394322723 0.0394322723 0.0394322723 0.0394322723 8.0394322723 0.0394322723 0.0394322723 0.0394322723 0.0394322723 0.0394322723 0.0394322723 0.0394322723 0.0394322723 0.0394322723 0.0394322723 0.0394322723 0.0394322723 0.0394322723 0.0394322723
0.0394322723 0.0394322723 0.0394322723 3.3050475593 0.0394322723 10.7738169853 0.0394322723 0.0394322723 0.0394322723 0.0394322723 0.0394322723 0.0394322723 0.0394322723 0.0394322723 0.0394322723 0.0394322723 0.0394322723 0.0394322723 0.0394322723 0.0394322723
0.0394322723 0.0394322723 0.0394322723 0.0394322723 0.0394322723 8.0394322723 0.0394322723 0.0394322723 0.0394322723 0.0394322723 0.0394322723 0.0394322723 0.0394322723 0.0394322723 0.0394322723 0.0394322723 0.0394322723 0.0394322723 0.0394322723 0.0394322723
0.0394322723 0.0394322723 0.0394322723 4.0394322723 0.0394322723 0.0394322723 0.0394322723 0.0394322723 0.0394322723 0.0394322723 0.0394322723 0.0394322723 0.0394322723 0.0394322723 0.0394322723 0.0394322723 0.0394322723 0.0394322723 0.0394322723 0.0394322723
0.0394322723 0.0394322723 0.0394322723 0.0394322723 0.0394322723 0.0394322723 0.0394322723 0.0394322723 0.0394322723 0.0394322723 0.0394322723 0.0394322723 0.0394322723 0.0394322723 0.0394322723 0.0394322723 9.6600249430 0.0394322723 3.4188396016 0.0394322723
0.0394322723 0.0394322723 0.0394322723 0.0394322723 0.0394322723 0.0394322723 0.0394322723 0.0394322723 0.0394322723 0.0394322723 0.0394322723 0.0394322723 0.0394322723 0.0394322723 0.0394322723 0.0394322723 13.0394322723 0.0394322723 0.0394322723 0.0394322723
0.0394322723 0.0394322723 0.0394322723 0.0394322723 0.0394322723 0.0394322723 0.0394322723 0.0394322723 0.0394322723 0.0394322723 0.0394322723 0.0394322723 0.0394322723 16.0394322723 0.0394322723 0.0394322723 0.0394322723 0.0394322723 0.0394322723 0.0394322723
0.0394322723 0.0394322723 0.0394322723 0.0394322723 0.0394322723 0.0394322723 7.0394322723 0.0394322723 0.0394322723 0.0394322723 0.0394322723 0.0394322723 0.0394322723 0.0394322723 0.0394322723 0.0394322723 0.0394322723 0.0394322723 0.0394322723 0.0394322723
0.0394322723 0.0394322723 0.0394322723 0.0394322723 0.0394322723 0.0394322723 0.0394322723 0.0394322723 0.0394322723 0.0394322723 0.0394322723 3.3647632142 0.0394322723 0.0394322723 0.0394322723 0.0394322723 0.0394322723 0.0394322723 5.7141013304 0.0394322723
0.0394322723 0.0394322723 0.0394322723 0.0394322723 0.0394322723 0.0394322723 7.0394322723 0.0394322723 0.0394322723 0.0394322723 0.0394322723 0.0394322723 0.0394322723 0.0394322723 0.0394322723 0.0394322723 0.0394322723 0.0394322723 0.0394322723 0.0394322723
0.0394322723 0.0394322723 0.0394322723 0.0394322723 0.0394322723 0.0394322723 0.0394322723 0.0394322723 0.0394322723 0.0394322723 2.0394322723 0.0394322723 0.0394322723 0.0394322723 0.0394322723 0.0394322723 0.0394322723 0.0394322723 0.0394322723 0.0394322723
0.0394322723 0.0394322723 0.0394322723 0.0394322723 0.0394322723 0.0394322723 0.0394322723 0.0394322723 0.0394322723 0.0394322723 0.0394322723 4.1065714261 0.0394322723 0.0394322723 0.0394322723 0.0394322723 0.0394322723 5.9722931184 0.0394322723 0.0394322723
0.0394322723 0.0394322723 0.0394322723 16.0394322723 0.0394322723 0.0394322723 0.0394322723 0.0394322723 0.0394322723 0.0394322723 0.0394322723 0.0394322723 0.0394322723 0.0394322723 0.0394322723 0.0394322723 0.0394322723 0.0394322723 0.0394322723 0.0394322723
0.0394322723 0.0394322723 0.0394322723 0.0394322723 0.0394322723 0.0394322723 0.0394322723 0.0394322723 0.0394322723 2.0394322722 0.0394322723 0.0394322723 0.0394322723 0.0394322723 0.0394322723 0.0394322723 0.0394322723 0.0394322723 0.0394322723 0.0394322723
0.0394322723 0.0394322723 0.0394322723 0.0394322723 0.0394322723 0.0394322723 5.0676815496 0.0394322723 2.0817309418 0.0394322723 0.0394322723 0.0394322723 0.0394322723 0.0394322723 0.0394322723 0.0394322723 0.0394322723 0.0394322723 8.9688843256 0.0394322723
0.0394322723 0.0394322723 0.0394322723 0.0394322723 0.0394322723 0.0394322723 6.0394322722 0.0394322723 0.0394322723 0.0394322723 0.0394322723 0.0394322723 0.0394322723 0.0394322723 0.0394322723 0.0394322723 0.0394322723 0.0394322723 0.0394322723 0.0394322723
0.0394322723 0.0394322723 0.0394322723 0.0394322723 0.0394322723 0.0394322723 0.0394322723 0.0394322723 0.0394322723 0.0394322723 0.0394322723 0.0394322723 0.0394322723 0.0394322723 0.0394322723 11.0394322723 0.0394322723 0.0394322723 0.0394322723 0.0394322723
0.0394322723 0.0394322723 0.0394322723 0.0394322723 0.0394322723 0.0394322723 1.8219290789 0.0394322723 0.0394322723 0.0394322723 0.0394322723 0.0394322723 0.0394322723 3.2569354657 0.0394322723 0.0394322723 0.0394322723 0.0394322723 0.0394322723 0.0394322723
0.0394322723 0.0394322723 0.0394322723 0.0394322723 0.0394322723 0.0394322723 0.0394322723 0.0394322723 0.0394322723 0.0394322723 0.0394322723 0.0394322723 0.0394322723 0.0394322723 0.0394322723 8.1703098529 4.9085546917 0.0394322723 0.0394322723 0.0394322723
0.0394322723 0.0394322723 0.0394322723 0.0394322723 0.0394322723 0.0394322723 9.3767809819 0.0394322723 1.7020835626 0.0394322723 0.0394322723 0.0394322723 0.0394322723 0.0394322723 0.0394322723 0.0394322723 0.0394322723 0.0394322723 0.0394322723 0.0394322723
0.0394322723 0.0394322723 0.0394322723 0.0394322723 0.0394322723 0.0394322723 23.0394322723 0.0394322723 0.0394322723 0.0394322723 0.0394322723 0.0394322723 0.0394322723 0.0394322723 0.0394322723 0.0394322723 0.0394322723 0.0394322723 0.0394322723 0.0394322723
0.0394322723 0.0394322723 0.0394322723 0.0394322723 0.0394322723 0.0394322723 0.0394322723 0.0394322723 0.0394322723 0.0394322723 0.0394322723 0.0394322723 0.0394322723 0.0394322723 0.0394322723 8.1703098529 4.9085546917 0.0394322723 0.0394322723 0.0394322723
0.0394322723 0.0394322723 0.0394322723 0.0394322723 0.0394322723 0.0394322723 0.0394322723 0.0394322723 0.0394322723 0.0394322723 0.0394322723 0.0394322723 0.0394322723 0.0394322723 0.0394322723 10.0394322723 0.0394322723 0.0394322723 0.0394322723 0.0394322723
0.0394322723 0.0394322723 0.0394322723 2.0394322723 0.0394322723 0.0394322723 0.0394322723 0.0394322723 0.0394322723 0.0394322723 0.0394322723 0.0394322723 0.0394322723 0.0394322723 0.0394322723 0.0394322723 0.0394322723 0.0394322723 0.0394322723 0.0394322723
0.0394322723 0.0394322723 0.0394322723 0.0394322723 0.0394322723 0.0394322723 0.0394322723 0.0394322723 12.0394322723 0.0394322723 0.0394322723 0.0394322723 0.0394322723 0.0394322723 0.0394322723 0.0394322723 0.0394322723 0.0394322723 0.0394322723 0.0394322723
0.0394322723 0.0394322723 0.0394322723 0.0394322723 0.0394322723 0.0394322723 9.3767809819 0.0394322723 1.7020835626 0.0394322723 0.0394322723 0.0394322723 0.0394322723 0.0394322723 0.0394322723 0.0394322723 0.0394322723 0.0394322723 0.0394322723 0.0394322723
0.0394322723 0.0394322723 0.0394322723 0.0394322723 0.0394322723 0.0394322723 0.0394322723 0.0394322723 0.0394322723 0.0394322723 0.0394322723 0.0394322723 0.0394322723 0.0394322723 0.0394322723 10.0394322723 0.0394322723 0.0394322723 0.0394322723 0.0394322723
0.0394322723 0.0394322723 0.0394322723 0.0394322723 0.0394322723 0.0394322723 0.0394322723 0.0394322723 0.0394322723 0.0394322723 0.0394322723 0.0394322723 0.0394322723 0.0394322723 0.0394322723 8.1703098529 4.9085546917 0.0394322723 0.0394322723 0.0394322723
0.0394322723 0.0394322723 0.0394322723 0.0394322723 0.0394322723 0.0394322723 23.0394322723 0.0394322723 0.0394322723 0.0394322723 0.0394322723 0.0394322723 0.0394322723 0.0394322723 0.0394322723 0.0394322723 0.0394322723 0.0394322723 0.0394322723 0.0394322723
0.0394322723 0.0394322723 0.0394322723 0.0394322723 0.0394322723 0.0394322723 0.0394322723 0.0394322723 0.0394322723 0.0394322723 0.0394322723 0.0394322723 0.0394322723 0.0394322723 0.0394322723 0.0394322723 0.0394322723 0.0394322723 0.0394322723 21.0394322723
0.0394322723 0.0394322723 0.0394322723 0.0394322723 0.0394322723 0.0394322723 0.0394322723 0.0394322723 0.0394322723 0.0394322723 0.0394322723 0.0394322723 0.0394322723 0.0394322723 0.0394322723 0.0394322723 0.0394322723 0.0394322723 1.0394322723 0.0394322723
0.0394322723 0.0394322723 0.0394322723 0.0394322723 0.0394322723 0.0394322723 0.0394322723 0.0394322723 0.0394322723 0.0394322723 0.0394322723 0.0394322723 0.0394322723 0.0394322723 0.0394322723 0.0394322723 0.0394322723 0.0394322723 1.0394322723 0.0394322723
0.0394322723 9.0902925950 0.0394322723 0.0394322723 0.0394322723 0.0394322723 0.0394322723 0.0394322723 0.0394322723 0.0394322723 0.0394322723 0.0394322723 0.0394322723 0.0394322723 0.0394322723 0.0394322723 0.0394322723 0.0394322723 1.9885719496 0.0394322723
0.0394322723 0.0394322723 0.0394322723 0.0394322723 0.0394322723 0.0394322723 0.0394322723 0.0394322723 0.0394322723 0.0394322723 2.9201046284 0.0394322723 0.0394322723 0.0394322723 0.0394322723 0.0394322723 10.1587599162 0.0394322723 0.0394322723 0.0394322723
0.0394322723 0.0394322723 0.0394322723 7.0394322723 0.0394322723 0.0394322723 0.0394322723 0.0394322723 0.0394322723 0.0394322723 0.0394322723 0.0394322723 0.0394322723 0.0394322723 0.0394322723 0.0394322723 0.0394322723 0.0394322723 0.0394322723 0.0394322723
0.0394322723 0.0394322723 0.0394322723 0.0394322723 0.0394322723 0.0394322723 16.0394322723 0.0394322723 0.0394322723 0.0394322723 0.0394322723 0.0394322723 0.0394322723 0.0394322723 0.0394322723 0.0394322723 0.0394322723 0.0394322723 0.0394322723 0.0394322723
0.0394322723 0.0394322723 0.0394322723 0.0394322723 0.0394322723 0.0394322723 0.0394322723 0.0394322723 0.0394322723 0.0394322723 3.4762485488 0.0394322723 0.0394322723 0.0394322723 0.0394322723 0.0394322723 10.6026159958 0.0394322723 0.0394322723 0.0394322723
0.0394322723 0.0394322723 0.0394322723 0.0394322723 0.0394322723 16.0394322723 0.0394322723 0.0394322723 0.0394322723 0.0394322723 0.0394322723 0.0394322723 0.0394322723 0.0394322723 0.0394322723 0.0394322723 0.0394322723 0.0394322723 0.0394322723 0.0394322723
0.0394322723 0.0394322723 0.0394322723 0.0394322723 0.0394322723 0.0394322723 0.0394322723 0.0394322723 0.0394322723 0.0394322723 0.0394322723 0.0394322723 0.0394322723 0.0394322723 0.0394322723 0.0394322723 15.0394322723 0.0394322723 0.0394322723 0.0394322723
0.0394322723 0.0394322723 0.0394322723 0.0394322723 0.0394322723 16.0394322723 0.0394322723 0.0394322723 0.0394322723 0.0394322723 0.0394322723 0.0394322723 0.0394322723 0.0394322723 0.0394322723 0.0394322723 0.0394322723 0.0394322723 0.0394322723 0.0394322723
0.0394322723 0.0394322723 0.0394322723 0.0394322723 0.0394322723 0.0394322723 0.0394322723 0.0394322723 0.0394322723 0.0394322723 0.0394322723 0.0394322723 0.0394322723 0.0394322723 0.0394322723 0.0394322723 15.0394322723 0.0394322723 0.0394322723 0.0394322723
0.0394322723 0.0394322723 0.0394322723 0.0394322723 0.0394322723 0.0394322723 0.0394322723 0.0394322723 3.0394322723 0.0394322723 0.0394322723 0.0394322723 0.0394322723 0.0394322723 0.0394322723 0.0394322723 0.0394322723 0.0394322723 0.0394322723 0.0394322723
0.0394322723 3.8350686034 0.0394322723 0.0394322723 0.0394322723 0.0394322723 0.0394322723 0.0394322723 0.0394322723 0.0394322723 0.0394322723 0.0394322723 0.0394322723 0.0394322723 0.0394322723 4.2437959412 0.0394322723 0.0394322723 0.0394322723 0.0394322723
0.0394322723 0.0394322723 0.0394322723 0.0394322723 0.0394322723 0.0394322723 0.0394322723 0.0394322723 5.1412318004 0.0394322723 0.0394322723 0.0394322723 0.0394322723 0.0394322723 0.0394322723 0.0394322723 3.9376327442 0.0394322723 0.0394322723 0.0394322723
0.0394322723 0.0394322723 0.0394322723 0.0394322723 0.0394322723 0.0394322723 0.0394322723 0.0394322723 0.0394322723 0.0394322723 0.0394322723 0.0394322723 0.0394322723 0.0394322723 17.0394322723 0.0394322723 0.0394322723 0.0394322723 0.0394322723 0.0394322723
0.0394322723 3.8350686034 0.0394322723 0.0394322723 0.0394322723 0.0394322723 0.0394322723 0.0394322723 0.0394322723 0.0394322723 0.0394322723 0.0394322723 0.0394322723 0.0394322723 0.0394322723 4.2437959412 0.0394322723 0.0394322723 0.0394322723 0.0394322723
0.0394322723 0.0394322723 0.0394322723 0.0394322723 0.0394322723 0.0394322723 0.0394322723 0.0394322723 0.0394322723 0.0394322723 0.0394322723 0.0394322723 0.0394322723 0.0394322723 0.0394322723 0.0394322723 0.0394322723 0.0394322723 0.0394322723 3.0394322723
0.0394322723 0.0394322723 0.0394322723 0.0394322723 15.0394322723 0.0394322723 0.0394322723 0.0394322723 0.0394322723 0.0394322723 0.0394322723 0.0394322723 0.0394322723 0.0394322723 0.0394322723 0.0394322723 0.0394322723 0.0394322723 0.0394322723 0.0394322723
0.0394322723 0.0394322723 0.0394322723 0.0394322723 0.0394322723 0.0394322723 0.0394322723 2.0394322723 0.0394322723 0.0394322723 0.0394322723 0.0394322723 0.0394322723 0.0394322723 0.0394322723 0.0394322723 0.0394322723 0.0394322723 0.0394322723 0.0394322723
0.0394322723 0.0394322723 0.0394322723 0.0394322723 0.0394322723 0.0394322723 5.2269198607 28.8519446839 0.0394322723 0.0394322723 0.0394322723 0.0394322723 0.0394322723 0.0394322723 0.0394322723 0.0394322723 0.0394322723 0.0394322723 0.0394322723 0.0394322723
0.0394322723 0.0394322723 1.2402645913 0.0394322723 0.0394322723 0.0394322723 2.8385999533 0.0394322723 0.0394322723 0.0394322723 0.0394322723 0.0394322723 0.0394322723 0.0394322723 0.0394322723 0.0394322723 0.0394322723 0.0394322723 0.0394322723 0.0394322723
0.0394322723 0.0394322723 0.0394322723 0.0394322723 0.0394322723 0.0394322723 12.5742727899 0.0394322723 6.5045917547 0.0394322723 0.0394322723 0.0394322723 0.0394322723 0.0394322723 0.0394322723 0.0394322723 0.0394322723 0.0394322723 0.0394322723 0.0394322723
0.0394322723 0.0394322723 0.0394322723 0.0394322723 0.0394322723 0.0394322723 0.0394322723 0.0394322723 0.0394322723 0.0394322723 0.0394322723 0.0394322723 0.0394322723 0.0394322723 0.0394322723 0.0394322723 14.0394322723 0.0394322723 0.0394322723 0.0394322723
0.0394322723 0.0394322723 0.0394322723 0.0394322723 0.0394322723 13.0930476420 0.0394322723 0.0394322723 0.0394322723 0.0394322723 0.0394322723 0.0394322723 0.0394322723 0.0394322723 0.0394322723 0.0394322723 3.9858169026 0.0394322723 0.0394322723 0.0394322723
0.0394322723 0.0394322723 0.0394322723 0.0394322723 0.0394322723 0.0394322723 0.0394322723 0.0394322723 0.0394322723 0.0394322723 0.0394322723 0.0394322723 0.0394322723 0.0394322723 0.0394322723 8.1703098529 4.9085546917 0.0394322723 0.0394322723 0.0394322723
0.0394322723 0.0394322723 0.0394322723 0.0394322723 0.0394322723 0.0394322723 0.0394322723 0.0394322723 1.5894521920 0.0394322723 0.0394322723 0.0394322723 0.0394322723 0.0394322723 0.0394322723 0.0394322723 0.0394322723 0.0394322723 12.4894123526 0.0394322723
0.0394322723 0.0394322723 0.0394322723 0.0394322723 0.0394322723 0.0394322723 0.0394322723 0.0394322723 0.0394322723 0.0394322723 0.0394322723 0.0394322723 0.0394322723 0.0394322723 0.0394322723 8.1703098529 4.9085546917 0.0394322723 0.0394322723 0.0394322723
0.0394322723 0.0394322723 0.0394322723 0.0394322723 0.0394322723 0.0394322723 0.0394322723 0.0394322723 0.0394322723 0.0394322723 0.0394322723 0.0394322723 0.0394322723 0.0394322723 0.0394322723 13.0394322723 0.0394322723 0.0394322723 0.0394322723 0.0394322723
0.0394322723 0.0394322723 0.0394322723 0.0394322723 0.0394322723 0.0394322723 12.0394322723 0.0394322723 0.0394322723 0.0394322723 0.0394322723 0.0394322723 0.0394322723 0.0394322723 0.0394322723 0.0394322723 0.0394322723 0.0394322723 0.0394322723 0.0394322723
0.0394322723 0.0394322723 0.0394322723 0.0394322723 0.0394322723 0.0394322723 0.0394322723 0.0394322723 1.5894521920 0.0394322723 0.0394322723 0.0394322723 0.0394322723 0.0394322723 0.0394322723 0.0394322723 0.0394322723 0.0394322723 12.4894123526 0.0394322723
0.0394322723 0.0394322723 0.0394322723 0.0394322723 0.0394322723 0.0394322723 0.0394322723 0.0394322723 0.0394322723 0.0394322723 0.0394322723 0.0394322723 0.0394322723 0.0394322723 0.0394322723 13.0394322723 0.0394322723 0.0394322723 0.0394322723 0.0394322723
0.0394322723 0.0394322723 0.0394322723 0.0394322723 0.0394322723 0.0394322723 0.0394322723 0.0394322723 0.0394322723 0.0394322723 0.0394322723 0.0394322723 0.0394322723 0.0394322723 0.0394322723 0.0394322723 0.0394322723 9.0394322722 0.0394322723 0.0394322723
0.0394322723 0.0394322723 0.0394322723 0.0394322723 0.0394322723 0.0394322723 7.0394322722 0.0394322723 0.0394322723 0.0394322723 0.0394322723 0.0394322723 0.0394322723 0.0394322723 0.0394322723 0.0394322723 0.0394322723 0.0394322723 0.0394322723 0.0394322723
0.0394322723 0.0394322723 0.0394322723 0.0394322723 0.0394322723 0.0394322723 0.0394322723 5.0394322723 0.0394322723 0.0394322723 0.0394322723 0.0394322723 0.0394322723 0.0394322723 0.0394322723 0.0394322723 0.0394322723 0.0394322723 0.0394322723 0.0394322723
0.0394322723 0.0394322723 0.0394322723 0.0394322723 0.0394322723 0.0394322723 12.0394322723 0.0394322723 0.0394322723 0.0394322723 0.0394322723 0.0394322723 0.0394322723 0.0394322723 0.0394322723 0.0394322723 0.0394322723 0.0394322723 0.0394322723 0.0394322723
0.0394322723 0.0394322723 0.0394322723 0.0394322723 0.0394322723 0.0394322723 12.0394322723 0.0394322723 0.0394322723 0.0394322723 0.0394322723 0.0394322723 0.0394322723 0.0394322723 0.0394322723 0.0394322723 0.0394322723 0.0394322723 0.0394322723 0.0394322723
0.0394322723 0.0394322723 0.0394322723 0.0394322723 0.0394322723 0.0394322723 12.0394322723 0.0394322723 0.0394322723 0.0394322723 0.0394322723 0.0394322723 0.0394322723 0.0394322723 0.0394322723 0.0394322723 0.0394322723 0.0394322723 0.0394322723 0.0394322723
0.0394322723 0.0394322723 0.0394322723 0.0394322723 0.0394322723 0.0394322723 16.0394322723 0.0394322723 0.0394322723 0.0394322723 0.0394322723 0.0394322723 0.0394322723 0.0394322723 0.0394322723 0.0394322723 0.0394322723 0.0394322723 0.0394322723 0.0394322723
0.0394322723 0.0394322723 0.0394322723 0.0394322723 0.0394322723 0.0394322723 0.0394322723 0.0394322723 5.0285202968 9.0503442477 0.0394322723 0.0394322723 0.0394322723 0.0394322723 0.0394322723 0.0394322723 0.0394322723 0.0394322723 0.0394322723 0.0394322723
0.0394322723 0.0394322723 0.0394322723 0.0394322723 0.0394322723 0.0394322723 12.0394322723 0.0394322723 0.0394322723 0.0394322723 0.0394322723 0.0394322723 0.0394322723 0.0394322723 0.0394322723 0.0394322723 0.0394322723 0.0394322723 0.0394322723 0.0394322723
0.0394322723 0.0394322723 0.0394322723 0.0394322723 0.0394322723 0.0394322723 12.0394322723 0.0394322723 0.0394322723 0.0394322723 0.0394322723 0.0394322723 0.0394322723 0.0394322723 0.0394322723 0.0394322723 0.0394322723 0.0394322723 0.0394322723 0.0394322723
0.0394322723 0.0394322723 0.0394322723 0.0394322723 0.0394322723 0.0394322723 0.0394322723 6.0394322723 0.0394322723 0.0394322723 0.0394322723 0.0394322723 0.0394322723 0.0394322723 0.0394322723 0.0394322723 0.0394322723 0.0394322723 0.0394322723 0.0394322723
0.0394322723 0.0394322723 0.0394322723 0.0394322723 0.0394322723 0.0394322723 0.0394322723 0.0394322723 0.0394322723 0.0394322723 0.0394322723 0.0394322723 8.3002159794 0.0394322723 0.0394322723 1.7786485652 0.0394322723 0.0394322723 0.0394322723 0.0394322723
0.0394322723 0.0394322723 0.0394322723 0.0394322723 0.0394322723 6.9984467004 0.0394322723 0.0394322723 0.0394322723 0.0394322723 0.0394322723 0.0394322723 0.0394322723 0.0394322723 0.0394322723 0.0394322723 0.0394322723 0.0394322723 4.0804178442 0.0394322723
0.0394322723 0.0394322723 0.0394322723 0.0394322723 0.0394322723 0.0394322723 0.0394322723 0.0394322723 0.0394322723 0.0394322723 0.0394322723 0.0394322723 0.0394322723 0.0394322723 0.0394322723 0.0394322723 0.0394322723 0.0394322723 0.0394322723 14.0394322723
0.0394322723 0.0394322723 0.0394322723 0.0394322723 0.0394322723 0.0394322723 0.0394322723 0.0394322723 0.0394322723 0.0394322723 0.0394322723 0.0394322723 0.0394322723 0.0394322723 0.0394322723 0.0394322723 0.0394322723 0.0394322723 0.0394322723 14.0394322723
6.0394322723 0.0394322723 0.0394322723 0.0394322723 0.0394322723 0.0394322723 0.0394322723 0.0394322723 0.0394322723 0.0394322723 0.0394322723 0.0394322723 0.0394322723 0.0394322723 0.0394322723 0.0394322723 0.0394322723 0.0394322723 0.0394322723 0.0394322723
0.0394322723 0.0394322723 0.0394322723 0.0394322723 0.0394322723 0.0394322723 0.0394322723 0.0394322723 0.0394322723 0.0394322723 0.0394322723 0.0394322723 0.0394322723 0.0394322723 0.0394322723 0.0394322723 9.6600249430 0.0394322723 3.4188396016 0.0394322723
0.0394322723 0.0394322723 0.0394322723 0.0394322723 0.0394322723 0.0394322723 0.0394322723 0.0394322723 0.0394322723 0.0394322723 0.0394322723 0.0394322723 0.0394322723 0.0394322723 0.0394322723 0.0394322723 0.0394322723 0.0394322723 0.0394322723 14.0394322723
0.0394322723 0.0394322723 0.0394322723 20.5021719617 0.0394322723 0.0394322723 1.5766925829 0.0394322723 0.0394322723 0.0394322723 0.0394322723 0.0394322723 0.0394322723 0.0394322723 0.0394322723 0.0394322723 0.0394322723 0.0394322723 0.0394322723 0.0394322723
0.0394322723 0.0394322723 0.0394322723 0.0394322723 0.0394322723 0.0394322723 0.0394322723 0.0394322723 0.0394322723 0.0394322723 0.0394322723 2.7843795836 0.0394322723 0.0394322723 0.0394322723 3.2944849610 0.0394322723 0.0394322723 0.0394322723 0.0394322723
0.0394322723 0.0394322723 0.0394322723 0.0394322723 0.0394322723 0.0394322723 0.0394322723 0.0394322723 0.0394322723 27.0394322723 0.0394322723 0.0394322723 0.0394322723 0.0394322723 0.0394322723 0.0394322723 0.0394322723 0.0394322723 0.0394322723 0.0394322723
0.0394322723 0.0394322723 0.0394322723 0.0394322723 0.0394322723 0.0394322723 0.0394322723 0.0394322723 0.0394322723 0.0394322723 0.0394322723 0.0394322723 8.3002159794 0.0394322723 0.0394322723 1.7786485652 0.0394322723 0.0394322723 0.0394322723 0.0394322723
0.0394322723 0.0394322723 0.0394322723 0.0394322723 0.0394322723 0.0394322723 0.0394322723 0.0394322723 0.0394322723 0.0394322723 0.0394322723 2.7843795836 0.0394322723 0.0394322723 0.0394322723 3.2944849610 0.0394322723 0.0394322723 0.0394322723 0.0394322723
0.0394322723 0.0394322723 0.0394322723 0.0394322723 0.0394322723 0.0394322723 0.0394322723 0.0394322723 0.0394322723 0.0394322723 0.0394322723 0.0394322723 8.3002159794 0.0394322723 0.0394322723 1.7786485652 0.0394322723 0.0394322723 0.0394322723 0.0394322723
0.0394322723 9.0902925950 0.0394322723 0.0394322723 0.0394322723 0.0394322723 0.0394322723 0.0394322723 0.0394322723 0.0394322723 0.0394322723 0.0394322723 0.0394322723 0.0394322723 0.0394322723 0.0394322723 0.0394322723 0.0394322723 1.9885719496 0.0394322723
4.0394322722 0.0394322723 0.0394322723 0.0394322723 0.0394322723 0.0394322723 0.0394322723 0.0394322723 0.0394322723 0.0394322723 0.0394322723 0.0394322723 0.0394322723 0.0394322723 0.0394322723 0.0394322723 0.0394322723 0.0394322723 0.0394322723 0.0394322723
0.0394322723 0.0394322723 0.0394322723 0.0394322723 0.0394322723 0.0394322723 0.0394322723 0.0394322723 0.0394322723 2.7346250109 0.0394322723 0.0394322723 0.0394322723 0.0394322723 0.0394322723 0.0394322723 0.0394322723 0.0394322723 1.3442395337 0.0394322723
0.0394322723 0.0394322723 0.0394322723 0.0394322723 0.0394322723 0.0394322723 0.0394322723 0.0394322723 0.0394322723 0.0394322723 0.0394322723 0.0394322723 0.0394322723 0.0394322723 0.0394322723 0.0394322723 0.0394322723 0.0394322723 0.0394322723 14.0394322723
0.0394322723 0.0394322723 0.0394322723 0.0394322723 16.7500887634 0.0394322723 1.3287757812 0.0394322723 0.0394322723 0.0394322723 0.0394322723 0.0394322723 0.0394322723 0.0394322723 0.0394322723 0.0394322723 0.0394322723 0.0394322723 0.0394322723 0.0394322723
0.0394322723 0.0394322723 0.0394322723 0.0394322723 0.0394322723 0.0394322723 0.0394322723 0.0394322723 0.0394322723 0.0394322723 0.0394322723 2.7843795836 0.0394322723 0.0394322723 0.0394322723 3.2944849610 0.0394322723 0.0394322723 0.0394322723 0.0394322723
0.0394322723 0.0394322723 0.0394322723 0.0394322723 0.0394322723 0.0394322723 0.0394322723 0.0394322723 0.0394322723 0.0394322723 0.0394322723 0.0394322723 0.0394322723 0.0394322723 0.0394322723 0.0394322723 8.0394322723 0.0394322723 0.0394322723 0.0394322723
0.0394322723 0.0394322723 0.0394322723 0.0394322723 0.0394322723 0.0394322723 0.0394322723 0.0394322723 0.0394322723 0.0394322723 4.6437524601 0.0394322723 0.0394322723 0.0394322723 0.0394322723 0.0394322723 1.4351120845 0.0394322723 0.0394322723 0.0394322723
0.0394322723 0.0394322723 0.0394322723 0.0394322723 0.0394322723 0.0394322723 0.0394322723 0.0394322723 0.0394322723 0.0394322723 0.0394322723 0.0394322723 0.0394322723 0.0394322723 0.0394322723 0.0394322723 4.0394322723 0.0394322723 0.0394322723 0.0394322723
0.0394322723 0.0394322723 0.0394322723 2.0394322723 0.0394322723 0.0394322723 0.0394322723 0.0394322723 0.0394322723 0.0394322723 0.0394322723 0.0394322723 0.0394322723 0.0394322723 0.0394322723 0.0394322723 0.0394322723 0.0394322723 0.0394322723 0.0394322723
0.0394322723 0.0394322723 0.0394322723 0.0394322723 1.6403401100 0.0394322723 0.0394322723 6.5021558660 0.0394322723 0.0394322723 0.0394322723 0.0394322723 12.7534790615 0.0394322723 0.0394322723 0.0394322723 0.0394322723 0.0394322723 3.2617540517 0.0394322723
0.0394322723 2.5231014129 0.0394322723 0.0394322723 0.0394322723 0.0394322723 6.2999008281 0.0394322723 0.0394322723 0.0394322723 0.0394322723 0.0394322723 0.0394322723 0.0394322723 0.0394322723 0.0394322723 6.2952945759 0.0394322723 0.0394322723 0.0394322723
0.0394322723 0.0394322723 0.0394322723 0.0394322723 0.0394322723 0.0394322723 0.0394322723 3.8105259877 0.0394322723 0.0394322723 0.0394322723 0.0394322723 5.2683385569 0.0394322723 0.0394322723 0.0394322723 0.0394322723 0.0394322723 0.0394322723 0.0394322723
0.0394322723 0.0394322723 0.0394322723 0.0394322723 0.0394322723 0.0394322723 0.0394322723 0.0394322723 0.0394322723 0.0394322723 0.0394322723 0.0394322723 0.0394322723 0.0394322723 0.0394322723 0.0394322723 8.0394322723 0.0394322723 0.0394322723 0.0394322723
0.0394322723 0.0394322723 0.0394322723 0.0394322723 0.0394322723 0.0394322723 0.0394322723 0.0394322723 0.0394322723 0.0394322723 4.6437524601 0.0394322723 0.0394322723 0.0394322723 0.0394322723 0.0394322723 1.4351120845 0.0394322723 0.0394322723 0.0394322723
0.0394322723 2.5231014129 0.0394322723 0.0394322723 0.0394322723 0.0394322723 6.2999008281 0.0394322723 0.0394322723 0.0394322723 0.0394322723 0.0394322723 0.0394322723 0.0394322723 0.0394322723 0.0394322723 6.2952945759 0.0394322723 0.0394322723 0.0394322723
0.0394322723 0.0394322723 0.0394322723 0.0394322723 0.0394322723 0.0394322723 0.0394322723 3.8105259877 0.0394322723 0.0394322723 0.0394322723 0.0394322723 5.2683385569 0.0394322723 0.0394322723 0.0394322723 0.0394322723 0.0394322723 0.0394322723 0.0394322723
0.0394322723 0.0394322723 0.0394322723 0.0394322723 0.0394322723 0.0394322723 0.0394322723 0.0394322723 0.0394322723 0.0394322723 0.0394322723 0.0394322723 0.0394322723 0.0394322723 0.0394322723 0.0394322723 15.0394322723 0.0394322723 0.0394322723 0.0394322723
0.0394322723 0.0394322723 0.0394322723 0.0394322723 0.0394322723 0.0394322723 0.0394322723 0.0394322723 0.0394322723 0.0394322723 0.0394322723 7.0394322723 0.0394322723 0.0394322723 0.0394322723 0.0394322723 0.0394322723 0.0394322723 0.0394322723 0.0394322723
0.0394322723 4.1095049592 0.0394322723 0.0394322723 0.0394322723 0.0394322723 0.0394322723 0.0394322723 0.0394322723 0.0394322723 0.0394322723 0.0394322723 0.0394322723 0.0394322723 0.0394322723 2.9693595853 0.0394322723 0.0394322723 0.0394322723 0.0394322723
0.0394322723 0.0394322723 0.0394322723 5.8894386485 0.0394322723 0.0394322723 0.0394322723 0.0394322723 0.0394322723 0.0394322723 0.0394322723 0.0394322723 0.0394322723 0.0394322723 0.0394322723 0.0394322723 0.0394322723 3.1894258961 0.0394322723 0.0394322723
0.0394322723 0.0394322723 0.0394322723 0.0394322723 0.0394322723 0.0394322723 3.0394322723 0.0394322723 0.0394322723 0.0394322723 0.0394322723 0.0394322723 0.0394322723 0.0394322723 0.0394322723 0.0394322723 0.0394322723 0.0394322723 0.0394322723 0.0394322723
0.0394322723 0.0394322723 0.0394322723 0.0394322723 0.0394322723 0.0394322723 0.0394322723 0.0394322723 0.0394322723 0.0394322723 0.0394322723 0.0394322723 0.0394322723 0.0394322723 0.0394322723 0.0394322723 8.0394322723 0.0394322723 0.0394322723 0.0394322723
0.0394322723 0.0394322723 0.0394322723 0.0394322723 0.0394322723 0.0394322723 0.0394322723 0.0394322723 5.1412318004 0.0394322723 0.0394322723 0.0394322723 0.0394322723 0.0394322723 0.0394322723 0.0394322723 3.9376327442 0.0394322723 0.0394322723 0.0394322723
0.0394322723 0.0394322723 0.0394322723 2.0394322723 0.0394322723 0.0394322723 0.0394322723 0.0394322723 0.0394322723 0.0394322723 0.0394322723 0.0394322723 0.0394322723 0.0394322723 0.0394322723 0.0394322723 0.0394322723 0.0394322723 0.0394322723 0.0394322723
0.0394322723 0.0394322723 0.0394322723 0.0394322723 0.0394322723 0.0394322723 0.0394322723 0.0394322723 0.0394322723 0.0394322723 0.0394322723 0.0394322723 0.0394322723 0.0394322723 0.0394322723 0.0394322723 4.0394322723 0.0394322723 0.0394322723 0.0394322723
0.0394322723 0.0394322723 0.0394322723 0.0394322723 0.0394322723 0.0394322723 0.0394322723 0.0394322723 0.0394322723 0.0394322723 4.6437524601 0.0394322723 0.0394322723 0.0394322723 0.0394322723 0.0394322723 1.4351120845 0.0394322723 0.0394322723 0.0394322723
0.0394322723 0.0394322723 0.0394322723 0.0394322723 0.0394322723 0.0394322723 0.0394322723 0.0394322723 0.0394322723 0.0394322723 0.0394322723 0.0394322723 0.0394322723 0.0394322723 0.0394322723 0.0394322723 8.0394322723 0.0394322723 0.0394322723 0.0394322723
0.0394322723 0.0394322723 0.0394322723 0.0394322723 0.0394322723 0.0394322723 3.0394322723 0.0394322723 0.0394322723 0.0394322723 0.0394322723 0.0394322723 0.0394322723 0.0394322723 0.0394322723 0.0394322723 0.0394322723 0.0394322723 0.0394322723 0.0394322723
0.0394322723 0.0394322723 0.0394322723 0.0394322723 0.0394322723 0.0394322723 0.0394322723 0.0394322723 0.0394322723 0.0394322723 0.0394322723 0.0394322723 0.0394322723 0.0394322723 0.0394322723 0.0394322723 0.0394322723 23.8030900178 4.2757745267 0.0394322723
0.0394322723 4.1095049592 0.0394322723 0.0394322723 0.0394322723 0.0394322723 0.0394322723 0.0394322723 0.0394322723 0.0394322723 0.0394322723 0.0394322723 0.0394322723 0.0394322723 0.0394322723 2.9693595853 0.0394322723 0.0394322723 0.0394322723 0.0394322723
0.0394322723 0.0394322723 0.0394322723 0.0394322723 0.0394322723 0.0394322723 0.0394322723 0.0394322723 5.1412318004 0.0394322723 0.0394322723 0.0394322723 0.0394322723 0.0394322723 0.0394322723 0.0394322723 3.9376327442 0.0394322723 0.0394322723 0.0394322723
0.0394322723 0.0394322723 0.0394322723 0.0394322723 1.7281738971 6.4660541769 1.9240687429 0.0394322723 0.0394322723 0.0394322723 0.0394322723 0.0394322723 0.0394322723 0.0394322723 0.0394322723 0.0394322723 0.0394322723 0.0394322723 0.0394322723 0.0394322723
0.0394322723 0.0394322723 0.0394322723 0.0394322723 0.0394322723 10.3758643740 0.0394322723 0.0394322723 2.4742686805 0.0394322723 0.0394322723 0.0394322723 0.0394322723 0.0394322723 0.0394322723 0.0394322723 0.0394322723 0.0394322723 2.2681637624 0.0394322723
0.0394322723 11.3405310876 17.4089929322 0.0394322723 0.0394322723 0.0394322723 3.4502101692 0.0394322723 3.7796738118 1.2177533608 0.0394322723 0.0394322723 0.0394322723 0.0394322723 0.0394322723 0.0394322723 0.0394322723 0.0394322723 0.0394322723 0.0394322723
0.0394322723 20.7494043513 0.0394322723 0.0394322723 0.0394322723 0.0394322723 0.0394322723 0.0394322723 0.0394322723 0.0394322723 2.6614993357 1.9313803870 10.8154450152 0.0394322723 0.0394322723 0.0394322723 0.0394322723 0.0394322723 0.0394322723 0.0394322723
0.0394322723 0.0394322723 0.0394322723 0.0394322723 0.0394322723 10.3758643740 0.0394322723 0.0394322723 2.4742686805 0.0394322723 0.0394322723 0.0394322723 0.0394322723 0.0394322723 0.0394322723 0.0394322723 0.0394322723 0.0394322723 2.2681637624 0.0394322723
0.0394322723 20.7494043513 0.0394322723 0.0394322723 0.0394322723 0.0394322723 0.0394322723 0.0394322723 0.0394322723 0.0394322723 2.6614993357 1.9313803870 10.8154450152 0.0394322723 0.0394322723 0.0394322723 0.0394322723 0.0394322723 0.0394322723 0.0394322723
0.0394322723 20.7494043513 0.0394322723 0.0394322723 0.0394322723 0.0394322723 0.0394322723 0.0394322723 0.0394322723 0.0394322723 2.6614993357 1.9313803870 10.8154450152 0.0394322723 0.0394322723 0.0394322723 0.0394322723 0.0394322723 0.0394322723 0.0394322723
0.0394322723 0.0394322723 0.0394322723 0.0394322723 0.0394322723 3.6331033543 1.4457611902 0.0394322723 0.0394322723 0.0394322723 0.0394322723 0.0394322723 0.0394322723 0.0394322723 0.0394322723 0.0394322723 0.0394322723 0.0394322723 0.0394322723 0.0394322723
0.0394322723 0.0394322723 0.0394322723 0.0394322723 0.0394322723 0.0394322723 7.6063117188 0.0394322723 0.0394322723 0.0394322723 0.0394322723 0.0394322723 0.0394322723 0.0394322723 0.0394322723 0.0394322723 0.0394322723 0.0394322723 2.4725528258 0.0394322723
0.0394322723 0.0394322723 0.0394322723 0.0394322723 0.0394322723 3.6331033543 1.4457611902 0.0394322723 0.0394322723 0.0394322723 0.0394322723 0.0394322723 0.0394322723 0.0394322723 0.0394322723 0.0394322723 0.0394322723 0.0394322723 0.0394322723 0.0394322723
0.0394322723 20.7494043513 0.0394322723 0.0394322723 0.0394322723 0.0394322723 0.0394322723 0.0394322723 0.0394322723 0.0394322723 2.6614993357 1.9313803870 10.8154450152 0.0394322723 0.0394322723 0.0394322723 0.0394322723 0.0394322723 0.0394322723 0.0394322723
0.0394322723 0.0394322723 0.0394322723 0.0394322723 0.0394322723 0.0394322723 3.6352235822 13.4436409624 0.0394322723 0.0394322723 0.0394322723 0.0394322723 0.0394322723 0.0394322723 0.0394322723 0.0394322723 0.0394322723 0.0394322723 0.0394322723 0.0394322723
0.0394322723 0.0394322723 0.0394322723 0.0394322723 0.0394322723 0.0394322723 0.0394322723 0.0394322723 0.0394322723 0.0394322723 0.0394322723 0.0394322723 0.0394322723 0.0394322723 0.0394322723 0.0394322723 0.0394322723 0.0394322723 0.0394322723 7.0394322723
0.0394322723 0.0394322723 0.0394322723 0.0394322723 0.0394322723 0.0394322723 2.8328664826 2.2459980620 0.0394322723 0.0394322723 0.0394322723 0.0394322723 0.0394322723 0.0394322723 0.0394322723 0.0394322723 0.0394322723 0.0394322723 0.0394322723 0.0394322723
0.0394322723 0.0394322723 0.0394322723 0.0394322723 0.0394322723 0.0394322723 0.0394322723 0.0394322723 0.0394322723 0.0394322723 0.0394322723 0.0394322723 0.0394322723 2.0394322723 0.0394322723 0.0394322723 0.0394322723 0.0394322723 0.0394322723 0.0394322723
4.0394322722 0.0394322723 0.0394322723 0.0394322723 0.0394322723 0.0394322723 0.0394322723 0.0394322723 0.0394322723 0.0394322723 0.0394322723 0.0394322723 0.0394322723 0.0394322723 0.0394322723 0.0394322723 0.0394322723 0.0394322723 0.0394322723 0.0394322723
0.0394322723 0.0394322723 0.0394322723 0.0394322723 0.0394322723 0.0394322723 0.0394322723 6.0394322723 0.0394322723 0.0394322723 0.0394322723 0.0394322723 0.0394322723 0.0394322723 0.0394322723 0.0394322723 0.0394322723 0.0394322723 0.0394322723 0.0394322723
0.0394322723 0.0394322723 0.0394322723 0.0394322723 0.0394322723 0.0394322723 0.0394322723 2.0394322723 0.0394322723 0.0394322723 0.0394322723 0.0394322723 0.0394322723 0.0394322723 0.0394322723 0.0394322723 0.0394322723 0.0394322723 0.0394322723 0.0394322723
0.0394322723 0.0394322723 0.0394322723 0.0394322723 0.0394322723 1.5126376218 0.0394322723 0.0394322723 0.0394322723 0.0394322723 0.0394322723 0.0394322723 0.0394322723 0.0394322723 0.0394322723 0.0394322723 0.0394322723 0.0394322723 14.5662269227 0.0394322723
0.0394322723 5.0394322723 0.0394322723 0.0394322723 0.0394322723 0.0394322723 0.0394322723 0.0394322723 0.0394322723 0.0394322723 0.0394322723 0.0394322723 0.0394322723 0.0394322723 0.0394322723 0.0394322723 0.0394322723 0.0394322723 0.0394322723 0.0394322723
0.0394322723 0.0394322723 0.0394322723 0.0394322723 0.0394322723 0.0394322723 0.0394322723 14.9785961315 0.0394322723 0.0394322723 0.0394322723 0.0394322723 0.0394322723 0.0394322723 0.0394322723 0.0394322723 0.0394322723 0.0394322723 0.0394322723 4.1002684131
0.0394322723 0.0394322723 0.0394322723 0.0394322723 0.0394322723 0.0394322723 0.0394322723 0.0394322723 0.0394322723 0.0394322723 0.0394322723 0.0394322723 0.0394322723 0.0394322723 0.0394322723 4.0451644158 0.0394322723 0.0394322723 0.0394322723 2.0337001288
0.0394322723 0.0394322723 0.0394322723 0.0394322723 0.0394322723 0.0394322723 0.0394322723 0.0394322723 0.0394322723 0.0394322723 0.0394322723 7.0394322723 0.0394322723 0.0394322723 0.0394322723 0.0394322723 0.0394322723 0.0394322723 0.0394322723 0.0394322723
0.0394322723 0.0394322723 0.0394322723 0.0394322723 0.0394322723 0.0394322723 0.0394322723 0.0394322723 0.0394322723 0.0394322723 0.0394322723 0.0394322723 0.0394322723 0.0394322723 0.0394322723 0.0394322723 0.0394322723 0.0394322723 0.0394322723 3.0394322723
0.0394322723 0.0394322723 0.0394322723 0.0394322723 0.0394322723 0.0394322723 0.0394322723 0.0394322723 0.0394322723 0.0394322723 0.0394322723 0.0394322723 5.0005935978 0.0394322723 0.0394322723 9.0782709468 0.0394322723 0.0394322723 0.0394322723 0.0394322723
0.0394322723 0.0394322723 0.0394322723 0.0394322723 0.0394322723 0.0394322723 6.0394322722 0.0394322723 0.0394322723 0.0394322723 0.0394322723 0.0394322723 0.0394322723 0.0394322723 0.0394322723 0.0394322723 0.0394322723 0.0394322723 0.0394322723 0.0394322723
0.0394322723 0.0394322723 0.0394322723 10.0394322723 0.0394322723 0.0394322723 0.0394322723 0.0394322723 0.0394322723 0.0394322723 0.0394322723 0.0394322723 0.0394322723 0.0394322723 0.0394322723 0.0394322723 0.0394322723 0.0394322723 0.0394322723 0.0394322723
0.0394322723 0.0394322723 0.0394322723 0.0394322723 0.0394322723 0.0394322723 0.0394322723 14.0394322723 0.0394322723 0.0394322723 0.0394322723 0.0394322723 0.0394322723 0.0394322723 0.0394322723 0.0394322723 0.0394322723 0.0394322723 0.0394322723 0.0394322723
0.0394322723 0.0394322723 0.0394322723 0.0394322723 0.0394322723 0.0394322723 0.0394322723 0.0394322723 0.0394322723 0.0394322723 0.0394322723 0.0394322723 0.0394322723 0.0394322723 0.0394322723 3.0394322723 0.0394322723 0.0394322723 0.0394322723 0.0394322723
0.0394322723 0.0394322723 0.0394322723 0.0394322723 0.0394322723 0.0394322723 0.0394322723 11.0394322723 0.0394322723 0.0394322723 0.0394322723 0.0394322723 0.0394322723 0.0394322723 0.0394322723 0.0394322723 0.0394322723 0.0394322723 0.0394322723 0.0394322723
0.0394322723 0.0394322723 0.0394322723 0.0394322723 0.0394322723 0.0394322723 5.0676815496 0.0394322723 2.0817309418 0.0394322723 0.0394322723 0.0394322723 0.0394322723 0.0394322723 0.0394322723 0.0394322723 0.0394322723 0.0394322723 8.9688843256 0.0394322723
0.0394322723 0.0394322723 0.0394322723 0.0394322723 16.7500887634 0.0394322723 1.3287757812 0.0394322723 0.0394322723 0.0394322723 0.0394322723 0.0394322723 0.0394322723 0.0394322723 0.0394322723 0.0394322723 0.0394322723 0.0394322723 0.0394322723 0.0394322723
0.0394322723 0.0394322723 0.0394322723 0.0394322723 0.0394322723 0.0394322723 0.0394322723 12.0394322723 0.0394322723 0.0394322723 0.0394322723 0.0394322723 0.0394322723 0.0394322723 0.0394322723 0.0394322723 0.0394322723 0.0394322723 0.0394322723 0.0394322723
0.0394322723 0.0394322723 0.0394322723 0.0394322723 0.0394322723 0.0394322723 7.0394322722 0.0394322723 0.0394322723 0.0394322723 0.0394322723 0.0394322723 0.0394322723 0.0394322723 0.0394322723 0.0394322723 0.0394322723 0.0394322723 0.0394322723 0.0394322723
0.0394322723 0.0394322723 0.0394322723 0.0394322723 0.0394322723 0.0394322723 0.0394322723 11.0394322723 0.0394322723 0.0394322723 0.0394322723 0.0394322723 0.0394322723 0.0394322723 0.0394322723 0.0394322723 0.0394322723 0.0394322723 0.0394322723 0.0394322723
0.0394322723 0.0394322723 0.0394322723 0.0394322723 16.7500887634 0.0394322723 1.3287757812 0.0394322723 0.0394322723 0.0394322723 0.0394322723 0.0394322723 0.0394322723 0.0394322723 0.0394322723 0.0394322723 0.0394322723 0.0394322723 0.0394322723 0.0394322723
0.0394322723 0.0394322723 0.0394322723 0.0394322723 0.0394322723 0.0394322723 0.0394322723 0.0394322723 0.0394322723 0.0394322723 0.0394322723 0.0394322723 0.0394322723 0.0394322723 0.0394322723 0.0394322723 0.0394322723 0.0394322723 0.0394322723 11.0394322723
0.0394322723 0.0394322723 0.0394322723 4.8349393898 0.0394322723 0.0394322723 0.0394322723 0.0394322723 0.0394322723 0.0394322723 0.0394322723 0.0394322723 0.0394322723 9.2439251548 0.0394322723 0.0394322723 0.0394322723 0.0394322723 0.0394322723 0.0394322723
0.0394322723 0.0394322723 0.0394322723 0.0394322723 0.0394322723 0.0394322723 0.0394322723 0.0394322723 0.0394322723 0.0394322723 0.0394322723 0.0394322723 0.0394322723 0.0394322723 0.0394322723 0.0394322723 0.0394322723 12.0394322723 0.0394322723 0.0394322723
0.0394322723 0.0394322723 0.0394322723 0.0394322723 0.0394322723 0.0394322723 0.0394322723 0.0394322723 0.0394322723 0.0394322723 0.0394322723 0.0394322723 0.0394322723 0.0394322723 0.0394322723 25.0394322723 0.0394322723 0.0394322723 0.0394322723 0.0394322723
0.0394322723 0.0394322723 0.0394322723 0.0394322723 0.0394322723 0.0394322723 7.0394322722 0.0394322723 0.0394322723 0.0394322723 0.0394322723 0.0394322723 0.0394322723 0.0394322723 0.0394322723 0.0394322723 0.0394322723 0.0394322723 0.0394322723 0.0394322723
13.0394322723 0.0394322723 0.0394322723 0.0394322723 0.0394322723 0.0394322723 0.0394322723 0.0394322723 0.0394322723 0.0394322723 0.0394322723 0.0394322723 0.0394322723 0.0394322723 0.0394322723 0.0394322723 0.0394322723 0.0394322723 0.0394322723 0.0394322723
0.0394322723 0.0394322723 0.0394322723 0.0394322723 0.0394322723 0.0394322723 0.0394322723 12.0394322723 0.0394322723 0.0394322723 0.0394322723 0.0394322723 0.0394322723 0.0394322723 0.0394322723 0.0394322723 0.0394322723 0.0394322723 0.0394322723 0.0394322723
