0.0283999871 9.2573805424 0.0283999871 0.0283999871 0.0283999871 0.0283999871 0.0283999871 0.0283999871 5.7994194319 0.0283999871
0.0283999871 15.1758013860 0.0283999871 0.0283999871 0.0283999871 0.0283999871 0.0283999871 0.0283999871 16.8809985883 0.0283999871
0.0283999871 15.1758013860 0.0283999871 0.0283999871 0.0283999871 0.0283999871 0.0283999871 0.0283999871 16.8809985883 0.0283999871
0.0283999871 15.1758013860 0.0283999871 0.0283999871 0.0283999871 0.0283999871 0.0283999871 0.0283999871 16.8809985883 0.0283999871
0.0283999871 0.0283999871 0.0283999871 0.0283999871 0.0283999871 0.0283999871 10.0283999871 0.0283999871 0.0283999871 0.0283999871
0.0283999871 2.1820246465 0.0283999871 0.0283999871 0.0283999871 0.0283999871 0.0283999871 0.0283999871 9.8747753278 0.0283999871
0.0283999871 0.0283999871 0.0283999871 0.0283999871 12.6632436804 0.0283999871 3.3935562939 0.0283999871 0.0283999871 0.0283999871
0.0283999871 0.0283999871 0.0283999871 0.0283999871 0.0283999871 0.0283999871 10.0283999871 0.0283999871 0.0283999871 0.0283999871
0.0283999871 0.0283999871 0.0283999871 0.0283999871 0.0283999871 0.0283999871 10.0283999871 0.0283999871 0.0283999871 0.0283999871
0.0283999871 2.1820246465 0.0283999871 0.0283999871 0.0283999871 0.0283999871 0.0283999871 0.0283999871 9.8747753278 0.0283999871
0.0283999871 0.0283999871 3.4104213189 8.6463786553 0.0283999871 0.0283999871 0.0283999871 0.0283999871 0.0283999871 0.0283999871
0.0283999871 0.0283999871 0.0283999871 21.0283999871 0.0283999871 0.0283999871 0.0283999871 0.0283999871 0.0283999871 0.0283999871
0.0283999871 0.0283999871 3.4104213189 8.6463786553 0.0283999871 0.0283999871 0.0283999871 0.0283999871 0.0283999871 0.0283999871
0.0283999871 0.0283999871 3.4104213189 8.6463786553 0.0283999871 0.0283999871 0.0283999871 0.0283999871 0.0283999871 0.0283999871
0.0283999871 0.0283999871 0.0283999871 21.0283999871 0.0283999871 0.0283999871 0.0283999871 0.0283999871 0.0283999871 0.0283999871
0.0283999871 0.0283999871 13.0283999871 0.0283999871 0.0283999871 0.0283999871 0.0283999871 0.0283999871 0.0283999871 0.0283999871
0.0283999871 0.0283999871 0.0283999871 0.0283999871 0.0283999871 0.0283999871 5.0283999871 0.0283999871 0.0283999871 0.0283999871
0.0283999871 0.0283999871 0.0283999871 0.0283999871 0.0283999871 0.0283999871 0.0283999871 0.0283999871 0.0283999871 12.0283999871
0.0283999871 0.0283999871 0.0283999871 0.0283999871 0.0283999871 0.0283999871 0.0283999871 0.0283999871 0.0283999871 21.0283999871
0.0283999871 0.0283999871 0.0283999871 0.0283999871 0.0283999871 0.0283999871 5.0283999871 0.0283999871 0.0283999871 0.0283999871
0.0283999871 0.0283999871 9.0283999871 0.0283999871 0.0283999871 0.0283999871 0.0283999871 0.0283999871 0.0283999871 0.0283999871
0.0283999871 0.0283999871 0.0283999871 0.0283999871 0.0283999871 0.0283999871 0.0283999871 3.3261661611 0.0283999871 18.7306338131
0.0283999871 0.0283999871 0.0283999871 0.0283999871 10.3898237296 0.0283999871 3.6669762447 0.0283999871 0.0283999871 0.0283999871
0.0283999871 0.0283999871 0.0283999871 0.0283999871 0.0283999871 0.0283999871 0.0283999871 18.0283999871 0.0283999871 0.0283999871
0.0283999871 0.0283999871 0.0283999871 0.0283999871 0.0283999871 0.0283999871 8.0621142389 11.9494969974 4.0735887251 0.0283999871
0.0283999871 0.0283999871 0.0283999871 0.0283999871 0.0283999871 0.0283999871 0.0283999871 0.0283999871 0.0283999871 12.0283999871
0.0283999871 0.0283999871 0.0283999871 0.0283999871 0.0283999871 0.0283999871 0.0283999871 0.0283999871 0.0283999871 21.0283999871
0.0283999871 0.0283999871 0.0283999871 0.0283999871 0.0283999871 0.0283999871 0.0283999871 0.0283999871 0.0283999871 21.0283999871
0.0283999871 0.0283999871 0.0283999871 0.0283999871 0.0283999871 0.0283999871 0.0283999871 0.0283999871 0.0283999871 20.0283999871
0.0283999871 2.1820246465 0.0283999871 0.0283999871 0.0283999871 0.0283999871 0.0283999871 0.0283999871 9.8747753278 0.0283999871
0.0283999871 0.0283999871 0.0283999871 0.0283999871 0.0283999871 0.0283999871 0.0283999871 3.3261661611 0.0283999871 18.7306338131
0.0283999871 0.0283999871 0.0283999871 26.0283999871 0.0283999871 0.0283999871 0.0283999871 0.0283999871 0.0283999871 0.0283999871
0.0283999871 0.0283999871 4.7790562114 0.0283999871 0.0283999871 0.0283999871 0.0283999871 7.2777437629 0.0283999871 0.0283999871
0.0283999871 0.0283999871 0.0283999871 0.0283999871 0.0283999871 0.0283999871 0.0283999871 10.8166323862 0.0283999871 2.2401675881
0.0283999871 2.3585750147 3.4006238127 0.0283999871 0.0283999871 0.0283999871 5.1240071051 0.0283999871 4.2303940161 0.0283999871
0.0283999871 0.0283999871 0.0283999871 0.0283999871 0.0283999871 0.0283999871 0.0283999871 18.0283999871 0.0283999871 0.0283999871
0.0283999871 0.0283999871 0.0283999871 0.0283999871 0.0283999871 14.0283999871 0.0283999871 0.0283999871 0.0283999871 0.0283999871
0.0283999871 0.0283999871 0.0283999871 0.0283999871 0.0283999871 0.0283999871 0.0283999871 23.0283999871 0.0283999871 0.0283999871
0.0283999871 0.0283999871 0.0283999871 0.0283999871 0.0283999871 0.0283999871 0.0283999871 14.0283999871 0.0283999871 0.0283999871
0.0283999871 6.0283999871 0.0283999871 0.0283999871 0.0283999871 0.0283999871 0.0283999871 0.0283999871 0.0283999871 0.0283999871
0.0283999871 0.0283999871 0.0283999871 0.0283999871 0.0283999871 6.0283999871 0.0283999871 0.0283999871 0.0283999871 0.0283999871
0.0283999871 0.0283999871 0.0283999871 0.0283999871 3.6695936997 0.0283999871 0.0283999871 0.0283999871 4.3872062746 0.0283999871
0.0283999871 0.0283999871 0.0283999871 0.0283999871 0.0283999871 0.0283999871 4.0283999871 0.0283999871 0.0283999871 0.0283999871
0.0283999871 0.0283999871 0.0283999871 0.0283999871 0.0283999871 5.7797577529 0.0283999871 0.0283999871 2.2770422214 0.0283999871
2.0763115039 8.9804884703 0.0283999871 0.0283999871 0.0283999871 0.0283999871 0.0283999871 0.0283999871 0.0283999871 0.0283999871
0.0283999871 0.0283999871 0.0283999871 0.0283999871 0.0283999871 2.0283999871 0.0283999871 0.0283999871 2.0283999872 0.0283999871
0.0283999871 0.0283999871 8.0283999871 0.0283999871 0.0283999871 0.0283999871 0.0283999871 0.0283999871 0.0283999871 0.0283999871
0.0283999871 0.0283999871 0.0283999871 0.0283999871 3.6695936997 0.0283999871 0.0283999871 0.0283999871 4.3872062746 0.0283999871
2.0763115039 8.9804884703 0.0283999871 0.0283999871 0.0283999871 0.0283999871 0.0283999871 0.0283999871 0.0283999871 0.0283999871
0.0283999871 0.0283999871 0.0283999871 0.0283999871 3.6695936997 0.0283999871 0.0283999871 0.0283999871 4.3872062746 0.0283999871
0.0283999871 9.0283999871 0.0283999871 0.0283999871 0.0283999871 0.0283999871 0.0283999871 0.0283999871 0.0283999871 0.0283999871
0.0283999871 0.0283999871 0.0283999871 0.0283999871 0.0283999871 2.0283999871 0.0283999871 0.0283999871 2.0283999872 0.0283999871
0.0283999871 16.0283999871 0.0283999871 0.0283999871 0.0283999871 0.0283999871 0.0283999871 0.0283999871 0.0283999871 0.0283999871
0.0283999871 9.0283999871 0.0283999871 0.0283999871 0.0283999871 0.0283999871 0.0283999871 0.0283999871 0.0283999871 0.0283999871
0.0283999871 4.0283999871 0.0283999871 0.0283999871 0.0283999871 0.0283999871 0.0283999871 0.0283999871 0.0283999871 0.0283999871
0.0283999871 0.0283999871 0.0283999871 0.0283999871 3.0407576319 0.0283999871 0.0283999871 0.0283999871 2.0160423424 0.0283999871
0.0283999871 9.0283999871 0.0283999871 0.0283999871 0.0283999871 0.0283999871 0.0283999871 0.0283999871 0.0283999871 0.0283999871
0.0283999871 0.0283999871 0.0283999871 0.0283999871 0.0283999871 2.0283999871 0.0283999871 0.0283999871 2.0283999872 0.0283999871
0.0283999871 0.0283999871 0.0283999871 0.0283999871 0.0283999871 0.0283999871 0.0283999871 0.0283999871 0.0283999871 3.0283999871
0.0283999871 9.8473868820 0.0283999871 0.0283999871 0.0283999871 2.2780943705 0.0283999871 0.0283999871 0.0283999871 1.9597187089
0.0283999871 9.0283999871 0.0283999871 0.0283999871 0.0283999871 0.0283999871 0.0283999871 0.0283999871 0.0283999871 0.0283999871
0.0283999871 0.0283999871 0.0283999871 0.0283999871 0.0283999871 0.0283999871 0.0283999871 0.0283999871 0.0283999871 3.0283999871
0.0283999871 0.0283999871 5.2809237036 0.0283999871 0.0283999871 0.0283999871 0.0283999871 7.7758762706 0.0283999871 0.0283999871
0.0283999871 0.0283999871 0.0283999871 0.0283999871 0.0283999871 0.0283999871 0.0283999871 0.0283999871 14.0283999871 0.0283999871
0.0283999871 0.0283999871 0.0283999871 0.0283999871 0.0283999871 0.0283999871 9.3690484305 20.8735334244 5.8426181065 0.0283999871
0.0283999871 0.0283999871 0.0283999871 0.0283999871 0.0283999871 0.0283999871 7.7834239292 0.0283999871 0.0283999871 4.2733760451
8.5213746200 0.0283999871 0.0283999871 0.0283999871 0.0283999871 0.0283999871 0.0283999871 0.0283999871 3.5354253543 0.0283999871
0.0283999871 0.0283999871 3.2080885223 0.0283999871 0.0283999871 0.0283999871 3.7875263312 6.0895851080 0.0283999871 0.0283999871
0.0283999871 0.0283999871 14.9229560434 0.0283999871 1.1338439309 0.0283999871 0.0283999871 0.0283999871 0.0283999871 0.0283999871
0.0283999871 5.0283999871 0.0283999871 0.0283999871 0.0283999871 0.0283999871 0.0283999871 0.0283999871 0.0283999871 0.0283999871
0.0283999871 0.0283999871 0.0283999871 0.0283999871 3.8532459689 0.0283999871 0.0283999871 0.0283999871 0.0283999871 1.2035540053
0.0283999871 0.0283999871 0.0283999871 0.0283999871 0.0283999871 0.0283999871 0.0283999871 0.0283999871 0.0283999871 7.0283999871
0.0283999871 0.0283999871 0.0283999871 0.0283999871 0.0283999871 0.0283999871 8.0283999871 0.0283999871 0.0283999871 0.0283999871
0.0283999871 0.0283999871 0.0283999871 0.0283999871 0.0283999871 0.0283999871 0.0283999871 0.0283999871 12.0283999871 0.0283999871
0.0283999871 9.2573805424 0.0283999871 0.0283999871 0.0283999871 0.0283999871 0.0283999871 0.0283999871 5.7994194319 0.0283999871
10.6579485832 0.0283999871 0.0283999871 2.5848736320 0.0283999871 0.0283999871 0.0283999871 0.0283999871 1.8423777461 0.0283999871
0.0283999871 0.0283999871 0.0283999871 0.0283999871 0.0283999871 0.0283999871 0.0283999871 23.0283999871 0.0283999871 0.0283999871
0.0283999871 0.0283999871 0.0283999871 0.0283999871 0.0283999871 0.0283999871 0.0283999871 23.0283999871 0.0283999871 0.0283999871
10.6579485832 0.0283999871 0.0283999871 2.5848736320 0.0283999871 0.0283999871 0.0283999871 0.0283999871 1.8423777461 0.0283999871
0.0283999871 0.0283999871 0.0283999871 0.0283999871 0.0283999871 0.0283999871 8.0283999871 0.0283999871 0.0283999871 0.0283999871
0.0283999871 0.0283999871 0.0283999871 0.0283999871 16.7779847804 0.0283999871 0.0283999871 0.0283999871 3.2788151939 0.0283999871
0.0283999871 0.0283999871 0.0283999871 0.0283999871 0.0283999871 0.0283999871 4.1717027428 13.4929807145 0.0283999871 6.4205165041
0.0283999871 16.0283999871 0.0283999871 0.0283999871 0.0283999871 0.0283999871 0.0283999871 0.0283999871 0.0283999871 0.0283999871
5.4159933001 17.6408066742 0.0283999871 0.0283999871 0.0283999871 0.0283999871 0.0283999871 0.0283999871 0.0283999871 0.0283999871
0.0283999871 0.0283999871 0.0283999871 0.0283999871 12.6632436804 0.0283999871 3.3935562939 0.0283999871 0.0283999871 0.0283999871
0.0283999871 16.0283999871 0.0283999871 0.0283999871 0.0283999871 0.0283999871 0.0283999871 0.0283999871 0.0283999871 0.0283999871
0.0283999871 0.0283999871 0.0283999871 0.0283999871 0.0283999871 0.0283999871 3.0283999871 0.0283999871 0.0283999871 0.0283999871
0.0283999871 0.0283999871 24.0283999871 0.0283999871 0.0283999871 0.0283999871 0.0283999871 0.0283999871 0.0283999871 0.0283999871
0.0283999871 0.0283999871 0.0283999871 0.0283999871 6.0283999871 0.0283999871 0.0283999871 0.0283999871 0.0283999871 0.0283999871
0.0283999871 0.0283999871 0.0283999871 12.0283999871 0.0283999871 0.0283999871 0.0283999871 0.0283999871 0.0283999871 0.0283999871
0.0283999871 0.0283999871 0.0283999871 0.0283999871 0.0283999871 0.0283999871 0.0283999871 0.0283999871 12.0283999871 0.0283999871
0.0283999871 1.4124566434 0.0283999871 0.0283999871 9.6443433309 0.0283999871 0.0283999871 0.0283999871 0.0283999871 0.0283999871
16.0283999871 0.0283999871 0.0283999871 0.0283999871 0.0283999871 0.0283999871 0.0283999871 0.0283999871 0.0283999871 0.0283999871
0.0283999871 8.0283999871 0.0283999871 0.0283999871 0.0283999871 0.0283999871 0.0283999871 0.0283999871 0.0283999871 0.0283999871
0.0283999871 0.0283999871 0.0283999871 0.0283999871 0.0283999871 0.0283999871 0.0283999871 0.0283999871 7.0283999871 0.0283999871
0.0283999871 0.0283999871 0.0283999871 0.0283999871 0.0283999871 0.0283999871 0.0283999871 0.0283999871 0.0283999871 17.0283999871
0.0283999871 0.0283999871 0.0283999871 0.0283999871 0.0283999871 0.0283999871 0.0283999871 0.0283999871 7.0283999871 0.0283999871
0.0283999871 4.0596338546 0.0283999871 0.0283999871 0.0283999871 0.0283999871 0.0283999871 0.0283999871 11.9971661197 0.0283999871
0.0283999871 0.0283999871 4.3554532571 0.0283999871 0.0283999871 0.0283999871 8.5464443723 20.0528405040 5.1588618153 0.0283999871
0.0283999871 0.0283999871 0.0283999871 0.0283999871 0.0283999871 0.0283999871 0.0283999871 0.0283999871 0.0283999871 17.0283999871
0.0283999871 0.0283999871 0.0283999871 0.0283999871 0.0283999871 0.0283999871 0.0283999871 0.0283999871 14.0283999871 0.0283999871
0.0283999871 14.0283999871 0.0283999871 0.0283999871 0.0283999871 0.0283999871 0.0283999871 0.0283999871 0.0283999871 0.0283999871
0.0283999871 0.0283999871 0.0283999871 0.0283999871 0.0283999871 0.0283999871 0.0283999871 0.0283999871 14.0283999871 0.0283999871
0.0283999871 3.0513841662 0.0283999871 0.0283999871 0.0283999871 0.0283999871 10.0054158081 0.0283999871 0.0283999871 0.0283999871
0.0283999871 0.0283999871 0.0283999871 0.0283999871 0.0283999871 0.0283999871 0.0283999871 0.0283999871 14.0283999871 0.0283999871
0.0283999871 0.0283999871 0.0283999871 0.0283999871 0.0283999871 0.0283999871 0.0283999871 0.0283999871 0.0283999871 17.0283999871
0.0283999871 0.0283999871 0.0283999871 0.0283999871 3.6695936997 0.0283999871 0.0283999871 0.0283999871 4.3872062746 0.0283999871
0.0283999871 0.0283999871 4.3554532571 0.0283999871 0.0283999871 0.0283999871 8.5464443723 20.0528405040 5.1588618153 0.0283999871
0.0283999871 0.0283999871 17.0283999871 0.0283999871 0.0283999871 0.0283999871 0.0283999871 0.0283999871 0.0283999871 0.0283999871
0.0283999871 11.6165237537 0.0283999871 0.0283999871 0.0283999871 0.0283999871 0.0283999871 0.0283999871 12.4402762206 0.0283999871
0.0283999871 16.0283999871 0.0283999871 0.0283999871 0.0283999871 0.0283999871 0.0283999871 0.0283999871 0.0283999871 0.0283999871
0.0283999871 4.0596338546 0.0283999871 0.0283999871 0.0283999871 0.0283999871 0.0283999871 0.0283999871 11.9971661197 0.0283999871
0.0283999871 16.0283999871 0.0283999871 0.0283999871 0.0283999871 0.0283999871 0.0283999871 0.0283999871 0.0283999871 0.0283999871
0.0283999871 0.0283999871 0.0283999871 0.0283999871 0.0283999871 0.0283999871 0.0283999871 0.0283999871 0.0283999871 17.0283999871
0.0283999871 16.0283999871 0.0283999871 0.0283999871 0.0283999871 0.0283999871 0.0283999871 0.0283999871 0.0283999871 0.0283999871
0.0283999871 16.0283999871 0.0283999871 0.0283999871 0.0283999871 0.0283999871 0.0283999871 0.0283999871 0.0283999871 0.0283999871
0.0283999871 0.0283999871 0.0283999871 0.0283999871 0.0283999871 0.0283999871 0.0283999871 0.0283999871 3.0283999871 0.0283999871
0.0283999871 0.0283999871 0.0283999871 0.0283999871 0.0283999871 0.0283999871 0.0283999871 0.0283999871 0.0283999871 17.0283999871
0.0283999871 0.0283999871 0.0283999871 0.0283999871 0.0283999871 0.0283999871 0.0283999871 0.0283999871 8.0283999871 0.0283999871
0.0283999871 0.0283999871 0.0283999871 0.0283999871 3.4053192573 0.0283999871 6.8643648823 3.8155158219 0.0283999871 0.0283999871
0.0283999871 0.0283999871 0.0283999871 0.0283999871 0.0283999871 0.0283999871 0.0283999871 0.0283999871 8.0283999871 0.0283999871
0.0283999871 0.0283999871 0.0283999871 0.0283999871 4.0283999871 0.0283999871 0.0283999871 0.0283999871 0.0283999871 0.0283999871
0.0283999871 3.6741354146 0.0283999871 0.0283999871 0.0283999871 0.0283999871 0.0283999871 0.0283999871 9.3826645597 0.0283999871
0.0283999871 0.0283999871 0.0283999871 13.0283999871 0.0283999871 0.0283999871 0.0283999871 0.0283999871 0.0283999871 0.0283999871
16.0283999871 0.0283999871 0.0283999871 0.0283999871 0.0283999871 0.0283999871 0.0283999871 0.0283999871 0.0283999871 0.0283999871
0.0283999871 7.0283999871 0.0283999871 0.0283999871 0.0283999871 0.0283999871 0.0283999871 0.0283999871 0.0283999871 0.0283999871
0.0283999871 9.0283999871 0.0283999871 0.0283999871 0.0283999871 0.0283999871 0.0283999871 0.0283999871 0.0283999871 0.0283999871
0.0283999871 7.0283999871 0.0283999871 0.0283999871 0.0283999871 0.0283999871 0.0283999871 0.0283999871 0.0283999871 0.0283999871
0.0283999871 0.0283999871 0.0283999871 0.0283999871 0.0283999871 0.0283999871 0.0283999871 0.0283999871 2.0283999871 0.0283999871
0.0283999871 2.3091499180 0.0283999871 0.0283999871 4.6872211603 3.0888288832 0.0283999871 0.0283999871 0.0283999871 0.0283999871
0.0283999871 0.0283999871 0.0283999871 0.0283999871 16.0283999871 0.0283999871 0.0283999871 0.0283999871 0.0283999871 0.0283999871
0.0283999871 0.0283999871 0.0283999871 0.0283999871 0.0283999871 2.0283999871 0.0283999871 0.0283999871 0.0283999871 0.0283999871
0.0283999871 16.0283999871 0.0283999871 0.0283999871 0.0283999871 0.0283999871 0.0283999871 0.0283999871 0.0283999871 0.0283999871
0.0283999871 0.0283999871 0.0283999871 0.0283999871 0.0283999871 0.0283999871 6.0283999871 0.0283999871 0.0283999871 0.0283999871
0.0283999871 0.0283999871 3.2881133898 0.0283999871 0.0283999871 0.0283999871 0.0283999871 1.0583125073 6.7387740644 0.0283999871
0.0283999871 0.0283999871 0.0283999871 0.0283999871 0.0283999871 0.0283999871 0.0283999871 0.0283999871 0.0283999871 5.0283999871
0.0283999871 0.0283999871 5.2809237036 0.0283999871 0.0283999871 0.0283999871 0.0283999871 7.7758762706 0.0283999871 0.0283999871
0.0283999871 0.0283999871 0.0283999871 0.0283999871 0.0283999871 0.0283999871 6.2932509190 0.0283999871 0.0283999871 4.7635490553
5.4159933001 17.6408066742 0.0283999871 0.0283999871 0.0283999871 0.0283999871 0.0283999871 0.0283999871 0.0283999871 0.0283999871
0.0283999871 0.0283999871 5.2809237036 0.0283999871 0.0283999871 0.0283999871 0.0283999871 7.7758762706 0.0283999871 0.0283999871
1.5912247834 0.0283999871 0.0283999871 0.0283999871 0.0283999871 0.0283999871 0.0283999871 7.1536726934 1.3403024847 0.0283999871
0.0283999871 0.0283999871 0.0283999871 0.0283999871 0.0283999871 0.0283999871 0.0283999871 2.0283999871 0.0283999871 0.0283999871
0.0283999871 0.0283999871 0.0283999871 0.0283999871 0.0283999871 0.0283999871 0.0283999871 0.0283999871 12.0283999871 0.0283999871
0.0283999871 0.0283999871 0.0283999871 0.0283999871 0.0283999871 0.0283999871 6.2932509190 0.0283999871 0.0283999871 4.7635490553
1.5912247834 0.0283999871 0.0283999871 0.0283999871 0.0283999871 0.0283999871 0.0283999871 7.1536726934 1.3403024847 0.0283999871
0.0283999871 0.0283999871 5.2809237036 0.0283999871 0.0283999871 0.0283999871 0.0283999871 7.7758762706 0.0283999871 0.0283999871
5.4159933001 17.6408066742 0.0283999871 0.0283999871 0.0283999871 0.0283999871 0.0283999871 0.0283999871 0.0283999871 0.0283999871
0.0283999871 0.0283999871 0.0283999871 0.0283999871 0.0283999871 0.0283999871 0.0283999871 21.0283999871 0.0283999871 0.0283999871
0.0283999871 0.0283999871 1.0283999871 0.0283999871 0.0283999871 0.0283999871 0.0283999871 0.0283999871 0.0283999871 0.0283999871
0.0283999871 0.0283999871 1.0283999871 0.0283999871 0.0283999871 0.0283999871 0.0283999871 0.0283999871 0.0283999871 0.0283999871
11.0283999871 0.0283999871 0.0283999871 0.0283999871 0.0283999871 0.0283999871 0.0283999871 0.0283999871 0.0283999871 0.0283999871
0.0283999871 0.0283999871 0.0283999871 0.0283999871 0.0283999871 0.0283999871 0.0283999871 0.0283999871 13.0283999871 0.0283999871
0.0283999871 0.0283999871 0.0283999871 0.0283999871 7.0283999871 0.0283999871 0.0283999871 0.0283999871 0.0283999871 0.0283999871
0.0283999871 16.0283999871 0.0283999871 0.0283999871 0.0283999871 0.0283999871 0.0283999871 0.0283999871 0.0283999871 0.0283999871
0.0283999871 0.0283999871 0.0283999871 0.0283999871 0.0283999871 0.0283999871 0.0283999871 0.0283999871 14.0283999871 0.0283999871
0.0283999871 0.0283999871 16.0283999871 0.0283999871 0.0283999871 0.0283999871 0.0283999871 0.0283999871 0.0283999871 0.0283999871
0.0283999871 0.0283999871 0.0283999871 0.0283999871 0.0283999871 0.0283999871 0.0283999871 0.0283999871 15.0283999871 0.0283999871
0.0283999871 0.0283999871 16.0283999871 0.0283999871 0.0283999871 0.0283999871 0.0283999871 0.0283999871 0.0283999871 0.0283999871
0.0283999871 0.0283999871 0.0283999871 0.0283999871 0.0283999871 0.0283999871 0.0283999871 0.0283999871 15.0283999871 0.0283999871
0.0283999871 0.0283999871 0.0283999871 0.0283999871 0.0283999871 0.0283999871 0.0283999871 0.0283999871 0.0283999871 3.0283999871
4.3764538063 0.0283999871 0.0283999871 0.0283999871 0.0283999871 0.0283999871 2.5668998880 0.0283999871 1.1418462671 0.0283999871
0.0283999871 0.0283999871 0.0283999871 0.0283999871 0.0283999871 0.0283999871 0.0283999871 0.0283999871 9.0283999871 0.0283999871
0.0283999871 0.0283999871 17.0283999871 0.0283999871 0.0283999871 0.0283999871 0.0283999871 0.0283999871 0.0283999871 0.0283999871
4.3764538063 0.0283999871 0.0283999871 0.0283999871 0.0283999871 0.0283999871 2.5668998880 0.0283999871 1.1418462671 0.0283999871
0.0283999871 3.0283999871 0.0283999871 0.0283999871 0.0283999871 0.0283999871 0.0283999871 0.0283999871 0.0283999871 0.0283999871
0.0283999871 0.0283999871 0.0283999871 0.0283999871 0.0283999871 0.0283999871 0.0283999871 15.0283999871 0.0283999871 0.0283999871
0.0283999871 0.0283999871 0.0283999871 0.0283999871 0.0283999871 0.0283999871 0.0283999871 0.0283999871 0.0283999871 2.0283999871
0.0283999871 0.0283999871 0.0283999871 0.0283999871 0.0283999871 0.0283999871 0.0283999871 0.0283999871 7.8060692588 26.2507307155
1.1944221792 2.8623777951 0.0283999871 0.0283999871 0.0283999871 0.0283999871 0.0283999871 0.0283999871 0.0283999871 0.0283999871
0.0283999871 4.2264156576 0.0283999871 0.0283999871 0.0283999871 0.0283999871 7.7311415234 0.0283999871 2.7411675598 4.4148752077
0.0283999871 0.0283999871 0.0283999871 0.0283999871 0.0283999871 0.0283999871 0.0283999871 0.0283999871 14.0283999871 0.0283999871
0.0283999871 0.0283999871 0.0283999871 0.0283999871 0.0283999871 0.0283999871 0.0283999871 0.0283999871 0.0283999871 17.0283999871
0.0283999871 0.0283999871 5.2809237036 0.0283999871 0.0283999871 0.0283999871 0.0283999871 7.7758762706 0.0283999871 0.0283999871
0.0283999871 12.5378039901 0.0283999871 0.0283999871 0.0283999871 0.0283999871 0.0283999871 0.0283999871 1.5189959842 0.0283999871
0.0283999871 0.0283999871 5.2809237036 0.0283999871 0.0283999871 0.0283999871 0.0283999871 7.7758762706 0.0283999871 0.0283999871
0.0283999871 0.0283999871 0.0283999871 0.0283999871 0.0283999871 0.0283999871 0.0283999871 10.8166323862 0.0283999871 2.2401675881
0.0283999871 12.0283999871 0.0283999871 0.0283999871 0.0283999871 0.0283999871 0.0283999871 0.0283999871 0.0283999871 0.0283999871
0.0283999871 12.5378039901 0.0283999871 0.0283999871 0.0283999871 0.0283999871 0.0283999871 0.0283999871 1.5189959842 0.0283999871
0.0283999871 0.0283999871 0.0283999871 0.0283999871 0.0283999871 0.0283999871 0.0283999871 10.8166323862 0.0283999871 2.2401675881
0.0283999871 0.0283999871 0.0283999871 0.0283999871 0.0283999871 0.0283999871 0.0283999871 0.0283999871 0.0283999871 9.0283999871
0.0283999871 0.0283999871 0.0283999871 0.0283999871 0.0283999871 0.0283999871 7.0283999871 0.0283999871 0.0283999871 0.0283999871
0.0283999871 0.0283999871 0.0283999871 5.0283999871 0.0283999871 0.0283999871 0.0283999871 0.0283999871 0.0283999871 0.0283999871
0.0283999871 12.0283999871 0.0283999871 0.0283999871 0.0283999871 0.0283999871 0.0283999871 0.0283999871 0.0283999871 0.0283999871
0.0283999871 12.0283999871 0.0283999871 0.0283999871 0.0283999871 0.0283999871 0.0283999871 0.0283999871 0.0283999871 0.0283999871
0.0283999871 12.0283999871 0.0283999871 0.0283999871 0.0283999871 0.0283999871 0.0283999871 0.0283999871 0.0283999871 0.0283999871
0.0283999871 16.0283999871 0.0283999871 0.0283999871 0.0283999871 0.0283999871 0.0283999871 0.0283999871 0.0283999871 0.0283999871
0.0283999871 0.0283999871 0.0283999871 0.0283999871 0.0283999871 9.4432564986 0.0283999871 0.0283999871 4.6135434756 0.0283999871
0.0283999871 12.0283999871 0.0283999871 0.0283999871 0.0283999871 0.0283999871 0.0283999871 0.0283999871 0.0283999871 0.0283999871
3.5508703580 8.5059296163 0.0283999871 0.0283999871 0.0283999871 0.0283999871 0.0283999871 0.0283999871 0.0283999871 0.0283999871
0.0283999871 0.0283999871 0.0283999871 0.0283999871 0.0283999871 0.0283999871 0.0283999871 0.0283999871 0.0283999871 6.0283999871
0.0283999871 0.0283999871 0.0283999871 0.0283999871 0.0283999871 0.0283999871 10.0283999871 0.0283999871 0.0283999871 0.0283999871
1.3451871876 9.7116127867 0.0283999871 0.0283999871 0.0283999871 0.0283999871 0.0283999871 0.0283999871 0.0283999871 0.0283999871
0.0283999871 0.0283999871 0.0283999871 0.0283999871 14.0283999871 0.0283999871 0.0283999871 0.0283999871 0.0283999871 0.0283999871
0.0283999871 0.0283999871 0.0283999871 0.0283999871 14.0283999871 0.0283999871 0.0283999871 0.0283999871 0.0283999871 0.0283999871
0.0283999871 0.0283999871 0.0283999871 6.0283999871 0.0283999871 0.0283999871 0.0283999871 0.0283999871 0.0283999871 0.0283999871
0.0283999871 3.6741354146 0.0283999871 0.0283999871 0.0283999871 0.0283999871 0.0283999871 0.0283999871 9.3826645597 0.0283999871
0.0283999871 0.0283999871 0.0283999871 0.0283999871 0.0283999871 0.0283999871 0.0283999871 14.0283999871 0.0283999871 0.0283999871
0.0283999871 0.0283999871 0.0283999871 0.0283999871 0.0283999871 0.0283999871 0.0283999871 3.3261661611 0.0283999871 18.7306338131
0.0283999871 0.0283999871 0.0283999871 0.0283999871 0.0283999871 0.0283999871 0.0283999871 0.0283999871 6.0283999871 0.0283999871
0.0283999871 0.0283999871 0.0283999871 0.0283999871 0.0283999871 27.0283999871 0.0283999871 0.0283999871 0.0283999871 0.0283999871
0.0283999871 0.0283999871 0.0283999871 0.0283999871 0.0283999871 0.0283999871 10.0283999871 0.0283999871 0.0283999871 0.0283999871
0.0283999871 0.0283999871 0.0283999871 0.0283999871 0.0283999871 0.0283999871 0.0283999871 0.0283999871 6.0283999871 0.0283999871
0.0283999871 0.0283999871 0.0283999871 0.0283999871 0.0283999871 0.0283999871 10.0283999871 0.0283999871 0.0283999871 0.0283999871
11.0283999871 0.0283999871 0.0283999871 0.0283999871 0.0283999871 0.0283999871 0.0283999871 0.0283999871 0.0283999871 0.0283999871
0.0283999871 4.0283999871 0.0283999871 0.0283999871 0.0283999871 0.0283999871 0.0283999871 0.0283999871 0.0283999871 0.0283999871
0.0283999871 0.0283999871 0.0283999871 0.0283999871 0.0283999871 4.0283999871 0.0283999871 0.0283999871 0.0283999871 0.0283999871
0.0283999871 0.0283999871 0.0283999871 0.0283999871 0.0283999871 0.0283999871 0.0283999871 14.0283999871 0.0283999871 0.0283999871
0.0283999871 0.0283999871 0.0283999871 0.0283999871 0.0283999871 0.0283999871 0.0283999871 18.0283999871 0.0283999871 0.0283999871
0.0283999871 0.0283999871 0.0283999871 0.0283999871 0.0283999871 0.0283999871 0.0283999871 0.0283999871 6.0283999871 0.0283999871
0.0283999871 0.0283999871 0.0283999871 0.0283999871 0.0283999871 0.0283999871 0.0283999871 0.0283999871 8.0283999871 0.0283999871
0.0283999871 0.0283999871 0.0283999871 0.0283999871 0.0283999871 0.0283999871 0.0283999871 0.0283999871 6.0283999871 0.0283999871
0.0283999871 0.0283999871 0.0283999871 4.0283999871 0.0283999871 0.0283999871 0.0283999871 0.0283999871 0.0283999871 0.0283999871
0.0283999871 0.0283999871 0.0283999871 0.0283999871 2.0283999871 0.0283999871 0.0283999871 0.0283999871 0.0283999871 0.0283999871
0.0283999871 0.0283999871 0.0283999871 0.0283999871 0.0283999871 0.0283999871 4.1717027428 13.4929807145 0.0283999871 6.4205165041
10.6579485832 0.0283999871 0.0283999871 2.5848736320 0.0283999871 0.0283999871 0.0283999871 0.0283999871 1.8423777461 0.0283999871
0.0283999871 0.0283999871 0.0283999871 0.0283999871 0.0283999871 0.0283999871 9.0283999871 0.0283999871 0.0283999871 0.0283999871
0.0283999871 0.0283999871 0.0283999871 0.0283999871 0.0283999871 0.0283999871 0.0283999871 0.0283999871 8.0283999871 0.0283999871
0.0283999871 0.0283999871 0.0283999871 0.0283999871 0.0283999871 0.0283999871 0.0283999871 0.0283999871 6.0283999871 0.0283999871
10.6579485832 0.0283999871 0.0283999871 2.5848736320 0.0283999871 0.0283999871 0.0283999871 0.0283999871 1.8423777461 0.0283999871
0.0283999871 0.0283999871 0.0283999871 0.0283999871 0.0283999871 0.0283999871 9.0283999871 0.0283999871 0.0283999871 0.0283999871
0.0283999871 0.0283999871 0.0283999871 0.0283999871 0.0283999871 0.0283999871 0.0283999871 0.0283999871 15.0283999871 0.0283999871
0.0283999871 0.0283999871 0.0283999871 0.0283999871 0.0283999871 0.0283999871 7.0283999871 0.0283999871 0.0283999871 0.0283999871
4.6104054103 0.0283999871 0.0283999871 0.0283999871 0.0283999871 0.0283999871 0.0283999871 0.0283999871 0.0283999871 2.4463945640
0.0283999871 0.0283999871 0.0283999871 0.0283999871 9.0283999871 0.0283999871 0.0283999871 0.0283999871 0.0283999871 0.0283999871
0.0283999871 3.0283999871 0.0283999871 0.0283999871 0.0283999871 0.0283999871 0.0283999871 0.0283999871 0.0283999871 0.0283999871
0.0283999871 0.0283999871 0.0283999871 0.0283999871 0.0283999871 0.0283999871 0.0283999871 0.0283999871 8.0283999871 0.0283999871
0.0283999871 0.0283999871 0.0283999871 0.0283999871 0.0283999871 0.0283999871 0.0283999871 0.0283999871 9.0283999871 0.0283999871
0.0283999871 0.0283999871 0.0283999871 0.0283999871 2.0283999871 0.0283999871 0.0283999871 0.0283999871 0.0283999871 0.0283999871
0.0283999871 0.0283999871 0.0283999871 4.0283999871 0.0283999871 0.0283999871 0.0283999871 0.0283999871 0.0283999871 0.0283999871
0.0283999871 0.0283999871 0.0283999871 0.0283999871 0.0283999871 0.0283999871 0.0283999871 0.0283999871 6.0283999871 0.0283999871
0.0283999871 0.0283999871 0.0283999871 0.0283999871 0.0283999871 0.0283999871 0.0283999871 0.0283999871 8.0283999871 0.0283999871
0.0283999871 3.0283999871 0.0283999871 0.0283999871 0.0283999871 0.0283999871 0.0283999871 0.0283999871 0.0283999871 0.0283999871
0.0283999871 0.0283999871 28.0283999871 0.0283999871 0.0283999871 0.0283999871 0.0283999871 0.0283999871 0.0283999871 0.0283999871
4.6104054103 0.0283999871 0.0283999871 0.0283999871 0.0283999871 0.0283999871 0.0283999871 0.0283999871 0.0283999871 2.4463945640
0.0283999871 0.0283999871 0.0283999871 0.0283999871 0.0283999871 0.0283999871 0.0283999871 0.0283999871 9.0283999871 0.0283999871
1.7633630225 6.7634298356 0.0283999871 0.0283999871 0.0283999871 0.0283999871 0.0283999871 0.0283999871 1.5584071034 0.0283999871
0.0283999871 9.2573805424 0.0283999871 0.0283999871 0.0283999871 0.0283999871 0.0283999871 0.0283999871 5.7994194319 0.0283999871
10.5171557121 7.2508271068 0.0283999871 4.6682949780 0.0283999871 0.0283999871 0.0283999871 0.0283999871 14.6773221517 0.0283999871
6.6076137933 0.0283999871 0.0283999871 0.0283999871 0.0283999871 0.0283999871 29.4491861810 0.0283999871 0.0283999871 0.0283999871
0.0283999871 9.2573805424 0.0283999871 0.0283999871 0.0283999871 0.0283999871 0.0283999871 0.0283999871 5.7994194319 0.0283999871
6.6076137933 0.0283999871 0.0283999871 0.0283999871 0.0283999871 0.0283999871 29.4491861810 0.0283999871 0.0283999871 0.0283999871
6.6076137933 0.0283999871 0.0283999871 0.0283999871 0.0283999871 0.0283999871 29.4491861810 0.0283999871 0.0283999871 0.0283999871
0.0283999871 5.0283999871 0.0283999871 0.0283999871 0.0283999871 0.0283999871 0.0283999871 0.0283999871 0.0283999871 0.0283999871
0.0283999871 10.0283999871 0.0283999871 0.0283999871 0.0283999871 0.0283999871 0.0283999871 0.0283999871 0.0283999871 0.0283999871
0.0283999871 5.0283999871 0.0283999871 0.0283999871 0.0283999871 0.0283999871 0.0283999871 0.0283999871 0.0283999871 0.0283999871
6.6076137933 0.0283999871 0.0283999871 0.0283999871 0.0283999871 0.0283999871 29.4491861810 0.0283999871 0.0283999871 0.0283999871
0.0283999871 0.0283999871 0.0283999871 0.0283999871 0.0283999871 0.0283999871 0.0283999871 0.0283999871 0.0283999871 17.0283999871
0.0283999871 0.0283999871 0.0283999871 0.0283999871 0.0283999871 7.0283999871 0.0283999871 0.0283999871 0.0283999871 0.0283999871
0.0283999871 0.0283999871 0.0283999871 0.0283999871 0.0283999871 0.0283999871 1.9885439540 0.0283999871 0.0283999871 3.0682560203
0.0283999871 0.0283999871 0.0283999871 0.0283999871 0.0283999871 0.0283999871 2.0283999871 0.0283999871 0.0283999871 0.0283999871
0.0283999871 0.0283999871 0.0283999871 0.0283999871 0.0283999871 0.0283999871 4.0283999871 0.0283999871 0.0283999871 0.0283999871
0.0283999871 0.0283999871 0.0283999871 6.0283999871 0.0283999871 0.0283999871 0.0283999871 0.0283999871 0.0283999871 0.0283999871
0.0283999871 0.0283999871 0.0283999871 0.0283999871 0.0283999871 0.0283999871 0.0283999871 0.0283999871 0.0283999871 2.0283999871
0.0283999871 16.0283999871 0.0283999871 0.0283999871 0.0283999871 0.0283999871 0.0283999871 0.0283999871 0.0283999871 0.0283999871
5.0283999871 0.0283999871 0.0283999871 0.0283999871 0.0283999871 0.0283999871 0.0283999871 0.0283999871 0.0283999871 0.0283999871
0.0283999871 0.0283999871 3.5828129295 15.4739870448 0.0283999871 0.0283999871 0.0283999871 0.0283999871 0.0283999871 0.0283999871
0.0283999871 0.0283999871 0.0283999871 0.0283999871 0.0283999871 0.0283999871 0.0283999871 6.0283999871 0.0283999871 0.0283999871
0.0283999871 0.0283999871 0.0283999871 0.0283999871 0.0283999871 0.0283999871 7.0283999871 0.0283999871 0.0283999871 0.0283999871
0.0283999871 0.0283999871 0.0283999871 0.0283999871 3.0283999871 0.0283999871 0.0283999871 0.0283999871 0.0283999871 0.0283999871
0.0283999871 0.0283999871 0.0283999871 0.0283999871 0.0283999871 0.0283999871 8.7316512041 5.3251487702 0.0283999871 0.0283999871
0.0283999871 0.0283999871 0.0283999871 0.0283999871 0.0283999871 0.0283999871 6.0283999871 0.0283999871 0.0283999871 0.0283999871
0.0283999871 0.0283999871 0.0283999871 0.0283999871 10.0283999871 0.0283999871 0.0283999871 0.0283999871 0.0283999871 0.0283999871
0.0283999871 0.0283999871 0.0283999871 0.0283999871 0.0283999871 0.0283999871 0.0283999871 0.0283999871 0.0283999871 14.0283999871
0.0283999871 0.0283999871 0.0283999871 0.0283999871 0.0283999871 0.0283999871 0.0283999871 3.0283999871 0.0283999871 0.0283999871
0.0283999871 0.0283999871 0.0283999871 0.0283999871 0.0283999871 0.0283999871 0.0283999871 0.0283999871 0.0283999871 11.0283999871
0.0283999871 16.0283999871 0.0283999871 0.0283999871 0.0283999871 0.0283999871 0.0283999871 0.0283999871 0.0283999871 0.0283999871
0.0283999871 0.0283999871 0.0283999871 0.0283999871 0.0283999871 0.0283999871 0.0283999871 18.0283999871 0.0283999871 0.0283999871
0.0283999871 0.0283999871 0.0283999871 12.0283999871 0.0283999871 0.0283999871 0.0283999871 0.0283999871 0.0283999871 0.0283999871
0.0283999871 0.0283999871 0.0283999871 0.0283999871 0.0283999871 0.0283999871 7.0283999871 0.0283999871 0.0283999871 0.0283999871
0.0283999871 0.0283999871 0.0283999871 0.0283999871 0.0283999871 0.0283999871 0.0283999871 0.0283999871 0.0283999871 11.0283999871
0.0283999871 0.0283999871 0.0283999871 0.0283999871 0.0283999871 0.0283999871 0.0283999871 18.0283999871 0.0283999871 0.0283999871
0.0283999871 0.0283999871 0.0283999871 0.0283999871 0.0283999871 11.0283999871 0.0283999871 0.0283999871 0.0283999871 0.0283999871
0.0283999871 0.0283999871 0.0283999871 0.0283999871 0.0283999871 0.0283999871 0.0283999871 14.0283999871 0.0283999871 0.0283999871
0.0283999871 0.0283999871 0.0283999871 0.0283999871 0.0283999871 0.0283999871 0.0283999871 0.0283999871 0.0283999871 12.0283999871
0.0283999871 0.0283999871 0.0283999871 0.0283999871 0.0283999871 0.0283999871 7.9863939930 13.2906474206 3.8081585479 0.0283999871
0.0283999871 0.0283999871 0.0283999871 0.0283999871 0.0283999871 0.0283999871 7.0283999871 0.0283999871 0.0283999871 0.0283999871
0.0283999871 0.0283999871 0.0283999871 13.0283999871 0.0283999871 0.0283999871 0.0283999871 0.0283999871 0.0283999871 0.0283999871
0.0283999871 0.0283999871 0.0283999871 12.0283999871 0.0283999871 0.0283999871 0.0283999871 0.0283999871 0.0283999871 0.0283999871
