-78.94524
-154.30901
-154.30901
-154.30901
-41.54692
-52.46015
-71.85683
-41.54692
-41.54692
-52.46015
-67.82626
-85.98803
-67.82626
-67.82626
-85.98803
-53.21268
-22.88800
-51.27223
-119.52384
-22.88800
-36.78583
-103.56183
-64.66373
-88.36855
-102.87724
-51.27223
-119.52384
-119.52384
-89.84621
-52.46015
-103.56183
-111.96264
-65.00047
-74.37953
-67.34800
-88.36855
-74.18318
-110.64503
-59.50847
-120.66279
-24.97081
-36.19532
-18.30939
-35.24721
-51.80567
-26.76900
-53.36197
-36.19532
-51.80567
-36.19532
-39.97461
-26.76900
-67.52988
-40.74914
-21.26048
-28.23378
-39.97461
-26.76900
-17.59035
-69.12155
-40.74914
-17.59035
-68.31566
-57.93363
-156.44724
-54.03314
-65.51079
-72.25870
-85.55325
-16.57601
-30.08137
-34.77151
-34.03860
-58.77181
-78.94524
-79.35931
-110.64503
-110.64503
-79.35931
-34.03860
-93.98669
-139.25743
-67.52988
-107.74432
-71.85683
-67.52988
-16.54058
-190.79051
-29.85336
-50.90352
-58.77181
-53.75219
-79.41352
-34.98391
-31.42196
-73.69435
-31.42196
-64.16949
-172.71050
-73.69435
-60.46972
-60.67625
-60.46972
-51.36014
-60.46972
-73.69435
-36.19532
-172.71050
-69.44158
-118.18726
-77.46634
-64.16949
-67.52988
-73.69435
-67.52988
-67.52988
-14.50517
-73.69435
-30.96474
-80.69528
-30.96474
-114.14444
-56.72974
-53.68070
-79.41352
-29.97090
-37.29659
-29.97090
-10.43011
-54.60487
-80.36203
-9.08449
-77.46634
-26.09365
-52.55569
-25.74026
-68.31566
-48.80642
-107.74432
-68.31566
-50.65508
-11.06097
-58.77181
-48.80642
-50.65508
-68.31566
-107.74432
-92.63987
-6.87594
-6.87594
-40.56446
-55.80618
-36.79605
-67.52988
-60.46972
-87.62979
-57.33612
-87.62979
-57.33612
-18.56629
-34.16051
-51.95896
-69.44158
-34.16051
-17.08051
-74.56688
-10.21135
-146.81945
-18.63841
-86.65743
-57.93363
-84.70366
-68.31566
-54.78313
-68.31566
-74.37953
-50.58694
-54.78313
-74.37953
-37.48719
-31.34064
-22.01252
-50.58694
-50.58694
-50.58694
-67.52988
-160.47284
-50.58694
-59.21782
-31.05717
-41.54692
-58.34645
-60.55554
-60.55554
-27.93681
-56.72974
-59.50847
-103.56183
-28.21728
-124.84427
-41.54692
-28.21728
-41.54692
-40.56446
-113.66860
-25.40762
-59.50847
-88.36855
-28.21728
-32.07053
-31.52621
-18.88526
-10.57111
-139.25743
-79.35931
-45.20698
-32.07053
-31.52621
-79.35931
-45.20698
-57.33612
-30.14231
-28.90286
-37.38796
-10.66842
-32.07053
-51.95896
-10.57111
-18.88526
-31.52621
-32.07053
-10.66842
-138.61418
-28.90286
-51.95896
-50.40049
-78.94524
-216.15109
-178.03778
-78.94524
-178.03778
-178.03778
-24.43538
-42.37678
-24.43538
-178.03778
-73.69435
-40.39042
-25.77067
-12.65992
-16.65081
-26.85887
-15.17927
-62.56857
-22.42026
-101.01762
-34.64360
-30.14231
-15.42708
-55.50596
-26.09365
-43.46880
-66.38176
-18.82275
-50.27266
-77.46634
-88.36855
-50.90352
-31.34064
-50.27266
-88.36855
-166.37647
-63.44445
-51.27223
-108.27402
-31.34064
-54.35419
-50.90352
