1.1081709474 1.0854358646 2.6221160750 5.3439662472 1.1202708277 1.3332141356 1.2296540150 3.3768172427 1.1167310345 2.4414991929 1.0854350983 2.3664142225 1.0868162932 4.6572473924 1.0928366893 1.2615479715 1.0976956627 1.0854350601 2.0911561248 1.1062357911
1.1028350103 1.0855695650 1.4404826341 1.4297353618 1.4652780141 1.0908624692 18.3947579828 2.1510752680 1.1039307946 1.6399666459 1.0934504958 1.2440443955 1.1257412583 2.0805421427 7.1557847572 3.9541114735 1.1054453649 1.0854481217 2.0594650020 1.9001691312
1.1131702712 1.4636426004 1.1081497817 1.1163754049 1.2806427593 1.3354308587 1.3122791573 1.2409959633 1.1079248069 4.8607788518 1.0854350446 1.2375398087 1.1557182970 1.0858851989 1.6640870617 3.0263947868 1.2351801290 1.0854933195 1.0858455297 1.1077262569
1.1240748324 1.0855435162 1.1287417948 1.1701969799 2.2328630016 1.9618108179 1.1084983352 1.2741469277 1.2274504873 1.9630591823 1.0854349022 1.2388037900 1.0963751727 1.0854599244 1.4158973474 1.2278702885 1.1086445189 1.0861135260 1.9932729178 1.0944376252
1.1028350103 1.0855695650 1.4404826341 1.4297353618 1.4652780141 1.0908624692 18.3947579828 2.1510752680 1.1039307946 1.6399666459 1.0934504958 1.2440443955 1.1257412583 2.0805421427 7.1557847572 3.9541114735 1.1054453649 1.0854481217 2.0594650020 1.9001691312
1.0906119817 9.0166053494 1.2143386511 1.0896148152 1.0864639765 1.4952413740 1.0916025916 1.1010596313 1.0856080645 1.1820359664 1.2401124407 1.1097887879 1.0858370626 1.0856852347 1.0855464932 1.0854591965 1.1777858378 1.1583896911 1.0854348794 1.1414738633
1.1143587278 1.0855400347 1.7925162601 1.0971201517 1.1201876567 1.9979068859 1.1118594232 1.2858487329 1.1474285937 1.6630969047 1.0854348629 1.1454796137 1.0906959687 1.0854417506 1.1100933208 1.3830689951 1.1053974765 1.0857501933 18.0774230693 1.1240472663
1.8971571209 3.6158963225 1.0907776161 6.7113404225 1.5483747928 1.1257246076 1.0992499084 1.0975062945 1.1449826489 3.4704283808 1.1486844331 1.5260752944 1.0953140487 1.0854623416 2.7028417383 1.1170516138 1.2058208575 1.0857155822 1.0854350747 1.8548567891
1.2324677533 1.7556132022 1.0894498734 1.3753245456 1.0886470263 1.1042212925 1.0861615472 1.1519073723 1.1485090391 1.0879259158 4.0298914296 1.1796437512 2.3566448940 1.0855733989 1.1769875760 3.0923168179 3.2375865528 1.0854368395 1.0854996831 2.2588873778
1.1198037751 1.0855590291 1.0928732190 2.0332864761 2.0688660172 1.1461226173 1.0977465584 1.1021986225 1.1718695829 1.3939427616 1.0854348561 1.2622719493 1.0913282754 1.0854596602 1.3943558359 1.1197079753 1.0972543635 1.0856488509 1.0854351956 1.0895302672
1.8971571209 3.6158963225 1.0907776161 6.7113404225 1.5483747928 1.1257246076 1.0992499084 1.0975062945 1.1449826489 3.4704283808 1.1486844331 1.5260752944 1.0953140487 1.0854623416 2.7028417383 1.1170516138 1.2058208575 1.0857155822 1.0854350747 1.8548567891
1.2816646686 1.0854370155 1.2912683128 1.3122774693 1.1555655703 1.9888406171 1.0856224229 2.1129869610 1.1065928871 1.1015736924 1.0854348027 5.9903174844 1.0937329203 2.3396310088 1.0857536621 1.0854970107 1.1690875860 1.0855216061 1.0854426840 1.1664475063
1.2963545430 1.9225587777 1.2834083318 1.3077168016 1.3032090661 1.9500993208 1.0856903434 2.0037618015 1.1063542429 2.0916794601 1.2428889839 11.0429526161 1.0938066282 3.2829119131 1.0857551259 1.0854953114 1.1879474812 1.0855190580 1.0854424595 1.1651436223
1.2816646686 1.0854370155 1.2912683128 1.3122774693 1.1555655703 1.9888406171 1.0856224229 2.1129869610 1.1065928871 1.1015736924 1.0854348027 5.9903174844 1.0937329203 2.3396310088 1.0857536621 1.0854970107 1.1690875860 1.0855216061 1.0854426840 1.1664475063
1.2963545430 1.9225587777 1.2834083318 1.3077168016 1.3032090661 1.9500993208 1.0856903434 2.0037618015 1.1063542429 2.0916794601 1.2428889839 11.0429526161 1.0938066282 3.2829119131 1.0857551259 1.0854953114 1.1879474812 1.0855190580 1.0854424595 1.1651436223
1.1091412637 1.3110822817 1.0917608127 1.7375929461 2.6523707823 1.1333263915 1.4237280717 1.0964896558 1.1115750813 1.1269043682 2.1902680262 1.1770691710 1.0887961271 1.0854583485 1.3547136984 1.0868902121 1.6715608143 1.0854881039 1.0854348830 1.0890448488
1.2963545430 1.9225587777 1.2834083318 1.3077168016 1.3032090661 1.9500993208 1.0856903434 2.0037618015 1.1063542429 2.0916794601 1.2428889839 11.0429526161 1.0938066282 3.2829119131 1.0857551259 1.0854953114 1.1879474812 1.0855190580 1.0854424595 1.1651436223
1.2816646686 1.0854370155 1.2912683128 1.3122774693 1.1555655703 1.9888406171 1.0856224229 2.1129869610 1.1065928871 1.1015736924 1.0854348027 5.9903174844 1.0937329203 2.3396310088 1.0857536621 1.0854970107 1.1690875860 1.0855216061 1.0854426840 1.1664475063
1.0958493283 1.0856299473 1.1036625854 2.7759985612 1.1307580161 1.5653142358 1.1026763724 1.0912162754 3.4659356286 1.1367439374 2.3212261999 2.0822642341 3.0831293729 7.1142012076 1.0857125813 1.0854372408 1.1174120159 1.0854759233 1.0854348596 1.0946173654
2.9509109335 1.0854799622 2.7394057572 1.1375578019 1.1628681830 1.6544743608 1.4079600880 2.0622585506 1.1102610217 1.7228221180 1.0854349153 1.0869729293 1.2988096884 2.4512752848 1.0913307684 1.9105052655 1.1897216243 1.1279113018 15.2058842750 1.2268510589
1.0958372410 1.0860530041 1.1045685522 1.3251751128 1.1353806603 1.0911629660 1.0856713480 1.0861035686 1.0875432310 1.0987772502 4.7214191313 1.0854370242 1.0930751957 1.0886644413 1.0855042409 1.0854370285 1.0959390844 1.0854799440 1.0854348091 1.0860320550
2.1932553582 1.0855646178 1.2857017940 1.0868785570 1.1524714172 1.1624051687 1.0855705003 1.1461533369 1.1052795974 1.0994760418 1.0854348402 1.0864796514 1.0934166967 16.2101047531 1.0859810780 1.0857294374 1.2704844043 1.0855178355 1.0862155250 1.2165752779
1.1235791096 2.5870826766 2.3792732925 1.1367594916 2.1517741766 1.5382704129 1.1063484246 1.2293051986 1.1723095201 1.3602975927 1.9280818997 1.2556760288 2.0883559139 2.0817061082 1.3730122914 1.1201481085 1.8127409870 1.1468614360 1.9765139401 1.1405992791
1.1192824000 1.0855719539 1.0956674679 1.0906826381 1.3366624549 1.1487749395 1.0927394561 4.1911591869 1.1042011403 1.1417291055 1.0854348508 1.2093873673 1.0900055176 1.9532399353 1.4831784875 1.0873111279 1.0939766018 1.0855026684 1.0929074751 1.1212811138
1.1235791096 2.5870826766 2.3792732925 1.1367594916 2.1517741766 1.5382704129 1.1063484246 1.2293051986 1.1723095201 1.3602975927 1.9280818997 1.2556760288 2.0883559139 2.0817061082 1.3730122914 1.1201481085 1.8127409870 1.1468614360 1.9765139401 1.1405992791
1.2672361932 1.0855372332 3.3469134697 1.1692054627 2.4766810601 2.0670185961 1.1155906318 1.3136289255 1.2625800916 1.8709919766 1.0854349017 1.3566178184 1.1011811545 1.0855159873 1.3835502861 1.3338617522 1.1641315598 1.0861167525 1.9921721497 1.1447298859
1.1143587278 1.0855400347 1.7925162601 1.0971201517 1.1201876567 1.9979068859 1.1118594232 1.2858487329 1.1474285937 1.6630969047 1.0854348629 1.1454796137 1.0906959687 1.0854417506 1.1100933208 1.3830689951 1.1053974765 1.0857501933 18.0774230693 1.1240472663
2.1932553582 1.0855646178 1.2857017940 1.0868785570 1.1524714172 1.1624051687 1.0855705003 1.1461533369 1.1052795974 1.0994760418 1.0854348402 1.0864796514 1.0934166967 16.2101047531 1.0859810780 1.0857294374 1.2704844043 1.0855178355 1.0862155250 1.2165752779
1.1143587278 1.0855400347 1.7925162601 1.0971201517 1.1201876567 1.9979068859 1.1118594232 1.2858487329 1.1474285937 1.6630969047 1.0854348629 1.1454796137 1.0906959687 1.0854417506 1.1100933208 1.3830689951 1.1053974765 1.0857501933 18.0774230693 1.1240472663
1.1143587278 1.0855400347 1.7925162601 1.0971201517 1.1201876567 1.9979068859 1.1118594232 1.2858487329 1.1474285937 1.6630969047 1.0854348629 1.1454796137 1.0906959687 1.0854417506 1.1100933208 1.3830689951 1.1053974765 1.0857501933 18.0774230693 1.1240472663
1.9434139134 7.6039709859 1.2254375016 2.1855444751 1.1429540068 1.6537373853 1.3480226541 1.1122777491 1.0980701375 1.2128768950 4.9080951026 1.1147099542 1.1129042398 1.0881706750 1.0868453712 1.0854712701 1.4068805397 1.1534525651 1.0854363863 1.1404240805
3.5563233747 1.0855708510 1.0927714590 1.1292038080 1.8878869506 1.9653350278 1.0967765800 1.1297799878 1.1572318472 3.4372069730 1.0854349433 1.2256120867 1.2515633032 1.0854641987 1.7217826823 1.2999031715 1.1108207127 1.1194759501 1.0854419516 1.1851100296
1.0913268211 1.5355651459 1.2128901609 1.1161872998 1.0911098908 1.8866892803 1.1642848884 1.1695549016 1.1073591298 1.1798631176 2.0853682310 1.7270912504 1.1428203298 15.3684246433 1.0898851501 1.0856750927 1.2559193673 1.1555983925 1.0854350324 1.1576477629
1.4752289604 1.0861383620 1.1467283024 1.1639577060 1.1156219432 1.1114110858 1.0876547302 1.0936046574 1.0954511315 2.3690109825 1.0854348659 1.0869208445 4.0961098877 1.0964393741 1.0855153049 1.0917611361 1.1089477478 2.0885797898 1.0871630928 1.1370159835
4.1770938027 1.1637066080 1.2311342787 1.1056492278 2.5534164078 1.7250797831 1.0980208606 1.2801494959 1.1114350924 3.1115893469 1.0854349466 2.1424187245 1.2660166646 1.1121315353 1.6004247677 1.3380194013 1.1658455784 1.1216577370 1.0860838815 1.2333877478
1.0993185600 1.9143534109 1.0855453545 1.0858653543 1.0856326977 1.0857850231 1.0855583839 1.0855609839 1.0861040017 2.0641434561 1.2951553651 4.0408611247 1.0857630836 2.0772929997 1.0854462975 1.0854356932 1.1029223021 1.0854348502 1.0854347965 1.0870821498
4.1770938027 1.1637066080 1.2311342787 1.1056492278 2.5534164078 1.7250797831 1.0980208606 1.2801494959 1.1114350924 3.1115893469 1.0854349466 2.1424187245 1.2660166646 1.1121315353 1.6004247677 1.3380194013 1.1658455784 1.1216577370 1.0860838815 1.2333877478
2.3623779434 1.0854790934 2.6724354125 1.0910985211 1.1483983478 1.6689021849 1.4088917092 2.1708855637 1.1083624090 1.5571608858 1.0854348798 1.0863613662 1.2907003516 1.3442469721 1.0908838599 1.9100523021 1.1789880962 1.1296268164 7.0917769425 1.2266322309
4.1770938027 1.1637066080 1.2311342787 1.1056492278 2.5534164078 1.7250797831 1.0980208606 1.2801494959 1.1114350924 3.1115893469 1.0854349466 2.1424187245 1.2660166646 1.1121315353 1.6004247677 1.3380194013 1.1658455784 1.1216577370 1.0860838815 1.2333877478
1.0993185600 1.9143534109 1.0855453545 1.0858653543 1.0856326977 1.0857850231 1.0855583839 1.0855609839 1.0861040017 2.0641434561 1.2951553651 4.0408611247 1.0857630836 2.0772929997 1.0854462975 1.0854356932 1.1029223021 1.0854348502 1.0854347965 1.0870821498
4.1770938027 1.1637066080 1.2311342787 1.1056492278 2.5534164078 1.7250797831 1.0980208606 1.2801494959 1.1114350924 3.1115893469 1.0854349466 2.1424187245 1.2660166646 1.1121315353 1.6004247677 1.3380194013 1.1658455784 1.1216577370 1.0860838815 1.2333877478
1.0899157953 14.9791743682 1.1933400973 1.0890299553 1.0866001813 1.6634068931 1.0938875113 1.0988797417 1.0855920292 1.1668390211 1.1749543768 1.0856377064 1.0858679716 1.0856496667 1.1023196489 1.0854566469 1.1547900465 1.1472354615 1.0854348676 1.1546839016
1.9419443390 1.2711688492 1.0926488245 1.1151863334 1.2358998104 2.9990983031 1.0997327609 1.0891973543 1.1109519702 1.1101806600 1.0854349697 2.2150126113 2.2903964362 1.0854482233 3.3473182728 1.0947554468 1.1018755906 1.0971130788 1.0854391084 1.2398929453
2.4681250728 1.2722986255 1.2562360253 1.1713710563 1.1449598792 1.1554019338 1.0895753836 1.1659683583 1.1053008606 1.1071569302 1.0854349874 1.0870455502 1.0940406752 1.9810750742 1.0866700924 2.0986728728 1.5421405467 1.0855143756 1.0854409688 1.6262666194
1.0991001508 1.0854354265 1.6024972687 1.0912577800 1.0981810345 1.0860032770 1.0979991118 5.2165821176 1.1015635107 1.1141546049 1.0854348597 2.1970448278 1.0859884811 1.9055814088 2.0164982567 2.3604216867 1.0913557248 1.0854348865 1.0876082057 1.2005532683
2.2136880049 1.1237642266 1.8527395714 1.1311430599 1.1399020616 1.1239913333 1.1396389142 1.1268831556 1.1428054557 1.1332564721 1.1237635286 1.1925860637 1.1242070211 3.2157355155 1.1276399895 1.2808035748 1.1297609178 1.1237635376 1.1265391418 1.1360843429
1.1246946341 1.1150967533 1.1555261305 2.1913829441 1.1319050189 1.1204879831 4.2069330440 1.4554024432 1.1244573942 1.5505910816 1.1150970277 1.1151751678 1.1950058877 1.1151011082 2.1648204056 2.4176452471 1.1286819187 1.1150969788 2.1346809140 2.0309138058
1.3362892710 1.0854370319 2.3351557171 1.0948131230 1.1662959314 1.1468381890 1.1057168666 3.5792514567 1.1169690031 1.4415872733 1.0854348446 1.1354324225 1.0933026898 1.0855197527 1.0931479863 1.2966841449 1.1710339262 1.0855018998 1.0895691589 1.1647151997
1.1299737868 3.7527757097 1.1201130973 2.3392361807 1.1202840628 1.1211217148 1.1226118837 1.1198089752 1.1199259059 3.1171265883 1.1866263220 1.1215025397 1.1208011867 1.1197181319 1.1197985328 1.1307606624 1.2971175308 1.1197066368 1.1197024134 1.3099840271
1.0860951018 1.0856092765 1.0970415222 1.0859066515 1.0863210608 1.0868289039 1.0854495344 1.1012694611 1.3139410784 1.1703162398 1.0854348016 1.0855975009 1.0854733551 1.0854348805 1.2156531816 1.0854648042 1.0872195334 1.9292933180 2.7648755534 1.0854701296
2.1660075563 1.0856237645 1.0965956591 1.1304025794 2.5221206740 1.1800797652 2.1212443390 1.1130724919 1.1735364174 1.2555389006 1.0854348835 1.3423971133 1.0941900327 1.0854726455 1.7515177423 1.1185151668 1.1263624115 1.0856653341 1.0854351962 1.0894832150
1.0855149372 1.2421447559 1.0901498072 1.1008727509 1.1951639125 1.0866106846 1.0863119774 1.1235067641 1.0861512056 1.1681474222 2.8834000359 1.0855764634 1.0855306762 1.0854348549 1.0856330238 1.0854390802 1.1557015128 1.7828980561 1.0854347950 1.1090731728
1.0940269633 1.1041867402 1.0855515546 1.0912396466 1.0856365388 1.0854605149 1.0854364435 1.0854933681 1.0854360669 3.0499331064 1.0854347953 1.0858755979 1.0859752323 1.0854349576 1.0854431437 1.0854348669 1.0860370915 1.0854348014 1.0854347958 1.0857896628
1.1250804597 1.7044202658 1.0854547587 1.4096123430 1.0854470935 1.0856503237 1.0857212310 1.0900658302 1.0854676347 1.0854859184 4.3445997232 1.0863865188 1.1644267124 1.0854379784 1.0855075813 1.0854367555 3.7575310604 1.0854349090 1.0854350017 1.0860937891
1.2121087608 1.0866782087 3.3342168385 1.0913574959 1.1399433650 1.1497745359 1.0929370696 1.1356155562 5.6553093565 1.1055658927 1.0854350096 1.1633984877 1.0915303950 2.0840729814 1.0874936182 1.6200737019 1.7659736929 1.0854914928 1.2532190465 1.4685003826
2.1815495939 2.0834538909 2.4621339260 1.0866068630 1.1376533830 1.1451755687 1.0855474408 1.1309636400 1.1007545650 1.0963247396 1.0854348204 1.0861483954 1.0917545475 1.0994841512 1.0858824997 1.0858153942 1.2858078546 1.0855006967 1.0854416929 1.2072622250
1.1510238673 1.0855431956 1.5602376764 1.0954915470 1.2876441845 1.3087092477 1.2941785520 1.0982047889 1.1123812239 1.1282261764 1.0854348512 1.2466832828 1.5232472281 1.0854580787 2.2222083961 3.0613296335 1.0966326741 1.0914543046 1.0875851810 1.0870217986
1.2991306531 1.0854371593 1.3097018564 1.0869759256 2.0248964527 1.1726696218 1.0915763759 1.3761619261 1.1072766386 1.1044117946 1.0854348045 1.0864689119 1.0950732857 1.0855300678 1.0909940016 1.0854562156 1.1788952970 1.0855281745 1.0854424560 1.1716342699
1.2882839025 1.0854824960 2.4710504360 1.0877313219 2.2206733637 1.7763215366 1.0860190737 1.1546466039 1.1025968462 1.1584441395 1.0854348138 1.0864113385 1.3041964767 1.0855175434 1.0858594576 1.0854779521 1.1705500600 1.1331351388 1.0854488169 1.1554145708
1.1198516381 7.2861009067 1.1898548080 1.1222053299 3.1484260636 1.4590136666 1.0987854156 1.1089048134 1.1384030873 3.6572681231 1.1144708715 1.1990171653 1.0899904697 1.0856490865 1.2860519533 1.1064315511 1.1396672430 1.1415740187 1.0854350977 1.1315945794
4.2399655071 1.2213070573 1.1051851494 1.0915846038 1.4648819159 1.1595792159 1.0942499637 1.0945018925 1.1222145780 1.1423038875 1.0854517033 4.6900659465 1.0905295924 1.0860711967 1.5788782143 1.0877295758 1.0953554688 1.0855176566 1.0854349445 1.0878878187
1.0918726392 1.4388495829 1.2126825746 1.1255433609 1.0911345437 1.9154177600 1.2248673783 1.1741427974 1.1327854153 1.1803206879 1.0854360019 1.1285824671 1.1570896864 5.9140577752 1.0902159244 1.0854845061 1.2634779895 1.1550794385 1.0854350505 1.1562203086
1.0997310497 1.9147235769 1.0861379325 1.3414596974 1.0856405876 1.7866734009 1.0855687264 1.9768550888 1.0869659708 2.0697091702 1.2764458714 5.2051341882 1.0857834983 2.0745875365 1.0854607436 1.0854852713 1.1035399474 1.0854348617 1.0854356054 1.0879231635
1.0854394068 1.0866765585 2.1185270855 3.0855234980 1.0854363965 1.0854351751 1.0854460477 1.0854764962 1.0854638551 1.0854593843 1.0854349878 1.0854357694 1.0854571118 2.0840004046 1.0854350245 2.0522983615 1.0854455360 1.0854347972 1.0854347947 1.0854351972
1.1192824000 1.0855719539 1.0956674679 1.0906826381 1.3366624549 1.1487749395 1.0927394561 4.1911591869 1.1042011403 1.1417291055 1.0854348508 1.2093873673 1.0900055176 1.9532399353 1.4831784875 1.0873111279 1.0939766018 1.0855026684 1.0929074751 1.1212811138
1.1510238673 1.0855431956 1.5602376764 1.0954915470 1.2876441845 1.3087092477 1.2941785520 1.0982047889 1.1123812239 1.1282261764 1.0854348512 1.2466832828 1.5232472281 1.0854580787 2.2222083961 3.0613296335 1.0966326741 1.0914543046 1.0875851810 1.0870217986
1.1198516381 7.2861009067 1.1898548080 1.1222053299 3.1484260636 1.4590136666 1.0987854156 1.1089048134 1.1384030873 3.6572681231 1.1144708715 1.1990171653 1.0899904697 1.0856490865 1.2860519533 1.1064315511 1.1396672430 1.1415740187 1.0854350977 1.1315945794
4.2399655071 1.2213070573 1.1051851494 1.0915846038 1.4648819159 1.1595792159 1.0942499637 1.0945018925 1.1222145780 1.1423038875 1.0854517033 4.6900659465 1.0905295924 1.0860711967 1.5788782143 1.0877295758 1.0953554688 1.0855176566 1.0854349445 1.0878878187
1.0918726392 1.4388495829 1.2126825746 1.1255433609 1.0911345437 1.9154177600 1.2248673783 1.1741427974 1.1327854153 1.1803206879 1.0854360019 1.1285824671 1.1570896864 5.9140577752 1.0902159244 1.0854845061 1.2634779895 1.1550794385 1.0854350505 1.1562203086
1.0997310497 1.9147235769 1.0861379325 1.3414596974 1.0856405876 1.7866734009 1.0855687264 1.9768550888 1.0869659708 2.0697091702 1.2764458714 5.2051341882 1.0857834983 2.0745875365 1.0854607436 1.0854852713 1.1035399474 1.0854348617 1.0854356054 1.0879231635
1.0854394068 1.0866765585 2.1185270855 3.0855234980 1.0854363965 1.0854351751 1.0854460477 1.0854764962 1.0854638551 1.0854593843 1.0854349878 1.0854357694 1.0854571118 2.0840004046 1.0854350245 2.0522983615 1.0854455360 1.0854347972 1.0854347947 1.0854351972
1.1192824000 1.0855719539 1.0956674679 1.0906826381 1.3366624549 1.1487749395 1.0927394561 4.1911591869 1.1042011403 1.1417291055 1.0854348508 1.2093873673 1.0900055176 1.9532399353 1.4831784875 1.0873111279 1.0939766018 1.0855026684 1.0929074751 1.1212811138
1.2121087608 1.0866782087 3.3342168385 1.0913574959 1.1399433650 1.1497745359 1.0929370696 1.1356155562 5.6553093565 1.1055658927 1.0854350096 1.1633984877 1.0915303950 2.0840729814 1.0874936182 1.6200737019 1.7659736929 1.0854914928 1.2532190465 1.4685003826
1.1062392257 1.0855284773 1.0907392054 1.0889858413 1.6209021682 1.1272304273 1.0902619088 1.0897411819 1.1179536200 1.1179851073 1.0854348326 4.1644783167 1.0881919217 1.0854530769 1.3128334723 2.0894219980 1.0906331813 1.0854812127 1.0854348704 1.0857658427
4.2399655071 1.2213070573 1.1051851494 1.0915846038 1.4648819159 1.1595792159 1.0942499637 1.0945018925 1.1222145780 1.1423038875 1.0854517033 4.6900659465 1.0905295924 1.0860711967 1.5788782143 1.0877295758 1.0953554688 1.0855176566 1.0854349445 1.0878878187
1.0870456203 1.0854348396 1.0883584782 1.0854833631 1.0855480390 1.0856569088 1.0855474654 1.0958069095 1.0871669533 1.6562608501 1.0854347990 2.0854562333 1.0855610371 3.4731903747 1.0858965361 1.0854356214 1.0860326943 1.0854348924 1.0854348392 1.1085094334
1.0854663260 1.0854349903 1.1023731522 1.0854558417 1.0855625307 1.0854383527 1.0857324343 1.0854398173 1.0854357387 1.0854386390 1.0854347974 1.0854365559 1.0854364259 1.0854348105 4.0678992519 1.0854662187 1.0854840101 1.0854347987 1.0854347954 1.0854564012
1.4563850320 1.0861949630 1.1578357307 1.2147606574 4.7911568248 2.9716532534 1.0923185519 1.1015855887 1.1861466543 1.3154105805 1.0854348933 1.1788679600 1.0996082797 1.0856086254 1.4300248990 1.1123763789 1.1130729112 1.0860363528 1.4446079894 2.6996097622
1.5378436859 1.0854373269 1.1573884488 1.1790679643 2.1578391522 1.1262450374 1.0902408423 1.0949191592 1.0975499385 1.2406927301 1.0854348767 1.0865234152 2.0657996729 1.0856410404 1.0855479013 1.0998268943 1.1121641862 1.0882227398 1.0871864201 1.1451244560
1.8423100643 1.2115684915 1.2393032487 1.0866359566 1.1396774341 1.1475729043 1.0855282755 1.1327619502 1.1014198336 1.0961405250 2.6848185822 1.0861738685 1.0919816556 1.0964469826 1.0858451340 1.0857535729 4.1201076286 1.0855031786 1.0854415840 1.2037050176
2.1884306130 1.0907920559 3.5302005567 1.1590018720 2.2147430440 3.1072470431 1.1014750569 1.2091453942 1.2139426217 1.2509082539 1.1833563316 2.3569239188 2.0601530387 1.8905711965 1.1628325250 1.1663022336 1.2533738962 1.1215468781 1.0878338095 3.3599155493
2.8647006700 1.0855235712 1.1151687240 1.0862383223 1.1850354736 1.4065288745 1.0861933755 1.0944207164 1.0856427753 1.0971795087 1.0854384679 1.7839171376 1.1006146413 1.0870480744 1.0859340782 1.0854416781 1.0890956301 1.0857955206 1.0854358865 1.1133427623
1.0874786436 1.0862400436 1.0869488639 1.0855157003 1.0855457268 1.0872799429 1.0856117405 6.0735091731 1.0870306501 1.0912022377 1.0854349313 1.0855000356 1.1830341901 2.9640460020 1.0859426580 1.0854352731 1.0861369183 1.0854348633 1.0854348332 1.1059334615
1.6314486368 1.0854348116 2.1137967597 1.0854407942 1.0854503772 1.0858581123 1.0854678891 1.0855185512 1.0867114641 1.0854703877 1.0854348545 1.0854363417 1.0930435783 1.4812654534 1.0854360233 1.0854422652 1.0856348232 1.0854348620 3.1053789469 1.0855909560
1.0868120385 1.0854348329 1.0865696314 1.0854791406 1.0855183723 1.0856199390 1.1050563727 1.0934710679 3.0909536402 1.0885413047 2.0656621140 1.0860860076 1.0855367052 4.0487936340 1.0858226350 1.0854351321 1.0859278028 1.0854348343 1.0854348215 1.1011058617
1.0871166883 1.4530728323 1.0891240663 1.1101406667 1.0906606296 1.2544465229 1.1306255269 1.1747226275 1.0954644575 1.0888946327 1.0854361963 2.2121656123 1.1435335349 5.0105498990 1.0905004050 1.0860223138 1.2064670280 1.0854414615 1.0854349902 1.1288757968
1.4112902957 1.4525106598 1.1359028690 1.1406597133 1.6279416047 1.5592408833 1.1031353749 1.1001359745 1.1785290717 1.2162051135 1.0854348189 1.1589524848 1.0904329501 1.0854377308 1.8206691940 1.1283071383 1.0917361490 1.0863508340 1.0854351691 1.1503878593
1.5407104591 1.0854373952 1.1567441270 1.1769207218 1.1202515233 1.1044866286 1.0855542845 1.1077102678 2.5440004115 1.3461366651 1.0854348748 1.0865209522 1.0943019641 1.0856420748 1.0855053605 2.1263927238 1.1123552538 1.0854356567 2.5280291675 1.1511253765
1.1124950204 1.0855578637 1.0922912375 1.0900633577 1.2969462547 1.1410754577 1.2282356664 1.1960392859 1.0999020439 1.1296442291 1.0854349350 1.1921565066 1.0889366428 1.0854594890 1.9534624832 1.5852600852 1.0935308810 1.0854944395 1.9808493411 1.0858606682
1.1158194540 1.0855481515 1.0957012217 1.1694006305 2.2316585150 1.9639691427 1.0973883073 1.1016695474 1.2045065771 1.2315006469 1.0854348540 1.2508322373 1.0945107229 1.0854577436 1.4191183940 1.1197114965 1.0958740205 1.0861301966 1.0854352329 1.0890287960
1.0855272900 1.9294648183 1.0854548383 1.0855390434 1.0857135275 1.0856489080 1.0862176494 1.0854487499 1.0854388216 1.0854525733 1.2219694938 1.0868243629 1.0854687502 1.0854394854 2.0842585330 1.0854568708 1.1026406773 1.0854348521 1.0854347963 1.0858618470
3.0147893741 1.0854371636 1.2577554637 1.0866674197 1.1419993445 1.1502630333 1.0855244314 1.1348112481 1.1019980523 1.0965669441 1.0854348142 1.0862030313 1.0922396556 2.5024565549 1.0858389644 1.0857109782 1.2474477428 1.0855059018 1.0881601223 1.1938856483
1.0874786436 1.0862400436 1.0869488639 1.0855157003 1.0855457268 1.0872799429 1.0856117405 6.0735091731 1.0870306501 1.0912022377 1.0854349313 1.0855000356 1.1830341901 2.9640460020 1.0859426580 1.0854352731 1.0861369183 1.0854348633 1.0854348332 1.1059334615
1.6314486368 1.0854348116 2.1137967597 1.0854407942 1.0854503772 1.0858581123 1.0854678891 1.0855185512 1.0867114641 1.0854703877 1.0854348545 1.0854363417 1.0930435783 1.4812654534 1.0854360233 1.0854422652 1.0856348232 1.0854348620 3.1053789469 1.0855909560
1.4563850320 1.0861949630 1.1578357307 1.2147606574 4.7911568248 2.9716532534 1.0923185519 1.1015855887 1.1861466543 1.3154105805 1.0854348933 1.1788679600 1.0996082797 1.0856086254 1.4300248990 1.1123763789 1.1130729112 1.0860363528 1.4446079894 2.6996097622
1.5378436859 1.0854373269 1.1573884488 1.1790679643 2.1578391522 1.1262450374 1.0902408423 1.0949191592 1.0975499385 1.2406927301 1.0854348767 1.0865234152 2.0657996729 1.0856410404 1.0855479013 1.0998268943 1.1121641862 1.0882227398 1.0871864201 1.1451244560
1.8423100643 1.2115684915 1.2393032487 1.0866359566 1.1396774341 1.1475729043 1.0855282755 1.1327619502 1.1014198336 1.0961405250 2.6848185822 1.0861738685 1.0919816556 1.0964469826 1.0858451340 1.0857535729 4.1201076286 1.0855031786 1.0854415840 1.2037050176
3.0147893741 1.0854371636 1.2577554637 1.0866674197 1.1419993445 1.1502630333 1.0855244314 1.1348112481 1.1019980523 1.0965669441 1.0854348142 1.0862030313 1.0922396556 2.5024565549 1.0858389644 1.0857109782 1.2474477428 1.0855059018 1.0881601223 1.1938856483
2.1884306130 1.0907920559 3.5302005567 1.1590018720 2.2147430440 3.1072470431 1.1014750569 1.2091453942 1.2139426217 1.2509082539 1.1833563316 2.3569239188 2.0601530387 1.8905711965 1.1628325250 1.1663022336 1.2533738962 1.1215468781 1.0878338095 3.3599155493
2.8647006700 1.0855235712 1.1151687240 1.0862383223 1.1850354736 1.4065288745 1.0861933755 1.0944207164 1.0856427753 1.0971795087 1.0854384679 1.7839171376 1.1006146413 1.0870480744 1.0859340782 1.0854416781 1.0890956301 1.0857955206 1.0854358865 1.1133427623
1.0874786436 1.0862400436 1.0869488639 1.0855157003 1.0855457268 1.0872799429 1.0856117405 6.0735091731 1.0870306501 1.0912022377 1.0854349313 1.0855000356 1.1830341901 2.9640460020 1.0859426580 1.0854352731 1.0861369183 1.0854348633 1.0854348332 1.1059334615
1.6314486368 1.0854348116 2.1137967597 1.0854407942 1.0854503772 1.0858581123 1.0854678891 1.0855185512 1.0867114641 1.0854703877 1.0854348545 1.0854363417 1.0930435783 1.4812654534 1.0854360233 1.0854422652 1.0856348232 1.0854348620 3.1053789469 1.0855909560
1.1047838107 1.0855202416 1.0902785615 1.0886684428 1.5068770977 1.1232893129 1.0901938339 1.0893528883 1.1117993396 1.1149428201 1.0854483237 5.3240909608 1.0879462371 1.0854514506 1.2863143156 1.0868451821 1.0902371478 1.0854770459 1.0854348621 1.0857440135
1.1235841097 1.0855563123 1.1330307627 1.1296775775 1.4525068478 2.0205870619 1.1048490707 1.2835718614 1.1554412019 1.7596391404 1.0854348977 1.1930632750 1.0951562942 1.0854619732 1.5005929732 1.2019393965 1.1074433075 1.0859934900 2.0130961255 1.0920702095
1.1143587278 1.0855400347 1.7925162601 1.0971201517 1.1201876567 1.9979068859 1.1118594232 1.2858487329 1.1474285937 1.6630969047 1.0854348629 1.1454796137 1.0906959687 1.0854417506 1.1100933208 1.3830689951 1.1053974765 1.0857501933 18.0774230693 1.1240472663
2.1932553582 1.0855646178 1.2857017940 1.0868785570 1.1524714172 1.1624051687 1.0855705003 1.1461533369 1.1052795974 1.0994760418 1.0854348402 1.0864796514 1.0934166967 16.2101047531 1.0859810780 1.0857294374 1.2704844043 1.0855178355 1.0862155250 1.2165752779
2.1666874793 1.0855568488 1.2869545935 1.0868850605 1.1528980630 1.1629138222 1.0855675385 1.1463791787 1.1053671777 1.0994873930 1.0854348386 1.0864755744 1.0934600492 17.2339347120 1.0859762425 1.0857278505 1.2707664558 1.0855183030 1.0861753403 1.2165293672
1.1112768932 1.0855526348 1.0919441836 1.0898523965 1.2849390576 1.1385601280 1.2310002295 1.0908371079 1.0992597497 2.1858050440 1.0854349340 1.1867955816 1.0887769185 1.0854572993 1.9123836631 1.5903730265 1.0936755656 1.0854918410 1.0854348821 1.0858447520
1.0854409534 1.3622699497 1.0854352386 1.0854368757 1.0854349756 1.0854415161 1.0854350758 1.0854354175 1.0854353524 1.0854348733 1.7056741204 1.0854348061 1.0854354250 1.0854347957 1.0854349153 1.0854347977 1.1882791518 1.0854347955 1.0854347944 1.0854980583
2.3022274937 1.0925435533 4.2867895989 1.1168301007 5.2267899601 1.4876026597 1.0991676205 1.3391943846 1.1443770716 1.2255657551 1.0854355570 1.1821597089 1.1080576793 1.0856310943 1.0878662652 1.1673130134 1.1616182577 3.2637179183 1.0865748458 1.1592333507
1.0854465664 1.0854347996 1.0884572845 1.0936103233 3.0587286004 1.0906043123 1.0854377792 1.0854412509 1.0867635789 1.0898132431 1.0854347945 1.0854348666 1.0854388851 1.0854347995 1.0854351174 1.0899885427 1.0854778398 1.0854355992 1.0854348003 1.0854429046
1.9514405829 1.0855107254 2.7438243180 1.0989490971 1.2300283894 1.2337373461 2.2485201177 1.0908746315 1.1172913397 1.1202993666 1.0854350749 1.2733443338 1.3693293107 1.0855534921 4.0231319718 1.5146609233 1.1046135998 1.0900460373 1.0885924113 1.1535128191
1.0965533588 1.0854997499 1.1245198396 1.5865643134 1.9596729310 1.0887289170 2.7889081161 1.3222511172 5.6176406329 1.6529540286 1.1183430077 1.0855207167 1.0909435531 4.0170214229 1.0935235457 1.1952395450 1.4970932447 1.0854352250 2.0880369900 1.1142456332
1.0906119817 9.0166053494 1.2143386511 1.0896148152 1.0864639765 1.4952413740 1.0916025916 1.1010596313 1.0856080645 1.1820359664 1.2401124407 1.1097887879 1.0858370626 1.0856852347 1.0855464932 1.0854591965 1.1777858378 1.1583896911 1.0854348794 1.1414738633
1.0869626264 1.0854498585 1.0866394645 1.1172303641 1.0855935230 1.5991924159 1.1050581935 1.0943110380 3.4842955125 1.1270611694 2.0658594370 2.0848619460 1.0855460799 4.0489381965 1.0858228336 1.0854352220 1.1084238970 1.0854348346 1.0854348521 1.1011444241
1.2672361932 1.0855372332 3.3469134697 1.1692054627 2.4766810601 2.0670185961 1.1155906318 1.3136289255 1.2625800916 1.8709919766 1.0854349017 1.3566178184 1.1011811545 1.0855159873 1.3835502861 1.3338617522 1.1641315598 1.0861167525 1.9921721497 1.1447298859
1.1796558493 1.0937743069 1.1844804595 1.0948359327 1.2492394963 2.2970194679 1.1086478199 1.1940902880 1.1481079545 1.2497143430 1.0854356834 3.3951744411 2.3207295117 3.0862882628 1.4356180474 10.0989683903 1.1443015579 2.3122631907 1.0854410769 1.9449098082
1.0918228194 1.0976939546 1.2301513842 1.0920936240 1.0870144503 1.6220595107 1.0969522848 1.1028754420 1.0868572043 1.1960163681 1.0854360377 1.0856331485 2.0310859331 1.0857060553 1.0855984791 1.0854866906 1.1439860939 1.1692805732 1.0854357762 1.1475100587
1.0950377540 3.6108506311 1.0858214017 1.1441165077 1.1164596729 1.0887033750 1.0887174313 1.0855710949 1.0856833727 3.3880992292 1.4408443750 1.0870461118 1.0924736554 1.0854536301 1.0863029861 1.0953723275 2.0167440598 1.6575919697 1.0854348143 1.2723714882
1.0918228194 1.0976939546 1.2301513842 1.0920936240 1.0870144503 1.6220595107 1.0969522848 1.1028754420 1.0868572043 1.1960163681 1.0854360377 1.0856331485 2.0310859331 1.0857060553 1.0855984791 1.0854866906 1.1439860939 1.1692805732 1.0854357762 1.1475100587
2.1932553582 1.0855646178 1.2857017940 1.0868785570 1.1524714172 1.1624051687 1.0855705003 1.1461533369 1.1052795974 1.0994760418 1.0854348402 1.0864796514 1.0934166967 16.2101047531 1.0859810780 1.0857294374 1.2704844043 1.0855178355 1.0862155250 1.2165752779
1.0904423423 15.0868651730 1.3271755089 1.0942517026 1.1036289665 1.5240823265 1.9582090231 1.0992089326 1.0856507028 1.1675951208 3.9483859546 2.0693406411 1.1390559984 2.0578803357 1.0946079688 1.0945227916 1.3881950334 1.1476562985 1.0854349348 1.1465061324
1.0920450967 1.4163254484 1.2136981080 1.1115924939 1.0911016478 1.8955958568 1.1319181006 1.1846161583 1.0946932915 1.1825879412 1.0854372780 2.1979973706 1.1370006962 5.0073534569 1.0900709513 1.0860413337 1.2603054748 1.1555287737 1.0854350530 1.1893513572
1.9758943724 1.0854802015 2.0376404919 2.1398407733 1.1514048127 1.6253880824 1.1075156510 1.2812073904 3.9501097430 2.0877149164 1.0854349097 1.2334439694 1.2890287038 1.0855975263 1.0914160074 1.2050029604 1.1806647083 1.1300462427 6.3901168029 1.5757476225
2.9509109335 1.0854799622 2.7394057572 1.1375578019 1.1628681830 1.6544743608 1.4079600880 2.0622585506 1.1102610217 1.7228221180 1.0854349153 1.0869729293 1.2988096884 2.4512752848 1.0913307684 1.9105052655 1.1897216243 1.1279113018 15.2058842750 1.2268510589
1.0920450967 1.4163254484 1.2136981080 1.1115924939 1.0911016478 1.8955958568 1.1319181006 1.1846161583 1.0946932915 1.1825879412 1.0854372780 2.1979973706 1.1370006962 5.0073534569 1.0900709513 1.0860413337 1.2603054748 1.1555287737 1.0854350530 1.1893513572
2.1932553582 1.0855646178 1.2857017940 1.0868785570 1.1524714172 1.1624051687 1.0855705003 1.1461533369 1.1052795974 1.0994760418 1.0854348402 1.0864796514 1.0934166967 16.2101047531 1.0859810780 1.0857294374 1.2704844043 1.0855178355 1.0862155250 1.2165752779
1.9758943724 1.0854802015 2.0376404919 2.1398407733 1.1514048127 1.6253880824 1.1075156510 1.2812073904 3.9501097430 2.0877149164 1.0854349097 1.2334439694 1.2890287038 1.0855975263 1.0914160074 1.2050029604 1.1806647083 1.1300462427 6.3901168029 1.5757476225
2.9509109335 1.0854799622 2.7394057572 1.1375578019 1.1628681830 1.6544743608 1.4079600880 2.0622585506 1.1102610217 1.7228221180 1.0854349153 1.0869729293 1.2988096884 2.4512752848 1.0913307684 1.9105052655 1.1897216243 1.1279113018 15.2058842750 1.2268510589
1.0950377540 3.6108506311 1.0858214017 1.1441165077 1.1164596729 1.0887033750 1.0887174313 1.0855710949 1.0856833727 3.3880992292 1.4408443750 1.0870461118 1.0924736554 1.0854536301 1.0863029861 1.0953723275 2.0167440598 1.6575919697 1.0854348143 1.2723714882
1.9758943724 1.0854802015 2.0376404919 2.1398407733 1.1514048127 1.6253880824 1.1075156510 1.2812073904 3.9501097430 2.0877149164 1.0854349097 1.2334439694 1.2890287038 1.0855975263 1.0914160074 1.2050029604 1.1806647083 1.1300462427 6.3901168029 1.5757476225
2.9509109335 1.0854799622 2.7394057572 1.1375578019 1.1628681830 1.6544743608 1.4079600880 2.0622585506 1.1102610217 1.7228221180 1.0854349153 1.0869729293 1.2988096884 2.4512752848 1.0913307684 1.9105052655 1.1897216243 1.1279113018 15.2058842750 1.2268510589
1.1311458792 1.3110879271 2.6314901010 1.7161682922 2.6887790034 2.1154098478 1.4328129520 1.0967396231 3.2960645943 1.1551843619 2.1863900431 1.3061803047 1.0916825911 1.0854580514 1.3162909892 1.1930898298 1.6802885201 1.0857812716 1.0879068009 1.1007449046
1.1716335483 1.0899521892 3.8869247139 1.1141957825 1.4740427161 4.1342113921 1.4117371816 1.2199423853 1.1509575472 2.7193381442 1.0854382662 2.1530941978 1.0937873735 1.0869022965 1.3370164807 2.0751013124 1.1266711865 1.1636697951 2.0908924425 1.1231869370
1.1471462569 1.0854428908 11.8222774056 1.1170386370 1.1274432782 1.2189737980 1.2636442141 1.3807953289 1.1751158576 1.3722085172 1.0854371835 2.1373654709 1.2030330495 2.9663150051 1.1151601559 2.0586502434 1.1200708864 1.0863373901 1.0861499358 1.1400903835
1.1319168640 1.1319167561 1.1319176912 1.1319471513 1.1319168591 1.1319171417 1.1319168262 1.1319489128 1.1326203204 1.1319256797 1.1319167961 1.1334415425 1.1319167865 2.1999621789 1.1319167699 1.1319167623 1.1319234637 1.1319167541 1.1319167541 1.1319238780
1.8423100643 1.2115684915 1.2393032487 1.0866359566 1.1396774341 1.1475729043 1.0855282755 1.1327619502 1.1014198336 1.0961405250 2.6848185822 1.0861738685 1.0919816556 1.0964469826 1.0858451340 1.0857535729 4.1201076286 1.0855031786 1.0854415840 1.2037050176
1.0854409534 1.3622699497 1.0854352386 1.0854368757 1.0854349756 1.0854415161 1.0854350758 1.0854354175 1.0854353524 1.0854348733 1.7056741204 1.0854348061 1.0854354250 1.0854347957 1.0854349153 1.0854347977 1.1882791518 1.0854347955 1.0854347944 1.0854980583
1.1020756886 1.0854364077 2.4953615126 1.0915730261 1.1110863092 1.0905418576 1.0952142474 1.0956608161 4.9201873367 1.1772908536 1.0854348026 1.1963774027 1.0857263569 1.0854499864 1.0878077967 2.3461096491 1.0898121703 1.0854348023 2.2904804133 1.0916344527
1.0991001508 1.0854354265 1.6024972687 1.0912577800 1.0981810345 1.0860032770 1.0979991118 5.2165821176 1.1015635107 1.1141546049 1.0854348597 2.1970448278 1.0859884811 1.9055814088 2.0164982567 2.3604216867 1.0913557248 1.0854348865 1.0876082057 1.2005532683
1.2752853871 1.0857963892 3.3358220835 1.6339138446 2.7712843751 2.0456332168 1.1045640622 1.1396834734 1.2291546345 1.2469570777 1.2416807310 1.3519929444 1.1093907763 1.0897704288 1.3637926605 1.2049292226 1.1664718565 1.0861590547 1.0869071147 1.1395065548
1.0886152829 1.0854348348 1.1016061902 1.0878900995 1.0878676106 1.1052012275 1.0854539261 1.1071659777 1.7855507180 1.1017781093 1.0854347946 1.1576341833 1.0854985846 1.0854354701 1.0854625856 1.0854931904 1.0876733262 1.0854348107 1.5964984595 1.7175665071
1.0940269633 1.1041867402 1.0855515546 1.0912396466 1.0856365388 1.0854605149 1.0854364435 1.0854933681 1.0854360669 3.0499331064 1.0854347953 1.0858755979 1.0859752323 1.0854349576 1.0854431437 1.0854348669 1.0860370915 1.0854348014 1.0854347958 1.0857896628
1.0874786436 1.0862400436 1.0869488639 1.0855157003 1.0855457268 1.0872799429 1.0856117405 6.0735091731 1.0870306501 1.0912022377 1.0854349313 1.0855000356 1.1830341901 2.9640460020 1.0859426580 1.0854352731 1.0861369183 1.0854348633 1.0854348332 1.1059334615
1.0874786436 1.0862400436 1.0869488639 1.0855157003 1.0855457268 1.0872799429 1.0856117405 6.0735091731 1.0870306501 1.0912022377 1.0854349313 1.0855000356 1.1830341901 2.9640460020 1.0859426580 1.0854352731 1.0861369183 1.0854348633 1.0854348332 1.1059334615
1.1143587278 1.0855400347 1.7925162601 1.0971201517 1.1201876567 1.9979068859 1.1118594232 1.2858487329 1.1474285937 1.6630969047 1.0854348629 1.1454796137 1.0906959687 1.0854417506 1.1100933208 1.3830689951 1.1053974765 1.0857501933 18.0774230693 1.1240472663
1.1143587278 1.0855400347 1.7925162601 1.0971201517 1.1201876567 1.9979068859 1.1118594232 1.2858487329 1.1474285937 1.6630969047 1.0854348629 1.1454796137 1.0906959687 1.0854417506 1.1100933208 1.3830689951 1.1053974765 1.0857501933 18.0774230693 1.1240472663
2.1666874793 1.0855568488 1.2869545935 1.0868850605 1.1528980630 1.1629138222 1.0855675385 1.1463791787 1.1053671777 1.0994873930 1.0854348386 1.0864755744 1.0934600492 17.2339347120 1.0859762425 1.0857278505 1.2707664558 1.0855183030 1.0861753403 1.2165293672
4.6286529885 1.0904557034 3.2236581619 1.1395125024 2.3033199908 3.7187047998 1.1016101845 1.1928781290 1.2143798376 1.2189371190 1.1516192505 3.2545668568 2.0439166133 1.9096817615 1.1478585126 1.1656804543 1.2201735290 1.1192676905 1.0874946681 2.7763271349
1.9214057204 1.1076974562 1.6202987892 1.1805130636 1.1955627679 1.0868798149 1.1097054577 1.2819406638 1.1038629104 1.4429109848 1.4047935694 1.1374337537 1.0908413562 1.0854413535 5.7380415868 3.1211300839 1.7281532635 1.0854391058 1.0883183937 1.1783257932
4.6286529885 1.0904557034 3.2236581619 1.1395125024 2.3033199908 3.7187047998 1.1016101845 1.1928781290 1.2143798376 1.2189371190 1.1516192505 3.2545668568 2.0439166133 1.9096817615 1.1478585126 1.1656804543 1.2201735290 1.1192676905 1.0874946681 2.7763271349
1.2524476896 1.3096328888 2.4000267390 1.6657721411 2.6424545858 2.1377742231 1.4422482498 1.8235110188 6.3262878822 1.1520968500 2.1015763902 1.3458124145 1.6155737544 1.0856025838 1.4686322783 2.5528777128 1.9724451131 1.0857686687 1.0877404310 1.2404142736
6.7357806875 1.0854362019 1.1752284768 1.0862406409 1.1179888662 1.1228018934 1.0856733669 1.1355554583 1.0974259530 1.0989078548 1.0854348108 1.0859035913 1.0898700045 1.9962708554 1.0865033130 1.1018995299 1.1699228185 1.0854769479 1.0854390511 1.1809355664
1.0956468977 1.0854348293 1.1231844210 1.0903994385 1.1132930720 1.0873042175 1.0986510691 1.3060683777 2.5655523020 1.6639208071 1.0854348538 1.0854731539 1.0876825684 1.0854384700 1.0924475406 1.2055587355 1.1005856288 1.0854351691 2.5595483132 1.0916360234
1.2702489068 1.0855606889 2.4972177947 5.0181789950 2.2394381051 1.3471690712 1.2350204570 3.0332958056 1.1259550584 8.0854749462 1.0880096498 2.3718830205 1.0866645262 6.3554676154 1.0937485278 1.2253791596 1.0966710431 1.3297670842 4.0006517125 1.1228937202
2.4681250728 1.2722986255 1.2562360253 1.1713710563 1.1449598792 1.1554019338 1.0895753836 1.1659683583 1.1053008606 1.1071569302 1.0854349874 1.0870455502 1.0940406752 1.9810750742 1.0866700924 2.0986728728 1.5421405467 1.0855143756 1.0854409688 1.6262666194
1.0921231109 1.0856113110 1.1211792993 1.1861584714 1.5191602384 1.0859957513 14.1313990651 1.7571310886 1.0923070359 1.3801802349 1.0959685785 1.2178063049 1.1192731065 2.0817941836 6.1219886484 2.2337290584 1.0981543318 1.0854521056 1.0864074966 1.1168764674
2.4681250728 1.2722986255 1.2562360253 1.1713710563 1.1449598792 1.1554019338 1.0895753836 1.1659683583 1.1053008606 1.1071569302 1.0854349874 1.0870455502 1.0940406752 1.9810750742 1.0866700924 2.0986728728 1.5421405467 1.0855143756 1.0854409688 1.6262666194
4.6286529885 1.0904557034 3.2236581619 1.1395125024 2.3033199908 3.7187047998 1.1016101845 1.1928781290 1.2143798376 1.2189371190 1.1516192505 3.2545668568 2.0439166133 1.9096817615 1.1478585126 1.1656804543 1.2201735290 1.1192676905 1.0874946681 2.7763271349
1.1143587278 1.0855400347 1.7925162601 1.0971201517 1.1201876567 1.9979068859 1.1118594232 1.2858487329 1.1474285937 1.6630969047 1.0854348629 1.1454796137 1.0906959687 1.0854417506 1.1100933208 1.3830689951 1.1053974765 1.0857501933 18.0774230693 1.1240472663
1.3049234381 1.0854564496 4.1520796335 1.0908323579 1.1419451321 2.1242267119 1.0929314713 2.4474572019 1.1167574650 1.1179207839 1.0854348067 1.1585813564 1.0931376802 1.0855005198 1.0874645300 1.1559674045 2.0363810511 1.0857823775 1.0891065290 1.1568089882
2.1932553582 1.0855646178 1.2857017940 1.0868785570 1.1524714172 1.1624051687 1.0855705003 1.1461533369 1.1052795974 1.0994760418 1.0854348402 1.0864796514 1.0934166967 16.2101047531 1.0859810780 1.0857294374 1.2704844043 1.0855178355 1.0862155250 1.2165752779
1.2693820159 2.1109859663 1.3726619749 1.2495137533 1.2790081016 2.9222407024 1.1352448059 2.0836364302 1.1203649565 2.2341336937 2.3810214638 12.2828096359 1.1225027431 17.2709343505 1.0878730435 1.0856738436 1.2764236541 1.1282503250 1.0854414849 1.2105929433
3.0551317828 1.1288162902 1.1293419962 1.1290802581 1.1289012611 1.1919058789 1.1288310585 1.1333787878 1.1288451301 1.2500932284 1.1288032321 1.1288370061 1.1434551455 1.1288035496 1.1292363956 1.1288070632 1.1293511187 1.1291778130 1.1288044316 1.1290944610
1.0920450967 1.4163254484 1.2136981080 1.1115924939 1.0911016478 1.8955958568 1.1319181006 1.1846161583 1.0946932915 1.1825879412 1.0854372780 2.1979973706 1.1370006962 5.0073534569 1.0900709513 1.0860413337 1.2603054748 1.1555287737 1.0854350530 1.1893513572
1.1181897980 1.0855762131 1.0948934915 1.0911003320 1.3363055918 1.1491969506 1.0928950258 4.2466586682 1.1046594066 1.1407365923 1.0854370111 1.2156218413 1.0902877439 2.8549924796 1.4818753460 1.0882609314 1.0971525016 1.0855026284 1.0927635294 1.1565898059
1.2854085152 1.1198101963 3.5471376903 1.2161653379 1.9527195593 2.0796348813 1.1473305861 1.3679843467 1.2810209576 1.8608396270 1.1198007254 1.2912307064 1.1337698606 1.1198694409 1.1611409972 1.3982677950 1.1999120685 1.1205434232 1.1222909667 1.1838182067
1.1112768932 1.0855526348 1.0919441836 1.0898523965 1.2849390576 1.1385601280 1.2310002295 1.0908371079 1.0992597497 2.1858050440 1.0854349340 1.1867955816 1.0887769185 1.0854572993 1.9123836631 1.5903730265 1.0936755656 1.0854918410 1.0854348821 1.0858447520
1.0854409534 1.3622699497 1.0854352386 1.0854368757 1.0854349756 1.0854415161 1.0854350758 1.0854354175 1.0854353524 1.0854348733 1.7056741204 1.0854348061 1.0854354250 1.0854347957 1.0854349153 1.0854347977 1.1882791518 1.0854347955 1.0854347944 1.0854980583
1.0958372410 1.0860530041 1.1045685522 1.3251751128 1.1353806603 1.0911629660 1.0856713480 1.0861035686 1.0875432310 1.0987772502 4.7214191313 1.0854370242 1.0930751957 1.0886644413 1.0855042409 1.0854370285 1.0959390844 1.0854799440 1.0854348091 1.0860320550
2.0995043171 1.0854378171 3.2070841203 1.0918280424 1.1684715302 1.1367059472 1.0952036470 1.1237628608 1.4202469641 1.1145591607 1.0854348264 1.1815053786 1.0915894891 1.0990888900 1.0880817215 1.1765061627 1.2710502143 1.0854897302 2.0234932752 2.0636517935
2.2498382665 1.1180846588 1.3500227555 2.1815243936 1.2000732510 1.1876688369 1.1312383421 1.4076621720 1.1392073983 1.6733814631 1.1180820472 1.1189331070 1.1271282455 1.1316544788 1.1256668626 1.2401350195 1.3506807265 1.1181576642 3.2229856452 2.5165705542
1.2854085152 1.1198101963 3.5471376903 1.2161653379 1.9527195593 2.0796348813 1.1473305861 1.3679843467 1.2810209576 1.8608396270 1.1198007254 1.2912307064 1.1337698606 1.1198694409 1.1611409972 1.3982677950 1.1999120685 1.1205434232 1.1222909667 1.1838182067
1.1112768932 1.0855526348 1.0919441836 1.0898523965 1.2849390576 1.1385601280 1.2310002295 1.0908371079 1.0992597497 2.1858050440 1.0854349340 1.1867955816 1.0887769185 1.0854572993 1.9123836631 1.5903730265 1.0936755656 1.0854918410 1.0854348821 1.0858447520
1.2854085152 1.1198101963 3.5471376903 1.2161653379 1.9527195593 2.0796348813 1.1473305861 1.3679843467 1.2810209576 1.8608396270 1.1198007254 1.2912307064 1.1337698606 1.1198694409 1.1611409972 1.3982677950 1.1999120685 1.1205434232 1.1222909667 1.1838182067
1.1112768932 1.0855526348 1.0919441836 1.0898523965 1.2849390576 1.1385601280 1.2310002295 1.0908371079 1.0992597497 2.1858050440 1.0854349340 1.1867955816 1.0887769185 1.0854572993 1.9123836631 1.5903730265 1.0936755656 1.0854918410 1.0854348821 1.0858447520
1.1037031825 1.0854354354 1.6281187565 2.1220783473 1.1131602632 1.0907351502 4.1089578194 1.3968537340 1.1077095546 1.4787604929 1.0854351778 1.1356150013 1.1606626588 1.0854409505 2.0959995341 2.6902910246 1.1022936019 1.0854351192 2.0661559147 1.9658541697
1.1131702712 1.4636426004 1.1081497817 1.1163754049 1.2806427593 1.3354308587 1.3122791573 1.2409959633 1.1079248069 4.8607788518 1.0854350446 1.2375398087 1.1557182970 1.0858851989 1.6640870617 3.0263947868 1.2351801290 1.0854933195 1.0858455297 1.1077262569
1.1898122551 22.0279893989 2.9395168790 1.1141734418 1.3001284988 2.9648740576 1.1122942356 1.1068678929 1.1511297920 1.1941658152 1.1448520316 1.8948192213 1.0975685881 1.0938691960 1.6428495572 1.1879130947 1.1903355393 1.1181702793 1.5080011539 1.7293649602
3.3487260789 1.0854378230 4.4885056141 1.1069751545 1.1619895913 2.0563869043 1.1340277198 1.2860127191 2.1590247668 1.5587128431 1.0854348901 1.1497044079 1.1497192377 2.4365857393 1.0932561910 1.2673340324 1.2492436500 1.0857705459 10.6309865738 1.1748614055
1.0887794369 1.0854349274 1.1104694982 1.6204468270 1.0879021128 1.1260351638 1.0861120474 1.0855513846 1.2398219963 1.0905138036 1.0854347959 1.2795161959 1.0855258671 1.0856076413 8.4107529046 1.0854945849 1.0985174850 1.0854348162 1.0854596606 1.7858847389
3.3487260789 1.0854378230 4.4885056141 1.1069751545 1.1619895913 2.0563869043 1.1340277198 1.2860127191 2.1590247668 1.5587128431 1.0854348901 1.1497044079 1.1497192377 2.4365857393 1.0932561910 1.2673340324 1.2492436500 1.0857705459 10.6309865738 1.1748614055
1.0854431037 1.0854348359 1.0854693302 1.4621721305 1.0854432330 1.0854580892 12.7033784212 1.0867162518 1.0881369939 1.0863000799 1.0854349416 1.0854393935 1.0854971284 1.0854352407 1.0855642794 1.0854347995 1.0856143162 1.0854348052 1.0854347959 1.0854537188
1.0952853070 1.0938802890 1.2045162185 6.4940028618 2.4837961650 2.4911542397 4.8812693659 1.1386476516 1.2219723258 1.2434156596 1.0854376782 1.1609646117 1.0880048254 1.0856851528 1.1002819604 1.3322179708 1.1339667419 1.1397467739 1.0860652384 1.1483848511
1.1957980680 1.0854361969 4.7489566631 1.0863635471 1.1269677020 1.1330483297 1.0855772775 1.1351187485 1.0998158988 1.0997301562 1.0854348007 1.0860189981 1.0906393811 3.0090937650 1.0861602911 1.0854462143 1.1348485505 1.0854881264 1.0854392374 1.1633139361
1.5688747558 1.0854374050 1.1605228797 1.1825203440 1.1218317439 1.1270555151 1.0902442310 1.0952853415 1.0979902013 1.2389523959 1.0854348799 1.0865593524 2.0673285406 1.0856492435 1.0855505787 1.0930167380 1.1132638793 1.0882220279 1.0872563359 1.1476994990
1.2403224063 1.0855637619 1.0990501273 1.8112169314 2.1763365392 1.0875469910 1.4329382895 3.0384723183 1.1126780368 8.3550042267 1.0880908603 2.0917637483 1.0866614855 5.2786107385 1.0916150018 1.1159186635 1.0934732670 1.3403365572 2.9565707782 1.1265251599
2.0529288699 10.9167061699 1.2082290716 1.3454256414 2.8194069853 3.1651963037 1.1760799172 1.1144576433 1.1001272101 1.2255373742 3.4224907728 1.2041688879 1.1167453808 1.0889066173 4.4367635015 1.5496028357 1.4340584098 1.1265222938 2.0313326810 1.1740093213
1.9942961515 1.0959641805 1.2958061326 1.1761363658 2.1189571162 1.7659685987 1.0962251242 1.1265982896 1.0996111969 1.3323658727 1.2104007275 1.9575933969 2.0408437417 1.9715622365 1.0864815907 1.0910891150 1.1603799077 1.1568124994 1.0867891945 1.8448144500
2.2780355718 1.1078889759 1.3137286987 1.1092305160 1.1766046859 1.1868091228 1.1078689165 1.1702877690 1.1281561920 1.1222433397 1.1077461036 1.1088299708 1.1159448738 15.6987895275 1.1083161200 1.1080525917 1.2999764071 1.1078313247 1.1085977704 1.2437574108
3.4010644028 1.0854546723 1.0885123029 1.0895221429 1.0939436683 1.1262714599 1.1070382243 2.0320835942 1.1464466344 1.0963383142 1.0854348927 1.0927633863 1.1027767242 1.0854359917 1.3394553400 1.2803178994 1.0991701475 1.0857359492 1.0854357020 1.1854944393
1.1100969242 1.3141111982 1.1260336899 1.7339556372 5.0082529586 1.1199391584 1.4328456794 1.2772781441 2.1491261675 1.6132740838 2.1403043582 1.1427970946 1.0893506891 1.0854544718 1.2505791441 1.1945278303 1.6551035787 1.0854703319 1.0864580256 1.0937367229
1.2403224063 1.0855637619 1.0990501273 1.8112169314 2.1763365392 1.0875469910 1.4329382895 3.0384723183 1.1126780368 8.3550042267 1.0880908603 2.0917637483 1.0866614855 5.2786107385 1.0916150018 1.1159186635 1.0934732670 1.3403365572 2.9565707782 1.1265251599
2.0529288699 10.9167061699 1.2082290716 1.3454256414 2.8194069853 3.1651963037 1.1760799172 1.1144576433 1.1001272101 1.2255373742 3.4224907728 1.2041688879 1.1167453808 1.0889066173 4.4367635015 1.5496028357 1.4340584098 1.1265222938 2.0313326810 1.1740093213
1.0956468977 1.0854348293 1.1231844210 1.0903994385 1.1132930720 1.0873042175 1.0986510691 1.3060683777 2.5655523020 1.6639208071 1.0854348538 1.0854731539 1.0876825684 1.0854384700 1.0924475406 1.2055587355 1.1005856288 1.0854351691 2.5595483132 1.0916360234
1.1036015734 1.0863409529 1.0965697845 1.0865897368 1.0865654677 2.0360358120 1.0857008467 1.0856398732 1.1183591052 1.1061272415 1.0854347991 1.0928073593 1.0886154274 1.0854353517 1.2336437009 1.0865055402 1.0866090830 1.0857540381 1.6461773384 1.3261828565
1.1081709474 1.0854358646 2.6221160750 5.3439662472 1.1202708277 1.3332141356 1.2296540150 3.3768172427 1.1167310345 2.4414991929 1.0854350983 2.3664142225 1.0868162932 4.6572473924 1.0928366893 1.2615479715 1.0976956627 1.0854350601 2.0911561248 1.1062357911
1.9214057204 1.1076974562 1.6202987892 1.1805130636 1.1955627679 1.0868798149 1.1097054577 1.2819406638 1.1038629104 1.4429109848 1.4047935694 1.1374337537 1.0908413562 1.0854413535 5.7380415868 3.1211300839 1.7281532635 1.0854391058 1.0883183937 1.1783257932
1.3258108337 1.0854348457 1.0869891217 1.0854945046 1.0855509224 1.0856881570 1.0855530905 1.0964035338 1.0872470590 2.8563606001 1.0854348229 1.0863431667 1.0855737313 3.0287379973 1.0928117286 1.0854365374 1.0860783397 1.0854348496 1.0854348319 1.1068772146
1.2632710706 1.0855410724 3.2227022104 1.1680514341 2.4578761329 2.0758127792 1.1055976218 1.1419029612 1.2380777635 1.2371451640 1.0854348578 1.3766095503 1.0995946200 1.0855162779 1.3849353442 1.2133874197 1.1530097361 1.0861314292 1.0869627677 1.1411356755
1.0952025897 3.5432354469 1.0858077584 3.3197350515 1.0859656391 1.0867063899 1.0880239879 1.0855339851 1.0856335235 2.9750217529 1.1502154056 1.0871257016 1.0910726418 1.0854489818 1.0855228786 1.0952470233 1.2412128300 1.0854385627 1.0854348085 1.2511109298
1.0869626264 1.0854498585 1.0866394645 1.1172303641 1.0855935230 1.5991924159 1.1050581935 1.0943110380 3.4842955125 1.1270611694 2.0658594370 2.0848619460 1.0855460799 4.0489381965 1.0858228336 1.0854352220 1.1084238970 1.0854348346 1.0854348521 1.1011444241
1.8423100643 1.2115684915 1.2393032487 1.0866359566 1.1396774341 1.1475729043 1.0855282755 1.1327619502 1.1014198336 1.0961405250 2.6848185822 1.0861738685 1.0919816556 1.0964469826 1.0858451340 1.0857535729 4.1201076286 1.0855031786 1.0854415840 1.2037050176
1.5378436859 1.0854373269 1.1573884488 1.1790679643 2.1578391522 1.1262450374 1.0902408423 1.0949191592 1.0975499385 1.2406927301 1.0854348767 1.0865234152 2.0657996729 1.0856410404 1.0855479013 1.0998268943 1.1121641862 1.0882227398 1.0871864201 1.1451244560
1.8423100643 1.2115684915 1.2393032487 1.0866359566 1.1396774341 1.1475729043 1.0855282755 1.1327619502 1.1014198336 1.0961405250 2.6848185822 1.0861738685 1.0919816556 1.0964469826 1.0858451340 1.0857535729 4.1201076286 1.0855031786 1.0854415840 1.2037050176
1.0854531771 1.0865403609 5.5447346356 1.0894548428 1.0854803081 1.0854683912 1.6149797678 1.0855949825 1.0858896263 1.0855035414 1.0854367151 1.0854607688 1.0855177204 1.0854351110 1.0855385988 1.0854381253 1.0896680898 1.0854355471 1.0860883818 1.0855771967
1.1144886320 6.7274452061 1.2153998660 1.6984052866 3.4429680357 1.5807793126 1.5624714056 1.1125482279 1.1434552017 1.3073456153 3.0744440036 1.2514670024 1.0898865164 1.0856925548 1.2940381467 1.1085841264 1.5144258068 1.1549864355 1.0854351387 1.1444293676
1.0854531771 1.0865403609 5.5447346356 1.0894548428 1.0854803081 1.0854683912 1.6149797678 1.0855949825 1.0858896263 1.0855035414 1.0854367151 1.0854607688 1.0855177204 1.0854351110 1.0855385988 1.0854381253 1.0896680898 1.0854355471 1.0860883818 1.0855771967
1.1144886320 6.7274452061 1.2153998660 1.6984052866 3.4429680357 1.5807793126 1.5624714056 1.1125482279 1.1434552017 1.3073456153 3.0744440036 1.2514670024 1.0898865164 1.0856925548 1.2940381467 1.1085841264 1.5144258068 1.1549864355 1.0854351387 1.1444293676
1.0862568929 1.0874229329 1.0866095866 1.0875282305 1.0889906158 1.1069633761 1.0901276318 1.0858055503 1.0866610890 3.1042018664 1.0854347975 1.0856263022 2.0411909428 1.0854351081 1.0854799429 1.0854603517 1.0856916549 3.0724053574 1.0854356786 1.0859679801
1.0989878290 1.0854356211 1.9170422137 1.0865647757 1.1091476355 1.0856206850 2.7970205630 2.0805735384 1.1039933301 1.0904956994 1.0854347955 1.1851768324 2.3614905056 1.0854350077 1.0892487641 1.1047908206 1.0855209898 1.0854347952 1.0855399438 1.0857415428
1.4657297452 1.0854348576 1.8230850175 1.0858515131 1.0854475657 1.0857746491 1.0856396052 1.0855310188 1.0949316350 1.1622986958 1.0854347974 1.0856255609 5.4129181161 2.0859543339 1.0854657927 1.0971552124 1.1917937939 2.0854720438 2.3972318862 1.1219200482
1.0855149372 1.2421447559 1.0901498072 1.1008727509 1.1951639125 1.0866106846 1.0863119774 1.1235067641 1.0861512056 1.1681474222 2.8834000359 1.0855764634 1.0855306762 1.0854348549 1.0856330238 1.0854390802 1.1557015128 1.7828980561 1.0854347950 1.1090731728
1.2931602779 1.0854785845 1.1550825202 1.0891148375 1.0939106949 1.5332842425 1.0902908508 8.3494070440 2.0523874635 1.1425808657 1.0854348327 1.0926936030 1.2741515083 1.0854832052 1.3131775420 1.2970386000 1.1101636404 1.1280224349 1.0855062001 2.3523269403
1.0862456850 1.0854348179 1.0868945898 1.0854668609 1.0855939787 1.0855467480 1.0854913352 1.6227075427 1.0864602049 1.0879818852 1.0854348066 1.0858193283 1.0854979389 6.5295663297 1.0856674656 1.0854352087 1.0857336541 1.0854348220 1.0854348169 1.0968478694
1.4657297452 1.0854348576 1.8230850175 1.0858515131 1.0854475657 1.0857746491 1.0856396052 1.0855310188 1.0949316350 1.1622986958 1.0854347974 1.0856255609 5.4129181161 2.0859543339 1.0854657927 1.0971552124 1.1917937939 2.0854720438 2.3972318862 1.1219200482
1.0854404158 1.3294028531 1.0854351999 1.0854366940 1.0854349598 1.0854409293 1.0854350512 1.0854353631 1.0854353037 1.0854348664 1.6070512917 1.0854348051 1.0854353699 1.0854347956 1.0854349048 1.0854347974 2.3197761629 1.0854347954 1.0854347944 1.0854925350
1.4521811434 1.0900709814 1.3194155885 1.0903960644 1.1458748823 3.3322696777 1.1886598839 2.2262042787 2.1121007294 6.9612605649 1.0854367620 1.1236850215 1.2198639501 1.0857706798 1.2005864837 2.1574582108 1.3097383866 1.1367308121 1.0872154474 1.3837763400
1.0863086840 1.0854359308 1.0866445135 1.0875440907 1.0908920182 1.1072490499 1.0901342614 1.0857924732 1.0866622271 1.0912014010 1.0854347975 1.0856302693 2.0611954283 1.0854351087 1.0854805452 1.0854605371 1.0857215196 2.0650677763 1.0854356795 1.0859695774
1.8914886447 1.0854608176 1.0905294372 1.1753870787 1.7243333038 2.0756439619 1.0931960557 1.1053713709 1.2060032235 1.2284312515 1.0854348679 1.1541913904 1.1124807606 1.0854378738 1.1162846254 1.1256587106 1.0915694157 1.0866232583 1.0854366944 1.0897331458
1.2882839025 1.0854824960 2.4710504360 1.0877313219 2.2206733637 1.7763215366 1.0860190737 1.1546466039 1.1025968462 1.1584441395 1.0854348138 1.0864113385 1.3041964767 1.0855175434 1.0858594576 1.0854779521 1.1705500600 1.1331351388 1.0854488169 1.1554145708
1.9424899414 7.6188646510 1.2244024072 2.1602688683 2.2128150166 1.6526172543 1.3514483301 1.1122979829 1.0981003477 1.2126173970 4.8546899182 1.1146523603 1.1126339174 1.0880580577 1.0868467157 1.0854710822 1.4012551537 1.1534013642 1.0854363865 1.1403287362
2.3045482945 1.0855468609 1.0929307265 1.0951889497 1.2911893583 1.1370397805 1.0928091049 1.1042474194 1.0992616781 1.1265636818 1.0854349321 1.1910647544 1.0949526291 1.0854574083 2.0787715146 1.2829131360 1.0953729975 1.0854963314 1.0854349339 1.1944713968
1.4112902957 1.4525106598 1.1359028690 1.1406597133 1.6279416047 1.5592408833 1.1031353749 1.1001359745 1.1785290717 1.2162051135 1.0854348189 1.1589524848 1.0904329501 1.0854377308 1.8206691940 1.1283071383 1.0917361490 1.0863508340 1.0854351691 1.1503878593
1.9424899414 7.6188646510 1.2244024072 2.1602688683 2.2128150166 1.6526172543 1.3514483301 1.1122979829 1.0981003477 1.2126173970 4.8546899182 1.1146523603 1.1126339174 1.0880580577 1.0868467157 1.0854710822 1.4012551537 1.1534013642 1.0854363865 1.1403287362
1.1832992199 1.0854362491 5.8770415887 1.0865601703 1.1283487348 1.1259210982 1.0859362998 1.1295667105 1.1036293568 1.1000716586 1.0854348006 2.0829567025 1.0963537425 3.0035419740 1.0862095029 1.9943306180 1.1274636076 1.0854804934 1.0854698002 1.1556435601
1.0952363809 1.0855772954 1.1021529521 4.5865200768 1.1211131481 1.1111150996 1.1994181287 1.0977498793 1.0952029258 1.1035832099 1.2782536071 2.4582227205 2.0624034762 3.6924270040 1.0862205074 1.0854624377 1.1131597634 1.0882331687 1.0854357195 1.1612083874
1.0854493141 1.0864019526 7.6559148692 1.0889490833 1.0854707922 1.0854590399 1.5054145321 1.0855744797 1.0857624475 1.0854940436 1.0854364738 1.0854572393 1.0855017937 1.0854350606 1.0855220601 1.0854371780 1.0891258470 1.0854354435 1.0858959565 1.0855582819
1.1196318871 1.1180330545 1.1192844017 1.1551706830 1.1181903297 1.7687217895 1.1385402847 1.1274038308 2.4607077575 1.1663523804 2.1470832712 2.1669303727 1.1181331061 4.2327987329 1.1184216948 1.1180160178 1.1447759653 1.1180156021 1.1180156238 1.1344691027
1.0868971294 3.1412967881 1.0919119239 2.3222038445 2.3372919051 1.1845834208 1.1170132034 1.1654476563 1.0915575129 1.1611761051 1.0898218122 1.1145522351 1.1210119718 1.0857100049 1.0886605068 1.0964244853 1.3676510927 1.6454429400 1.0854349189 1.3146064313
1.0906119817 9.0166053494 1.2143386511 1.0896148152 1.0864639765 1.4952413740 1.0916025916 1.1010596313 1.0856080645 1.1820359664 1.2401124407 1.1097887879 1.0858370626 1.0856852347 1.0855464932 1.0854591965 1.1777858378 1.1583896911 1.0854348794 1.1414738633
1.9214057204 1.1076974562 1.6202987892 1.1805130636 1.1955627679 1.0868798149 1.1097054577 1.2819406638 1.1038629104 1.4429109848 1.4047935694 1.1374337537 1.0908413562 1.0854413535 5.7380415868 3.1211300839 1.7281532635 1.0854391058 1.0883183937 1.1783257932
3.0147893741 1.0854371636 1.2577554637 1.0866674197 1.1419993445 1.1502630333 1.0855244314 1.1348112481 1.1019980523 1.0965669441 1.0854348142 1.0862030313 1.0922396556 2.5024565549 1.0858389644 1.0857109782 1.2474477428 1.0855059018 1.0881601223 1.1938856483
1.2173352656 1.0855382716 1.0922997981 1.0909264993 1.2697425165 1.1330525751 1.0908795305 1.1021382738 1.0983272248 1.1226459425 1.0854348425 1.1822558870 1.0927106541 4.0748593850 2.4669704845 2.0798503735 1.0942470383 1.0854899590 1.0854349189 1.1585564480
3.4010644028 1.0854546723 1.0885123029 1.0895221429 1.0939436683 1.1262714599 1.1070382243 2.0320835942 1.1464466344 1.0963383142 1.0854348927 1.0927633863 1.1027767242 1.0854359917 1.3394553400 1.2803178994 1.0991701475 1.0857359492 1.0854357020 1.1854944393
1.0918726392 1.4388495829 1.2126825746 1.1255433609 1.0911345437 1.9154177600 1.2248673783 1.1741427974 1.1327854153 1.1803206879 1.0854360019 1.1285824671 1.1570896864 5.9140577752 1.0902159244 1.0854845061 1.2634779895 1.1550794385 1.0854350505 1.1562203086
1.5095384176 1.0854372565 1.1578760508 1.1843896996 3.1926528851 1.1309689016 1.0902400247 1.0945677829 1.0984309941 1.2313255133 1.0854348737 1.0864887501 2.0641442111 1.0856331340 1.0855454890 1.0968583587 1.1111512806 1.0882239600 1.0871190294 1.1426692757
1.0887794369 1.0854349274 1.1104694982 1.6204468270 1.0879021128 1.1260351638 1.0861120474 1.0855513846 1.2398219963 1.0905138036 1.0854347959 1.2795161959 1.0855258671 1.0856076413 8.4107529046 1.0854945849 1.0985174850 1.0854348162 1.0854596606 1.7858847389
2.8647006700 1.0855235712 1.1151687240 1.0862383223 1.1850354736 1.4065288745 1.0861933755 1.0944207164 1.0856427753 1.0971795087 1.0854384679 1.7839171376 1.1006146413 1.0870480744 1.0859340782 1.0854416781 1.0890956301 1.0857955206 1.0854358865 1.1133427623
1.1144708124 1.3110360059 1.0936480372 1.7237439474 2.6119862941 2.1340941620 1.4231066354 1.0965483262 2.1484665331 1.1514099247 2.1908218732 1.1703146237 1.0915709916 1.0854573747 1.3303613076 1.0876990207 1.6723862675 1.0857846081 1.0861366675 1.0996524754
2.9611007429 1.0854515274 2.7158141699 1.0965210290 1.9799125949 1.1316787235 1.1120627460 4.6558489632 1.1349556820 1.3226360520 2.0831255855 1.1989682296 1.1028051426 1.2509389326 7.0836266017 1.3805774564 1.1031353125 1.0857729346 1.0877546306 1.1360088316
2.2394728930 1.2563032204 1.7024063142 1.1735590583 1.2330967652 1.5579140622 1.1085475774 1.1263289236 5.4579591607 1.2549505401 1.0854473536 6.2464356155 1.0933789646 1.0857047186 1.5527228577 1.4446643673 1.3980013945 1.1513191933 2.2496489833 2.2908339251
1.0914385653 1.0928020877 1.2113704200 1.1867756186 2.0487080668 3.1810535615 1.3078614431 1.1272634488 1.2211491507 1.1588112688 1.0854384250 1.1607351550 1.0869691269 1.0856349152 1.1156472642 1.0854792023 1.1214009607 1.1330613463 1.0854349002 1.1216609611
1.2524476896 1.3096328888 2.4000267390 1.6657721411 2.6424545858 2.1377742231 1.4422482498 1.8235110188 6.3262878822 1.1520968500 2.1015763902 1.3458124145 1.6155737544 1.0856025838 1.4686322783 2.5528777128 1.9724451131 1.0857686687 1.0877404310 1.2404142736
1.2478354465 1.0855420648 2.4164364375 7.6857115705 3.2513365129 1.2792974401 1.1951141873 2.9720776081 2.1020768216 9.1092623661 1.0876200595 2.3619913603 1.0865358287 6.2821901217 1.0931643151 1.2157823754 1.0978638103 1.2820676156 4.6670966749 2.1896932715
1.2478354465 1.0855420648 2.4164364375 7.6857115705 3.2513365129 1.2792974401 1.1951141873 2.9720776081 2.1020768216 9.1092623661 1.0876200595 2.3619913603 1.0865358287 6.2821901217 1.0931643151 1.2157823754 1.0978638103 1.2820676156 4.6670966749 2.1896932715
1.2524476896 1.3096328888 2.4000267390 1.6657721411 2.6424545858 2.1377742231 1.4422482498 1.8235110188 6.3262878822 1.1520968500 2.1015763902 1.3458124145 1.6155737544 1.0856025838 1.4686322783 2.5528777128 1.9724451131 1.0857686687 1.0877404310 1.2404142736
1.2524476896 1.3096328888 2.4000267390 1.6657721411 2.6424545858 2.1377742231 1.4422482498 1.8235110188 6.3262878822 1.1520968500 2.1015763902 1.3458124145 1.6155737544 1.0856025838 1.4686322783 2.5528777128 1.9724451131 1.0857686687 1.0877404310 1.2404142736
1.2377289656 1.0898847146 1.3083365830 1.1843167194 2.1223809807 5.1620272248 1.0882268591 1.1427822004 2.3099205189 2.2377935150 1.0854352614 1.1441868143 1.1623112177 1.0856302631 1.0858234270 1.0858356254 1.1768164938 1.1323526928 1.0892836303 1.7776221813
1.2524476896 1.3096328888 2.4000267390 1.6657721411 2.6424545858 2.1377742231 1.4422482498 1.8235110188 6.3262878822 1.1520968500 2.1015763902 1.3458124145 1.6155737544 1.0856025838 1.4686322783 2.5528777128 1.9724451131 1.0857686687 1.0877404310 1.2404142736
1.2478354465 1.0855420648 2.4164364375 7.6857115705 3.2513365129 1.2792974401 1.1951141873 2.9720776081 2.1020768216 9.1092623661 1.0876200595 2.3619913603 1.0865358287 6.2821901217 1.0931643151 1.2157823754 1.0978638103 1.2820676156 4.6670966749 2.1896932715
1.2524476896 1.3096328888 2.4000267390 1.6657721411 2.6424545858 2.1377742231 1.4422482498 1.8235110188 6.3262878822 1.1520968500 2.1015763902 1.3458124145 1.6155737544 1.0856025838 1.4686322783 2.5528777128 1.9724451131 1.0857686687 1.0877404310 1.2404142736
1.2478354465 1.0855420648 2.4164364375 7.6857115705 3.2513365129 1.2792974401 1.1951141873 2.9720776081 2.1020768216 9.1092623661 1.0876200595 2.3619913603 1.0865358287 6.2821901217 1.0931643151 1.2157823754 1.0978638103 1.2820676156 4.6670966749 2.1896932715
2.1666874793 1.0855568488 1.2869545935 1.0868850605 1.1528980630 1.1629138222 1.0855675385 1.1463791787 1.1053671777 1.0994873930 1.0854348386 1.0864755744 1.0934600492 17.2339347120 1.0859762425 1.0857278505 1.2707664558 1.0855183030 1.0861753403 1.2165293672
1.1235791096 2.5870826766 2.3792732925 1.1367594916 2.1517741766 1.5382704129 1.1063484246 1.2293051986 1.1723095201 1.3602975927 1.9280818997 1.2556760288 2.0883559139 2.0817061082 1.3730122914 1.1201481085 1.8127409870 1.1468614360 1.9765139401 1.1405992791
3.5563233747 1.0855708510 1.0927714590 1.1292038080 1.8878869506 1.9653350278 1.0967765800 1.1297799878 1.1572318472 3.4372069730 1.0854349433 1.2256120867 1.2515633032 1.0854641987 1.7217826823 1.2999031715 1.1108207127 1.1194759501 1.0854419516 1.1851100296
1.1317485645 1.2818769862 1.2083286792 1.5785247677 2.1197969246 2.0977210770 3.4246535446 2.5029096936 1.0996283968 1.8164936762 2.0854020217 1.0864880813 1.2375161772 1.9484789809 1.0924418916 1.5662271822 1.4562797546 2.3128583259 1.0862226103 1.5750985525
1.1871840297 2.0824058451 2.8997633311 1.1085512061 1.1968468713 1.3534757354 1.1003233919 2.2640935641 1.0900684555 1.7955427217 1.0896921986 1.0856269749 1.0874298990 3.0105251565 1.0912689819 1.1676511956 1.9804096678 1.7993125692 1.0882577828 1.2302663103
1.0854429178 1.0854347954 1.0862785343 1.0854411626 1.0854423153 1.0854363146 1.0854931334 1.0859220400 1.0856953976 1.0861813472 1.0854347945 1.0854373411 1.0854375349 6.0806541293 1.0854359549 1.0854350254 1.0854541737 1.0854347967 1.0854348013 1.0877693784
2.9509109335 1.0854799622 2.7394057572 1.1375578019 1.1628681830 1.6544743608 1.4079600880 2.0622585506 1.1102610217 1.7228221180 1.0854349153 1.0869729293 1.2988096884 2.4512752848 1.0913307684 1.9105052655 1.1897216243 1.1279113018 15.2058842750 1.2268510589
2.3481525958 1.0856263838 1.2791200512 1.0868415416 1.1502624384 1.1598208060 1.0855620852 1.1450572510 1.1047266761 1.0991599174 1.0854348524 1.0865232063 1.0931838621 11.0681666672 1.0860200034 1.0857373844 1.2707826945 1.0855152882 1.0865135207 1.2164886627
1.0908517182 6.7371214228 1.2158297283 1.0897790798 1.1086335226 1.5021210682 1.0920840031 1.1012395540 1.0856212950 1.1831616564 3.1199567824 1.1187607253 1.0858481074 1.0856875525 1.0857362288 1.0854684216 1.5312376183 1.1591718880 1.0854348839 1.1449506320
1.0908517182 6.7371214228 1.2158297283 1.0897790798 1.1086335226 1.5021210682 1.0920840031 1.1012395540 1.0856212950 1.1831616564 3.1199567824 1.1187607253 1.0858481074 1.0856875525 1.0857362288 1.0854684216 1.5312376183 1.1591718880 1.0854348839 1.1449506320
1.1317485645 1.2818769862 1.2083286792 1.5785247677 2.1197969246 2.0977210770 3.4246535446 2.5029096936 1.0996283968 1.8164936762 2.0854020217 1.0864880813 1.2375161772 1.9484789809 1.0924418916 1.5662271822 1.4562797546 2.3128583259 1.0862226103 1.5750985525
1.4112902957 1.4525106598 1.1359028690 1.1406597133 1.6279416047 1.5592408833 1.1031353749 1.1001359745 1.1785290717 1.2162051135 1.0854348189 1.1589524848 1.0904329501 1.0854377308 1.8206691940 1.1283071383 1.0917361490 1.0863508340 1.0854351691 1.1503878593
1.0854349875 1.4889878065 1.0854382157 6.9524423510 1.0854354312 1.0854362387 1.1078712480 1.0854389752 1.0854477552 1.0854361296 1.0930321948 1.0854349574 1.0855155979 1.0854347974 1.0854348651 1.0854348130 1.0941773179 1.0854348600 1.0854347966 1.7759925499
3.4010644028 1.0854546723 1.0885123029 1.0895221429 1.0939436683 1.1262714599 1.1070382243 2.0320835942 1.1464466344 1.0963383142 1.0854348927 1.0927633863 1.1027767242 1.0854359917 1.3394553400 1.2803178994 1.0991701475 1.0857359492 1.0854357020 1.1854944393
1.1132997550 1.0918760600 1.1775091578 1.2250052246 2.0262520588 3.6276939337 1.0893140333 1.1069438149 2.3187788288 1.1856436210 1.0854354612 1.1493695807 1.1881936743 1.0856171471 1.0856364677 1.0855081381 1.1305731079 1.1547171544 1.0854604139 1.6958682552
1.0877620402 1.0854354724 1.0884817023 1.8349582067 1.0860467700 1.1070644058 1.0902760682 1.0947509114 1.0882124251 1.0921236170 1.1738185696 2.5726504779 2.0515409317 3.6537003132 1.0859224105 1.0854613985 1.1026734697 1.0882460784 1.0854357230 1.1541348968
1.0877620402 1.0854354724 1.0884817023 1.8349582067 1.0860467700 1.1070644058 1.0902760682 1.0947509114 1.0882124251 1.0921236170 1.1738185696 2.5726504779 2.0515409317 3.6537003132 1.0859224105 1.0854613985 1.1026734697 1.0882460784 1.0854357230 1.1541348968
1.1041403705 1.0855210429 1.0902409808 1.0886910391 1.2202417496 1.1234606633 1.1935588244 1.1949042799 1.0954814439 1.1184398876 1.0854349032 1.1566227171 1.0879006066 1.0854526783 3.3058308897 1.4294780227 1.0912581069 1.0854764720 1.9808273942 1.0857338158
1.1542911253 8.8068921202 1.2415173801 1.1061144877 1.0948296841 1.6419041755 1.8815143132 1.1471469643 1.0941926919 1.2026980328 4.2112306709 1.1062860558 1.1043188754 1.0859201881 1.1431637232 1.0885403080 9.9530893602 1.1696017275 1.0869922107 1.3884517936
1.1516280888 1.1164291840 1.1168804542 1.4122025583 1.1173637786 1.5217181373 6.8629313381 1.1365149072 1.1228472941 1.1731438932 1.1163878368 1.3389715378 2.6228287481 1.1164299399 1.1168123905 1.1164192348 1.1504320216 1.1590409108 1.1163955539 1.1233180806
1.0925728293 1.0854349809 1.1127637617 1.5730203969 1.0988498053 1.0859887175 2.1119099972 2.3230475381 1.0990274350 1.4155725595 1.0854354313 1.2074437634 1.0950200503 1.0855188789 6.6023162153 2.2545302223 1.0973102293 1.0854351276 1.0862579403 1.1112400084
1.7752315068 1.0859183671 1.3944546153 1.1506362257 1.2084199824 1.1903392015 1.0954778991 1.2743207513 1.1367903861 3.2572776130 1.0854348886 1.0874565700 4.1363461434 1.0963665910 1.0898160193 1.1556767118 1.1964976542 2.0887409457 1.9891963426 1.2142974737
1.0894752261 1.0854348053 1.1007213502 1.0872419980 1.0930235141 1.0856938249 1.0907797446 2.0242614196 2.0557974992 4.0139865367 1.0854348191 1.0854498685 1.0861749906 1.0854363349 1.0883595096 2.2006779142 1.0916773302 1.0854349504 1.0859054696 1.0877287825
1.2738405491 1.2660629118 1.4009974570 1.5667549805 2.9614649091 2.1786884312 3.4311700254 3.4795528354 1.1148977514 2.3464755689 2.0853927788 1.0870924295 1.2319299403 1.9133282125 1.0973702693 1.6467826080 1.5669427277 2.2869456831 1.0865871430 1.6864186766
1.1650838929 1.3137948898 1.1436976516 1.6326693960 2.1901626987 1.5886907777 3.5229184017 2.5912810977 1.1277325146 1.7136724997 2.1540350150 1.1138636049 1.3187849160 2.0168465607 1.1201862132 1.6277653376 1.4417032746 2.2682678218 1.1135552065 1.5439841180
1.3676392481 2.0714827253 1.3201840247 1.0906987273 3.1234518518 1.2149738816 1.0908373897 1.1694246052 1.1164029502 1.1319396341 1.0854378665 1.8430920400 1.0971963591 1.0868813844 1.3009917854 1.0866825802 1.1735515175 1.0855706232 1.0854417567 1.1668149376
1.0854396668 2.5978216784 1.0854351457 1.0854364416 1.0854349421 1.0854401403 1.0854350229 1.0854352872 1.0854352357 1.0854348569 1.4941707739 1.0854348037 1.0854352931 1.0854347954 1.0854348901 1.0854347970 1.1642477078 1.0854347972 1.0854347944 1.0854848186
1.9434139134 7.6039709859 1.2254375016 2.1855444751 1.1429540068 1.6537373853 1.3480226541 1.1122777491 1.0980701375 1.2128768950 4.9080951026 1.1147099542 1.1129042398 1.0881706750 1.0868453712 1.0854712701 1.4068805397 1.1534525651 1.0854363863 1.1404240805
1.1026872711 1.0854358033 2.7432824941 1.0909125196 1.1121630335 1.0857612163 1.0962536057 1.1093378006 1.5096453210 1.1051452888 1.0854348019 1.2010085247 1.0857662637 1.0854366772 1.0880599525 1.1944593687 1.0893210629 1.0854348018 1.6665508654 1.0865992158
1.3676392481 2.0714827253 1.3201840247 1.0906987273 3.1234518518 1.2149738816 1.0908373897 1.1694246052 1.1164029502 1.1319396341 1.0854378665 1.8430920400 1.0971963591 1.0868813844 1.3009917854 1.0866825802 1.1735515175 1.0855706232 1.0854417567 1.1668149376
1.0854396668 2.5978216784 1.0854351457 1.0854364416 1.0854349421 1.0854401403 1.0854350229 1.0854352872 1.0854352357 1.0854348569 1.4941707739 1.0854348037 1.0854352931 1.0854347954 1.0854348901 1.0854347970 1.1642477078 1.0854347972 1.0854347944 1.0854848186
1.9434139134 7.6039709859 1.2254375016 2.1855444751 1.1429540068 1.6537373853 1.3480226541 1.1122777491 1.0980701375 1.2128768950 4.9080951026 1.1147099542 1.1129042398 1.0881706750 1.0868453712 1.0854712701 1.4068805397 1.1534525651 1.0854363863 1.1404240805
1.9434139134 7.6039709859 1.2254375016 2.1855444751 1.1429540068 1.6537373853 1.3480226541 1.1122777491 1.0980701375 1.2128768950 4.9080951026 1.1147099542 1.1129042398 1.0881706750 1.0868453712 1.0854712701 1.4068805397 1.1534525651 1.0854363863 1.1404240805
1.0916394166 1.5622608478 1.2135771742 1.1202971450 1.0911751270 1.8849627616 1.1942289104 1.1673621737 1.1203866311 1.1807055687 1.0854360094 1.7847682637 1.1481293191 8.2402081772 1.0899550077 1.0855026653 1.2541259453 1.1558239080 1.0854350355 1.1527158011
1.4234353183 1.0854348021 1.0962421979 1.0854370782 1.0854433826 1.0854360292 1.0854406839 1.0854845663 1.0854396980 1.0854483874 1.0854347945 1.0854353991 1.0854358496 2.7324364278 1.0854348544 1.0854349297 1.0855038926 1.0854347958 1.0894453901 1.0854574111
1.1444438595 1.0860095026 2.6404113278 1.2426471195 1.3158072445 3.0372762712 1.1123615373 1.2764596708 4.1132901530 1.7078293858 1.0854348921 2.4199538703 1.0923438408 1.0854595207 1.4681791672 1.3240840166 1.1087432893 1.0856762436 3.1566182842 1.2056666917
1.4176746141 1.0859152650 1.1645621952 1.1581605233 1.1368831505 1.1115597292 1.0956299614 1.1993667977 1.1171679675 3.2768210760 1.0854348928 1.0866657640 4.0980173284 1.0964145480 1.0896053176 1.1577735880 1.1154183292 2.0885726518 1.9917034187 1.1353487704
1.0916394166 1.5622608478 1.2135771742 1.1202971450 1.0911751270 1.8849627616 1.1942289104 1.1673621737 1.1203866311 1.1807055687 1.0854360094 1.7847682637 1.1481293191 8.2402081772 1.0899550077 1.0855026653 1.2541259453 1.1558239080 1.0854350355 1.1527158011
1.1444438595 1.0860095026 2.6404113278 1.2426471195 1.3158072445 3.0372762712 1.1123615373 1.2764596708 4.1132901530 1.7078293858 1.0854348921 2.4199538703 1.0923438408 1.0854595207 1.4681791672 1.3240840166 1.1087432893 1.0856762436 3.1566182842 1.2056666917
3.5505632777 1.1572183029 1.0923699779 1.1273594974 1.8107081903 1.9598114069 1.0962008743 1.1290847805 1.1535517238 3.4104463444 1.0854349405 2.2973408079 1.2518054529 1.1100086772 1.6778064612 1.2983547739 1.1103979122 1.1195879911 1.0854419596 1.1852025360
1.2550317357 1.0863083195 3.3424829610 1.0919782660 1.1586691406 2.1617511071 1.0946541179 1.1275263656 1.1547261797 1.1207572202 1.0854348078 1.1878103570 1.0943719244 1.0854984793 1.2302764834 1.1746797366 1.1458029115 1.0857887044 1.6110117296 1.4141353412
1.3820731771 1.0966426377 1.2194455675 1.0901957777 1.0880785373 1.7003258756 1.0917608923 1.1195170200 1.0878375520 1.1908265252 1.2105958185 1.9555509154 1.0860796047 1.9757215595 1.0863922879 1.0854597841 1.1399684908 1.1582608272 1.0854349384 1.8585280996
1.7579822040 1.0854429578 1.1714099407 1.1776349875 2.1415494504 1.1519095418 1.0860909572 1.1733191639 1.2360944076 1.2125189364 1.0854363404 1.1883689216 1.1276330068 1.0857724639 1.1986402887 1.0916922581 1.2117563261 1.0854390864 1.0870125974 2.3529920519
1.1240293240 1.1216024280 1.1241913309 1.1242983283 1.1221988973 1.1443333076 1.1267016615 1.1313119911 1.1244532726 1.1283169624 1.2261580961 2.4611841649 2.1355821528 3.8600188678 1.1221021987 1.1216291374 1.1224096541 1.1245719750 1.1216027500 1.1419993880
1.1347967585 1.3126406319 2.6937077334 1.7160978139 3.9701710989 2.0789620982 1.4494012069 1.2612689445 3.2908612920 1.6421961288 2.1543636292 1.2733803112 1.0926377405 1.0854573229 1.2683217651 1.3192653835 1.6852814984 1.0857734794 1.0887663690 1.1053446826
1.0857040087 1.1266208300 1.0854469119 1.0912369690 1.0936666113 1.0855073945 1.0856367504 1.0877312325 1.0854744020 1.0854683724 11.2215794004 1.0854644295 1.0854400285 1.0854350806 1.0855060016 1.0855063487 1.8900180130 1.0854348077 1.0854347995 1.0863834963
1.5054734887 2.0853720283 3.1071832809 1.5144323746 1.9946965990 1.2361982882 4.7980363175 1.3773517072 1.2418177774 3.1632664248 1.1190795983 1.4295000559 1.1361788572 2.0855644224 1.5745722308 2.5368552532 1.3320932899 1.0856614575 3.0309768766 1.3543855599
1.1269030351 1.0855054443 1.1251122232 1.2062017478 1.2742831993 1.1168942969 1.1864188282 1.3349565510 1.1004515486 1.6160798543 1.0854349878 1.1427451475 1.0890991596 1.0854517417 4.1065956817 1.6282941032 1.1045543596 1.0854693081 1.0864738534 1.1217708172
1.0857040087 1.1266208300 1.0854469119 1.0912369690 1.0936666113 1.0855073945 1.0856367504 1.0877312325 1.0854744020 1.0854683724 11.2215794004 1.0854644295 1.0854400285 1.0854350806 1.0855060016 1.0855063487 1.8900180130 1.0854348077 1.0854347995 1.0863834963
1.5054734887 2.0853720283 3.1071832809 1.5144323746 1.9946965990 1.2361982882 4.7980363175 1.3773517072 1.2418177774 3.1632664248 1.1190795983 1.4295000559 1.1361788572 2.0855644224 1.5745722308 2.5368552532 1.3320932899 1.0856614575 3.0309768766 1.3543855599
1.1384714281 1.1215510370 2.5053934189 1.1261504534 1.1482352755 1.1218063042 1.1305676392 1.1222139277 1.1451774199 1.1286104092 1.1215497824 1.2368532675 1.1217933640 1.1215513481 1.1237334910 4.8032547884 1.1246493354 1.1215514120 1.1230556039 1.1225261828
6.4237940956 1.0854362195 1.1822217093 1.0862400935 1.1191591834 1.1240475194 1.0855952766 1.1283204508 1.0967916943 1.0961153326 1.0854348088 1.0859150965 1.0899324121 3.3205589914 1.0861418057 1.1027661807 1.1730159946 1.0854784658 1.0868362786 1.1648942795
1.0854649204 1.0854349448 1.0855599741 1.4872113008 1.0854653864 1.0855192070 2.6769358857 1.1949964179 1.0953274295 1.0885802699 1.0854353278 1.0854514631 1.0856607004 1.0854364112 2.0751226665 2.0853975939 1.0860856909 1.0854348334 1.0854347997 1.9787406652
1.3362892710 1.0854370319 2.3351557171 1.0948131230 1.1662959314 1.1468381890 1.1057168666 3.5792514567 1.1169690031 1.4415872733 1.0854348446 1.1354324225 1.0933026898 1.0855197527 1.0931479863 1.2966841449 1.1710339262 1.0855018998 1.0895691589 1.1647151997
2.4681250728 1.2722986255 1.2562360253 1.1713710563 1.1449598792 1.1554019338 1.0895753836 1.1659683583 1.1053008606 1.1071569302 1.0854349874 1.0870455502 1.0940406752 1.9810750742 1.0866700924 2.0986728728 1.5421405467 1.0855143756 1.0854409688 1.6262666194
1.1094918338 1.0859430759 1.0918964507 1.7381791052 2.5502221122 1.1343995438 1.4231885969 1.0965931184 1.1119103221 1.1278184566 1.0854355281 1.1796454514 1.0888650496 1.0854579794 1.3636956693 1.0869147992 1.0921971426 1.0854894383 1.0854348805 1.0859173344
1.0956468977 1.0854348293 1.1231844210 1.0903994385 1.1132930720 1.0873042175 1.0986510691 1.3060683777 2.5655523020 1.6639208071 1.0854348538 1.0854731539 1.0876825684 1.0854384700 1.0924475406 1.2055587355 1.1005856288 1.0854351691 2.5595483132 1.0916360234
1.1158194540 1.0855481515 1.0957012217 1.1694006305 2.2316585150 1.9639691427 1.0973883073 1.1016695474 1.2045065771 1.2315006469 1.0854348540 1.2508322373 1.0945107229 1.0854577436 1.4191183940 1.1197114965 1.0958740205 1.0861301966 1.0854352329 1.0890287960
1.0854409534 1.3622699497 1.0854352386 1.0854368757 1.0854349756 1.0854415161 1.0854350758 1.0854354175 1.0854353524 1.0854348733 1.7056741204 1.0854348061 1.0854354250 1.0854347957 1.0854349153 1.0854347977 1.1882791518 1.0854347955 1.0854347944 1.0854980583
1.0872930238 1.0854348459 1.0870010805 1.0854947029 1.0855500903 1.0856900819 1.0855539099 1.0964680787 1.0872561334 1.0897281968 1.0854348227 1.0863383598 1.0855748127 3.0404677353 1.0859699352 1.0854352579 1.0860819603 1.0854348495 1.0854348318 1.1070531791
1.9214057204 1.1076974562 1.6202987892 1.1805130636 1.1955627679 1.0868798149 1.1097054577 1.2819406638 1.1038629104 1.4429109848 1.4047935694 1.1374337537 1.0908413562 1.0854413535 5.7380415868 3.1211300839 1.7281532635 1.0854391058 1.0883183937 1.1783257932
1.3820731771 1.0966426377 1.2194455675 1.0901957777 1.0880785373 1.7003258756 1.0917608923 1.1195170200 1.0878375520 1.1908265252 1.2105958185 1.9555509154 1.0860796047 1.9757215595 1.0863922879 1.0854597841 1.1399684908 1.1582608272 1.0854349384 1.8585280996
1.0854526168 1.0856982875 1.0854808605 1.0854411305 1.0855164925 1.0854350246 1.0854372351 1.0854508238 1.0855744535 1.0854716116 2.0853923193 1.0857366669 1.0854395772 8.0845389323 1.0854348631 1.0854347996 1.0854539422 1.0854347955 1.0854347945 1.0854366615
1.0862456850 1.0854348179 1.0868945898 1.0854668609 1.0855939787 1.0855467480 1.0854913352 1.6227075427 1.0864602049 1.0879818852 1.0854348066 1.0858193283 1.0854979389 6.5295663297 1.0856674656 1.0854352087 1.0857336541 1.0854348220 1.0854348169 1.0968478694
1.0854526168 1.0856982875 1.0854808605 1.0854411305 1.0855164925 1.0854350246 1.0854372351 1.0854508238 1.0855744535 1.0854716116 2.0853923193 1.0857366669 1.0854395772 8.0845389323 1.0854348631 1.0854347996 1.0854539422 1.0854347955 1.0854347945 1.0854366615
1.4580128629 1.0854353199 1.8178591717 2.0943393856 1.0854518773 1.0857739292 1.0856407958 1.0855333648 3.0049713567 1.1615191035 1.0854348199 1.0856281826 5.5366156602 2.0859696500 1.0854653161 1.1046040188 1.1898072585 2.0854748108 2.3593287326 1.1258302715
1.1542911253 8.8068921202 1.2415173801 1.1061144877 1.0948296841 1.6419041755 1.8815143132 1.1471469643 1.0941926919 1.2026980328 4.2112306709 1.1062860558 1.1043188754 1.0859201881 1.1431637232 1.0885403080 9.9530893602 1.1696017275 1.0869922107 1.3884517936
1.1091412637 1.3110822817 1.0917608127 1.7375929461 2.6523707823 1.1333263915 1.4237280717 1.0964896558 1.1115750813 1.1269043682 2.1902680262 1.1770691710 1.0887961271 1.0854583485 1.3547136984 1.0868902121 1.6715608143 1.0854881039 1.0854348830 1.0890448488
1.5727554882 1.0854368526 1.1597430896 1.1806163687 1.1216045668 1.1051162006 1.0855556967 1.0949951562 1.0968078957 1.2360170565 1.0854348775 1.0863803736 1.0946269495 2.0859082785 1.0855072920 1.0930464130 1.1132468973 1.0854356897 3.0929030086 1.1475577370
1.2734334135 1.0855729811 1.1003978761 1.8395189171 2.2011294445 1.0876199198 1.4300712267 3.1152115075 1.1128683166 7.0935346603 1.0882818052 2.0927050998 1.0867226185 5.3314786077 1.0922454186 1.1194542342 1.0941761145 1.3662414469 2.9705009553 1.1275313246
1.0859001442 1.0854348030 1.0855863796 1.0860435324 1.0938623078 1.0866129546 1.0857461994 1.1009925553 1.3200803142 1.1031148760 1.0854347950 1.0854371989 1.0858894398 1.0854348010 1.0854398967 1.0854601601 1.0855347964 1.0854347975 2.8051632952 1.0860926416
1.5727554882 1.0854368526 1.1597430896 1.1806163687 1.1216045668 1.1051162006 1.0855556967 1.0949951562 1.0968078957 1.2360170565 1.0854348775 1.0863803736 1.0946269495 2.0859082785 1.0855072920 1.0930464130 1.1132468973 1.0854356897 3.0929030086 1.1475577370
1.2734334135 1.0855729811 1.1003978761 1.8395189171 2.2011294445 1.0876199198 1.4300712267 3.1152115075 1.1128683166 7.0935346603 1.0882818052 2.0927050998 1.0867226185 5.3314786077 1.0922454186 1.1194542342 1.0941761145 1.3662414469 2.9705009553 1.1275313246
1.2067639494 1.2835034748 1.1869121428 1.0903547643 1.0862839102 1.3539974714 1.1071565045 1.0963593605 1.0855594961 1.1672691990 1.0854357479 1.0854710763 1.3776207551 2.0858740990 1.9309175056 1.0854523866 1.1337474547 1.1412361677 1.0854378748 9.0333425478
1.9745971076 1.1385273289 1.6456782367 1.2117096958 1.2133164320 1.1160872420 1.1305024279 1.1520619082 1.1324950835 1.1215520900 1.4544448803 1.1735017383 1.1193588075 1.1150425108 5.9800979874 2.8312046460 1.7577427495 1.1150427437 1.1172908896 1.2084413827
1.9745971076 1.1385273289 1.6456782367 1.2117096958 1.2133164320 1.1160872420 1.1305024279 1.1520619082 1.1324950835 1.1215520900 1.4544448803 1.1735017383 1.1193588075 1.1150425108 5.9800979874 2.8312046460 1.7577427495 1.1150427437 1.1172908896 1.2084413827
1.1312692697 1.0855637593 2.0219331715 1.1122112439 1.7887212067 1.1441328976 1.1020355289 1.0919772954 1.2201762755 1.1375291693 1.0854439922 7.6322337934 1.0894299924 1.0854614509 1.4463060269 1.1789359863 1.0959270897 1.0854982083 1.0870168737 1.0868926568
1.1349523340 1.1420624777 1.3693041464 1.1339021263 1.1301027229 1.6417780485 1.1360957920 1.1472344738 1.1291009545 1.2438231337 1.1288994835 1.1289108527 1.1294377263 1.1291890287 1.1290265271 1.1289265256 1.1915993245 1.2153311991 2.1238108383 1.1952081729
1.1432860424 1.0854849561 1.8958103217 1.0879937520 1.1134521530 1.6424785181 1.0873663583 1.1127851961 1.1816039443 1.1642854611 1.0854348129 1.1867433583 1.3136228020 1.0854491071 1.0858905629 1.1050370353 1.1051529914 1.1367884578 7.9959815425 1.0940485151
1.9934954301 8.2405826532 5.1195176922 1.4298401186 3.5660355674 1.3452808639 1.1057682118 1.1986278873 1.1559735823 4.4299664115 1.2472671706 1.2455363415 1.1020973402 1.1019601386 1.4346481588 2.3816519114 2.4474541518 1.8715779374 2.0839863196 1.2074280003
1.2672361932 1.0855372332 3.3469134697 1.1692054627 2.4766810601 2.0670185961 1.1155906318 1.3136289255 1.2625800916 1.8709919766 1.0854349017 1.3566178184 1.1011811545 1.0855159873 1.3835502861 1.3338617522 1.1641315598 1.0861167525 1.9921721497 1.1447298859
1.2672361932 1.0855372332 3.3469134697 1.1692054627 2.4766810601 2.0670185961 1.1155906318 1.3136289255 1.2625800916 1.8709919766 1.0854349017 1.3566178184 1.1011811545 1.0855159873 1.3835502861 1.3338617522 1.1641315598 1.0861167525 1.9921721497 1.1447298859
1.1131702712 1.4636426004 1.1081497817 1.1163754049 1.2806427593 1.3354308587 1.3122791573 1.2409959633 1.1079248069 4.8607788518 1.0854350446 1.2375398087 1.1557182970 1.0858851989 1.6640870617 3.0263947868 1.2351801290 1.0854933195 1.0858455297 1.1077262569
1.2693820159 2.1109859663 1.3726619749 1.2495137533 1.2790081016 2.9222407024 1.1352448059 2.0836364302 1.1203649565 2.2341336937 2.3810214638 12.2828096359 1.1225027431 17.2709343505 1.0878730435 1.0856738436 1.2764236541 1.1282503250 1.0854414849 1.2105929433
1.9934954301 8.2405826532 5.1195176922 1.4298401186 3.5660355674 1.3452808639 1.1057682118 1.1986278873 1.1559735823 4.4299664115 1.2472671706 1.2455363415 1.1020973402 1.1019601386 1.4346481588 2.3816519114 2.4474541518 1.8715779374 2.0839863196 1.2074280003
1.2672361932 1.0855372332 3.3469134697 1.1692054627 2.4766810601 2.0670185961 1.1155906318 1.3136289255 1.2625800916 1.8709919766 1.0854349017 1.3566178184 1.1011811545 1.0855159873 1.3835502861 1.3338617522 1.1641315598 1.0861167525 1.9921721497 1.1447298859
1.9934954301 8.2405826532 5.1195176922 1.4298401186 3.5660355674 1.3452808639 1.1057682118 1.1986278873 1.1559735823 4.4299664115 1.2472671706 1.2455363415 1.1020973402 1.1019601386 1.4346481588 2.3816519114 2.4474541518 1.8715779374 2.0839863196 1.2074280003
1.2672361932 1.0855372332 3.3469134697 1.1692054627 2.4766810601 2.0670185961 1.1155906318 1.3136289255 1.2625800916 1.8709919766 1.0854349017 1.3566178184 1.1011811545 1.0855159873 1.3835502861 1.3338617522 1.1641315598 1.0861167525 1.9921721497 1.1447298859
