-84.38712
-157.59923
-157.59923
-157.59923
-43.27676
-57.49829
-82.09655
-43.27676
-43.27676
-57.49829
-68.48925
-98.79383
-68.48925
-68.48925
-98.79383
-53.47754
-25.39722
-55.22735
-122.60272
-25.39722
-36.21727
-116.59943
-73.28277
-83.56143
-125.61477
-55.22735
-122.60272
-122.60272
-95.37046
-57.49829
-116.59943
-128.78192
-63.40263
-76.68193
-86.60708
-83.56143
-65.91594
-114.65105
-61.03451
-120.19808
-23.72948
-38.45666
-19.86617
-42.90578
-56.07057
-31.04703
-43.13919
-38.45666
-56.07057
-38.45666
-40.20979
-31.04703
-60.85433
-36.57271
-18.72923
-27.07358
-40.20979
-31.04703
-17.48578
-75.50886
-36.57271
-17.48578
-67.41885
-58.94082
-184.67519
-62.76125
-68.01120
-84.95158
-81.27205
-20.81598
-34.62998
-36.89896
-38.46506
-53.00913
-84.38712
-85.09298
-114.65105
-114.65105
-85.09298
-38.46506
-100.82959
-148.90622
-60.85433
-121.28181
-82.09655
-60.85433
-16.75104
-191.45199
-27.30790
-58.57017
-53.00913
-57.00839
-81.54750
-35.41201
-25.69282
-83.61190
-25.69282
-71.02297
-201.72354
-83.61190
-59.84618
-53.62754
-59.84618
-67.22872
-59.84618
-83.61190
-38.45666
-201.72354
-69.87968
-124.95865
-73.74004
-71.02297
-60.85433
-83.61190
-60.85433
-60.85433
-15.29238
-83.61190
-30.58336
-91.79796
-30.58336
-114.20158
-60.37818
-60.03009
-81.54750
-30.32393
-33.25592
-30.32393
-11.15091
-57.32782
-76.88885
-8.04962
-73.74004
-27.21941
-62.14458
-27.50606
-67.41885
-56.60631
-121.28181
-67.41885
-56.41788
-9.40292
-53.00913
-56.60631
-56.41788
-67.41885
-121.28181
-95.98833
-6.73712
-6.73712
-43.45638
-55.74036
-35.82824
-60.85433
-59.84618
-77.45016
-67.41496
-77.45016
-67.41496
-17.24422
-45.72656
-48.45001
-69.87968
-45.72656
-16.66578
-68.46825
-9.47228
-177.72397
-25.83283
-111.99445
-58.94082
-82.17972
-67.41885
-62.72777
-67.41885
-76.68193
-47.82340
-62.72777
-76.68193
-40.55402
-32.87224
-24.87874
-47.82340
-47.82340
-47.82340
-60.85433
-158.72819
-47.82340
-70.47402
-31.91958
-43.27676
-55.71758
-67.70280
-67.70280
-30.36755
-60.37818
-61.03451
-116.59943
-26.35803
-128.72564
-43.27676
-26.35803
-43.27676
-43.45638
-115.52308
-21.83923
-61.03451
-83.56143
-26.35803
-32.35952
-30.17424
-20.38541
-10.19695
-148.90622
-85.09298
-48.48900
-32.35952
-30.17424
-85.09298
-48.48900
-67.41496
-35.98193
-36.41780
-39.24925
-13.66666
-32.35952
-48.45001
-10.19695
-20.38541
-30.17424
-32.35952
-13.66666
-133.29382
-36.41780
-48.45001
-56.79088
-84.38712
-221.16475
-173.80960
-84.38712
-173.80960
-173.80960
-23.71738
-38.26825
-23.71738
-173.80960
-83.61190
-33.23561
-30.62383
-12.67604
-17.08949
-30.18387
-12.37494
-66.15412
-22.17394
-101.96727
-30.83455
-35.98193
-17.37116
-69.17781
-27.21941
-45.01012
-70.01251
-21.16899
-53.95312
-73.74004
-83.56143
-58.57017
-32.87224
-53.95312
-83.56143
-160.01531
-65.17404
-55.22735
-131.82705
-32.87224
-62.23841
-58.57017
