-35.82278
-30.49876
-74.95591
-21.92344
-75.16305
-84.12016
-84.12016
-49.73477
-113.20183
-49.73477
-113.20183
-49.73477
-113.20183
-49.73477
-113.20183
-113.20183
-72.86987
-49.73477
-101.17926
-72.86987
-82.71572
-110.11611
-110.11611
-21.71640
-13.81562
-27.65616
-101.17926
-50.24624
-17.17912
-21.17991
-21.17991
-90.88763
-53.28459
-102.86698
-102.86698
-144.41093
-19.22345
-19.22345
-15.25839
-15.25839
-66.37131
-7.83523
-72.86987
-75.16305
-7.83523
-142.17847
-36.56157
-13.94105
-14.36476
-24.13047
-14.36476
-58.64099
-24.13047
-22.13552
-110.11611
-22.13552
-46.04383
-138.69065
-46.04383
-138.69065
-116.18789
-27.62954
-116.18789
-25.75903
-25.75903
-65.57994
-65.57994
-119.79914
-83.38839
-118.29288
-118.29288
-26.01373
-77.87039
-116.18789
-26.01373
-77.87039
-77.87039
-47.15409
-47.15409
-52.36181
-59.50568
-17.13236
-38.93667
-143.06713
-32.62177
-100.97092
-32.62177
-148.74482
-123.59119
-39.18572
-62.52808
-31.37244
-15.09798
-15.09798
-62.80547
-21.92344
-18.67238
-18.67238
-15.09798
-22.21010
-101.17926
-62.63452
-114.40728
-101.17926
-101.17926
-62.63452
-58.15398
-175.55577
-62.63452
-114.40728
-62.63452
-175.55577
-122.41544
-133.98746
-122.41544
-17.57333
-17.57333
-23.55305
-46.96490
-39.00561
-39.00561
-46.96490
-141.63548
-55.12790
-73.42577
-124.55499
-47.27970
-73.42577
-47.27970
-39.00561
-73.42577
-51.48840
-65.70177
-132.89143
-55.12790
-124.55499
-132.89143
-65.70177
-59.36839
-82.01794
-124.55499
-145.95603
-77.56597
-51.48840
-51.48840
-145.95603
-99.35175
-145.95603
-77.56597
-60.04057
-85.71492
-40.28656
-40.28656
-97.53032
-71.50377
-77.41177
-163.62489
-163.62489
-99.71621
-71.50377
-60.97728
-51.48840
-20.04586
-77.49205
-101.44220
-51.48840
-54.84594
-68.62881
-59.19760
-40.55084
-74.57686
-21.05349
-95.22094
-36.39168
-58.15398
-100.98552
-36.39168
-25.52123
-51.29225
-200.41663
-18.67238
-51.29225
-110.32633
-80.22207
-88.82806
-88.82806
-72.35755
-55.52346
-74.79321
-93.08764
-180.08254
-24.20680
-71.50377
-75.16305
-28.90545
-71.50377
-24.20680
-71.50377
-71.50377
-70.61280
-21.59879
-29.32601
-102.86698
-102.86698
-68.77088
-68.77088
-68.77088
-68.77088
-68.77088
-76.42281
-23.44238
-76.42281
-23.44238
-76.42281
-23.44238
-76.42281
-116.13330
-379.59590
-99.35175
-56.36530
-8.73141
-32.71631
-52.59056
-8.73141
-38.50699
-96.87505
-32.71631
-30.34639
-145.95603
-35.82278
-124.29284
-51.96729
-38.93667
-142.17847
-68.98360
-28.02432
-22.53096
-36.19094
-82.66018
-22.53096
-42.67747
-162.54831
-31.64954
-61.62936
-103.51594
-18.64010
-120.42666
-139.21677
-71.50377
-35.35840
-75.16305
-154.65795
-101.17926
-77.41177
-17.77717
-81.36677
-32.17236
-77.87039
-61.49726
-90.88925
-28.02432
-35.82278
-110.11611
-82.01794
-101.17926
-17.98682
-34.74179
-96.60155
-60.97728
-51.31994
-34.74179
-51.31994
-30.93929
-31.75116
-42.75168
-21.48666
-27.73554
-13.59589
-51.06018
-71.50377
-10.62734
-49.33130
-54.40696
-13.17561
-10.62734
-49.33130
-13.17561
-49.33130
-36.15522
-56.36530
-33.91257
-33.91257
-101.17926
-84.75073
-89.18054
-55.12790
-89.18054
-89.18054
-15.09798
-101.17926
-96.87505
-32.62177
-129.93181
-102.86698
-74.61768
-144.25577
-68.77088
-74.61768
-18.67238
-96.87505
-50.55202
-88.82806
-68.77088
-154.65795
-154.65795
-82.77860
-144.25577
-63.64812
-50.55202
-144.25577
-88.82806
