-91.21748
-161.12434
-37.26520
-20.02289
-161.12434
-38.17066
-79.35129
-70.99899
-62.75215
-15.51262
-70.99899
-50.09510
-97.15590
-50.09510
-97.15590
-24.36156
-97.15590
-50.09510
-75.31731
-124.13364
-17.92759
-69.09198
-53.06365
-27.72073
-53.06365
-28.76857
-79.35129
-69.09198
-79.35129
-79.35129
-67.72892
-36.95587
-80.20070
-36.90196
-45.87622
-35.15581
-45.87622
-64.85809
-45.87622
-35.15581
-45.87622
-73.44102
-42.74254
-28.65951
-65.57256
-122.82523
-145.56307
-23.35218
-128.66577
-19.01803
-25.18347
-13.26060
-12.23628
-29.20905
-64.19107
-25.19259
-21.86260
-13.01504
-19.71659
-55.15755
-43.00413
-33.26843
-53.40798
-38.42299
-27.72073
-21.86260
-55.15755
-43.00413
-33.26843
-53.40798
-38.42299
-27.72073
-64.19107
-22.22177
-43.00413
-23.65060
-20.43504
-47.86014
-17.65661
-28.19571
-73.34636
-19.77382
-33.55395
-24.83946
-30.12364
-26.93596
-17.18833
-28.71279
-16.03151
-12.64249
-9.34202
-21.06353
-33.55395
-24.83946
-47.86014
-17.65661
-28.19571
-21.06353
-73.34636
-19.77382
-33.55395
-24.83946
-22.64442
-16.54508
-79.35129
-69.09198
-73.70658
-15.33678
-5.04220
-60.84941
-13.86747
-40.87798
-86.12081
-38.17066
-41.45446
-28.76857
-112.15491
-8.42690
-33.47128
-8.42690
-69.09198
-101.48614
-30.79504
-58.71847
-124.13364
-30.79504
-69.09198
-58.71847
-124.13364
-33.47128
-58.71847
-124.13364
-56.98792
-55.41845
-100.94251
-105.81520
-28.19571
-5.04220
-41.80296
-65.57256
-25.51369
-9.95289
-12.23628
-33.55395
-33.55395
-79.35129
-79.35129
-73.70658
-89.52640
-49.58871
-89.52640
-91.77537
-37.41019
-22.06205
-149.69521
-28.65951
-114.52509
-28.65951
-89.52640
-79.35129
-37.71350
-69.09198
-175.59145
-111.53315
-30.79504
-31.90737
-122.04133
-15.33678
-5.04220
-17.92759
-27.32135
-132.11008
-122.04133
-15.33678
-122.04133
-15.33678
-49.86945
-37.26520
-142.57505
-93.31050
-52.00418
-93.31050
-87.48659
-71.33829
-35.52479
-11.06208
-104.53939
-109.41673
-42.35300
-164.75350
-24.61961
-50.85258
-104.53939
-109.41673
-22.06205
-10.43498
-91.21748
-49.58871
-24.39052
-21.49960
-34.98157
-41.45446
-28.19571
-17.65661
-28.19571
-28.22531
-55.45917
-28.22531
-55.45917
-31.08835
-29.11200
-60.36448
-13.26060
-56.40444
-26.95459
-60.36448
-9.85620
-76.68802
-9.40957
-13.75550
-19.71659
-73.48979
-15.57258
-17.18833
-73.48979
-56.12529
-48.02646
-37.99271
-135.32422
-27.99938
-38.17066
-49.58871
-21.06353
-33.12233
-24.61961
-33.26843
-25.17691
-52.00418
-19.77382
-37.45872
-96.48501
-78.26741
-19.19221
-91.77537
-194.31450
-194.31450
-91.77537
-91.77537
-38.12737
-91.77537
-194.31450
-91.77537
-194.31450
-73.70658
-53.06365
-36.95587
-65.50869
-53.07554
-21.55055
-124.13364
-50.49423
-37.61539
-37.61539
-65.50869
-17.18833
-48.92906
-24.61961
-27.33440
-29.95049
-29.95049
-22.48763
-103.30538
-150.31381
-52.18562
-51.58366
-41.31142
-79.58252
-161.58212
-27.30562
-10.80988
-67.72892
-14.54346
-27.30562
-10.80988
-67.72892
-67.72892
-46.62760
-12.29463
-57.51508
-47.85773
-46.62760
-57.51508
-43.34822
-21.30842
-24.22326
-20.00516
-123.82025
-66.35102
-46.90556
-97.30570
-26.64302
-46.90556
-97.30570
-125.14369
-42.54544
-26.15193
-23.35218
-28.65951
-16.74331
-22.06205
-12.64249
-5.04220
-8.00386
-49.58871
-24.22326
-34.81012
-26.95459
-34.81012
-82.25665
-103.30538
-24.36156
-25.37995
-97.71956
-8.67576
-25.37995
-97.71956
-81.05394
-145.82418
-145.82418
-35.32179
-111.75196
-36.86065
-126.89702
-28.76857
-28.76857
-37.26520
-175.59145
-126.89702
-28.76857
-126.89702
-28.76857
