-85.51955
-140.40422
-140.40422
-140.40422
-48.32216
-48.89846
-73.99130
-48.32216
-48.32216
-48.89846
-56.69260
-81.24830
-56.69260
-56.69260
-81.24830
-52.37446
-21.56213
-53.82868
-115.10558
-21.56213
-37.56834
-107.95833
-62.53636
-81.91330
-103.08341
-53.82868
-115.10558
-115.10558
-83.50980
-48.89846
-107.95833
-116.26570
-60.02494
-67.74507
-72.76627
-81.91330
-67.10865
-103.05885
-59.16071
-123.94753
-23.98650
-32.89595
-17.34443
-35.73083
-52.91900
-25.24176
-41.68352
-32.89595
-52.91900
-32.89595
-36.47188
-25.24176
-59.42670
-33.26733
-21.04883
-22.06213
-36.47188
-25.24176
-16.61508
-62.30724
-33.26733
-16.61508
-63.45651
-56.16082
-151.62850
-61.55894
-55.19491
-68.74507
-78.03565
-17.90505
-37.65441
-35.91506
-43.45117
-46.93563
-85.51955
-83.25206
-103.05885
-103.05885
-83.25206
-43.45117
-118.71569
-148.95589
-59.42670
-109.99321
-73.99130
-59.42670
-17.50941
-189.27470
-31.06682
-56.10734
-46.93563
-59.22805
-73.43306
-41.67901
-29.70836
-81.36033
-29.70836
-72.41805
-166.60177
-81.36033
-63.22879
-54.14001
-63.22879
-66.40902
-63.22879
-81.36033
-32.89595
-166.60177
-67.80077
-112.64640
-81.24196
-72.41805
-59.42670
-81.36033
-59.42670
-59.42670
-14.36996
-81.36033
-34.81193
-81.00687
-34.81193
-114.62043
-60.64437
-59.01723
-73.43306
-25.99083
-37.61246
-25.99083
-9.30602
-52.71987
-74.05606
-8.62313
-81.24196
-28.78334
-51.77182
-27.30885
-63.45651
-55.97685
-109.99321
-63.45651
-45.29374
-10.10820
-46.93563
-55.97685
-45.29374
-63.45651
-109.99321
-89.33497
-7.26111
-7.26111
-47.55691
-58.66478
-36.28002
-59.42670
-63.22879
-70.50412
-59.21917
-70.50412
-59.21917
-15.36260
-39.96445
-46.74094
-67.80077
-39.96445
-16.37907
-65.70020
-10.18180
-157.56988
-22.33984
-94.58304
-56.16082
-84.17374
-63.45651
-59.23195
-63.45651
-67.74507
-44.55214
-59.23195
-67.74507
-41.64486
-34.25887
-25.58413
-44.55214
-44.55214
-44.55214
-59.42670
-155.16678
-44.55214
-61.42354
-29.90964
-48.32216
-55.56348
-61.59252
-61.59252
-27.59921
-60.64437
-59.16071
-107.95833
-28.30736
-117.55771
-48.32216
-28.30736
-48.32216
-47.55691
-115.54672
-24.49257
-59.16071
-81.91330
-28.30736
-31.32996
-32.30892
-21.08642
-10.45474
-148.95589
-83.25206
-52.22940
-31.32996
-32.30892
-83.25206
-52.22940
-59.21917
-28.62460
-34.35782
-45.25573
-11.67814
-31.32996
-46.74094
-10.45474
-21.08642
-32.30892
-31.32996
-11.67814
-132.98442
-34.35782
-46.74094
-56.06948
-85.51955
-206.39935
-189.23629
-85.51955
-189.23629
-189.23629
-29.09827
-40.73816
-29.09827
-189.23629
-81.36033
-34.49572
-30.82938
-12.39846
-17.71161
-29.55698
-10.85048
-67.31677
-22.67026
-94.14891
-33.84466
-28.62460
-17.09575
-62.98418
-28.78334
-44.07393
-63.89782
-18.94631
-48.34083
-81.24196
-81.91330
-56.10734
-34.25887
-48.34083
-81.91330
-153.61629
-72.70169
-53.82868
-107.91468
-34.25887
-53.38333
-56.10734
