-89.02512
-160.44043
-46.26439
-24.23887
-160.44043
-39.98119
-76.80176
-77.22918
-56.61942
-15.95235
-77.22918
-54.92960
-93.41963
-54.92960
-93.41963
-23.52403
-93.41963
-54.92960
-92.58425
-140.41463
-18.20079
-64.86775
-47.85340
-27.12222
-47.85340
-35.86618
-76.80176
-64.86775
-76.80176
-76.80176
-65.61830
-41.16080
-86.45756
-33.10204
-50.93286
-32.92021
-50.93286
-75.57707
-50.93286
-32.92021
-50.93286
-74.68001
-40.04591
-29.55749
-62.94934
-121.71043
-146.52148
-23.79026
-128.27357
-18.51482
-24.66797
-14.12833
-12.29959
-32.50971
-66.70068
-26.56378
-25.00378
-12.36547
-23.25159
-58.48906
-43.11503
-36.83490
-50.00721
-36.93372
-27.12222
-25.00378
-58.48906
-43.11503
-36.83490
-50.00721
-36.93372
-27.12222
-66.70068
-24.48869
-43.11503
-23.63789
-19.33753
-50.73179
-17.91064
-27.85544
-72.37184
-19.92679
-39.35038
-27.99541
-36.64507
-30.42622
-17.30296
-29.18166
-17.75764
-14.62446
-11.09808
-18.82415
-39.35038
-27.99541
-50.73179
-17.91064
-27.85544
-18.82415
-72.37184
-19.92679
-39.35038
-27.99541
-21.10288
-20.08083
-76.80176
-64.86775
-69.12569
-17.44416
-5.50559
-61.32815
-11.57179
-36.52038
-83.73612
-39.98119
-49.12078
-35.86618
-103.67207
-9.28759
-36.41400
-9.28759
-64.86775
-101.31534
-35.10770
-68.60184
-140.41463
-35.10770
-64.86775
-68.60184
-140.41463
-36.41400
-68.60184
-140.41463
-52.38650
-61.62994
-103.53539
-106.48767
-27.85544
-5.50559
-45.70505
-62.94934
-32.70520
-10.35074
-12.29959
-39.35038
-39.35038
-76.80176
-76.80176
-69.12569
-90.04393
-46.90308
-90.04393
-83.57667
-39.04903
-19.57966
-153.08287
-29.55749
-112.09572
-29.55749
-90.04393
-76.80176
-37.30825
-64.86775
-179.24131
-113.49187
-35.10770
-31.19935
-128.10605
-17.44416
-5.50559
-18.20079
-27.67252
-136.75880
-128.10605
-17.44416
-128.10605
-17.44416
-50.60222
-46.26439
-142.66713
-101.54934
-58.31431
-101.54934
-83.73831
-67.99135
-37.33980
-10.64219
-113.12583
-112.90654
-42.12523
-160.78214
-21.73593
-49.15147
-113.12583
-112.90654
-19.57966
-11.18870
-89.02512
-46.90308
-26.21905
-28.14892
-34.00370
-49.12078
-27.85544
-17.91064
-27.85544
-34.16314
-54.77654
-34.16314
-54.77654
-30.63070
-31.82797
-52.35045
-14.12833
-55.10665
-27.31499
-52.35045
-10.32997
-69.02387
-10.47452
-15.08037
-23.25159
-72.42697
-12.36059
-17.30296
-72.42697
-58.24962
-55.29278
-46.27487
-142.67070
-28.09429
-39.98119
-46.90308
-18.82415
-31.48481
-21.73593
-36.83490
-22.39579
-58.31431
-19.92679
-37.93261
-90.79892
-80.89794
-20.00742
-83.57667
-198.59348
-198.59348
-83.57667
-83.57667
-36.19041
-83.57667
-198.59348
-83.57667
-198.59348
-69.12569
-47.85340
-41.16080
-72.22695
-52.37846
-21.84105
-140.41463
-47.21238
-38.71794
-38.71794
-72.22695
-17.30296
-49.53324
-21.73593
-26.01879
-35.27548
-35.27548
-23.55161
-102.25442
-149.32248
-52.80061
-42.68025
-38.55521
-91.87931
-168.39199
-24.57396
-11.21717
-65.61830
-12.33437
-24.57396
-11.21717
-65.61830
-65.61830
-50.76831
-11.04784
-57.09743
-39.71364
-50.76831
-57.09743
-50.29150
-22.08023
-25.86693
-19.84500
-128.50219
-62.29940
-49.85522
-93.71172
-24.98742
-49.85522
-93.71172
-129.13953
-40.94939
-25.42806
-23.79026
-29.55749
-15.01468
-19.57966
-14.62446
-5.50559
-8.42274
-46.90308
-25.86693
-37.49556
-27.31499
-37.49556
-71.07230
-102.25442
-23.52403
-26.84732
-105.73709
-9.88343
-26.84732
-105.73709
-73.48970
-142.97124
-142.97124
-34.85385
-114.02888
-39.76007
-122.84886
-35.86618
-35.86618
-46.26439
-179.24131
-122.84886
-35.86618
-122.84886
-35.86618
