32.3572611382 32.4377341195 32.4602341372 32.4065053041 32.3206642139 32.4093980976 32.4004800120 32.4708953187 32.7071054988 32.5119995836 32.3352261004 32.3559829716 32.3817883692 32.5076839863 32.4374158506 32.6006816537 32.9424831876 32.3269897228 32.1890193857 32.4685732968
32.4595546781 32.3910713637 32.3073717917 32.3916598777 32.4044320605 32.2944153997 32.2748765412 32.3816315879 32.3560777178 32.3565628899 32.3343722763 32.2370973764 32.4172610389 32.4439604843 32.2517802279 32.4116011502 32.5231897619 32.2735571221 32.2051777992 32.3124708029
32.8375719011 32.5284231756 32.4023007018 32.8161959458 32.8130196825 32.6160208617 32.8246938835 32.6049833658 32.7927270666 32.5512748995 32.2856328134 32.4899052204 32.5556435618 32.7315507381 32.5027801064 33.0839018010 33.1767744716 32.8014044627 32.5998504984 33.0134667907
32.4235497337 32.2436138088 32.3106800514 32.4006122877 32.3407648644 32.2869779325 32.3051176621 32.4462392482 32.3494515664 32.2595925702 32.2231758070 32.2349469773 32.2931212267 32.3013410281 32.2842858584 32.2600452107 32.3299005271 32.2278827943 32.1694384829 32.3373843105
32.9776458193 32.5274428672 32.4267109521 33.1312914054 32.7442158929 32.7451540853 32.6775058550 32.8334649034 32.6209266697 32.4700931928 33.3258576202 33.0337245571 33.2183800970 32.6023025750 32.6525564348 32.5048001682 32.7516211061 32.5427580498 32.2980568771 32.9436128196
32.6005000697 32.5755071255 32.9129832916 32.5638353304 32.9165760962 32.8134903151 32.6581253453 32.7654157197 32.4950742003 32.8362080428 32.4300245775 32.7153387552 32.7257360554 33.1329087071 32.5599980403 32.5968084337 33.0316618604 32.5831603274 35.2058751948 32.9088944601
32.6005000697 32.5755071255 32.9129832916 32.5638353304 32.9165760962 32.8134903151 32.6581253453 32.7654157197 32.4950742003 32.8362080428 32.4300245775 32.7153387552 32.7257360554 33.1329087071 32.5599980403 32.5968084337 33.0316618604 32.5831603274 35.2058751948 32.9088944601
32.4779592659 32.7348224586 32.6524614513 32.5322582346 32.5004714528 32.4095403272 32.3573622369 32.6872644726 32.4945304284 32.5883687056 33.1307980057 32.5412819096 32.6580805391 32.6367585076 32.5640281440 32.3488998211 32.5153041269 32.4941759839 32.3495948248 32.3541610517
33.0914637803 32.8619451022 32.7572962666 33.1204425914 33.0294633906 32.9218043303 33.1227829579 32.9731096347 33.4037593029 32.9602308050 32.5155944098 32.7410939785 32.8330805666 33.1379154686 32.8360012748 33.5901632414 34.0409572137 33.0237801346 32.6835768011 33.3836606972
32.4779592659 32.7348224586 32.6524614513 32.5322582346 32.5004714528 32.4095403272 32.3573622369 32.6872644726 32.4945304284 32.5883687056 33.1307980057 32.5412819096 32.6580805391 32.6367585076 32.5640281440 32.3488998211 32.5153041269 32.4941759839 32.3495948248 32.3541610517
33.0914637803 32.8619451022 32.7572962666 33.1204425914 33.0294633906 32.9218043303 33.1227829579 32.9731096347 33.4037593029 32.9602308050 32.5155944098 32.7410939785 32.8330805666 33.1379154686 32.8360012748 33.5901632414 34.0409572137 33.0237801346 32.6835768011 33.3836606972
32.4779592659 32.7348224586 32.6524614513 32.5322582346 32.5004714528 32.4095403272 32.3573622369 32.6872644726 32.4945304284 32.5883687056 33.1307980057 32.5412819096 32.6580805391 32.6367585076 32.5640281440 32.3488998211 32.5153041269 32.4941759839 32.3495948248 32.3541610517
33.0914637803 32.8619451022 32.7572962666 33.1204425914 33.0294633906 32.9218043303 33.1227829579 32.9731096347 33.4037593029 32.9602308050 32.5155944098 32.7410939785 32.8330805666 33.1379154686 32.8360012748 33.5901632414 34.0409572137 33.0237801346 32.6835768011 33.3836606972
32.4779592659 32.7348224586 32.6524614513 32.5322582346 32.5004714528 32.4095403272 32.3573622369 32.6872644726 32.4945304284 32.5883687056 33.1307980057 32.5412819096 32.6580805391 32.6367585076 32.5640281440 32.3488998211 32.5153041269 32.4941759839 32.3495948248 32.3541610517
33.0914637803 32.8619451022 32.7572962666 33.1204425914 33.0294633906 32.9218043303 33.1227829579 32.9731096347 33.4037593029 32.9602308050 32.5155944098 32.7410939785 32.8330805666 33.1379154686 32.8360012748 33.5901632414 34.0409572137 33.0237801346 32.6835768011 33.3836606972
33.0914637803 32.8619451022 32.7572962666 33.1204425914 33.0294633906 32.9218043303 33.1227829579 32.9731096347 33.4037593029 32.9602308050 32.5155944098 32.7410939785 32.8330805666 33.1379154686 32.8360012748 33.5901632414 34.0409572137 33.0237801346 32.6835768011 33.3836606972
32.8142913467 33.2294526133 32.8372190312 33.1412880348 32.9942617245 32.7915929106 32.9041973452 32.9275732842 33.0400532008 33.1283575625 32.7482852834 32.9525833498 32.9683908858 32.9589753972 32.8126413730 32.8096602317 33.0439922474 32.5844647923 32.4517281755 32.8891131583
32.4779592659 32.7348224586 32.6524614513 32.5322582346 32.5004714528 32.4095403272 32.3573622369 32.6872644726 32.4945304284 32.5883687056 33.1307980057 32.5412819096 32.6580805391 32.6367585076 32.5640281440 32.3488998211 32.5153041269 32.4941759839 32.3495948248 32.3541610517
32.6818388201 33.1168523144 32.7179030421 32.9766826976 32.8242235684 32.5578486008 32.8597846589 32.8608146496 32.8323182584 32.7131514624 33.1313044609 32.6581049530 32.7056789713 32.8686119726 32.8436665030 32.8735103907 32.8089727811 32.8788000528 36.4271535333 32.6909002569
32.8142913467 33.2294526133 32.8372190312 33.1412880348 32.9942617245 32.7915929106 32.9041973452 32.9275732842 33.0400532008 33.1283575625 32.7482852834 32.9525833498 32.9683908858 32.9589753972 32.8126413730 32.8096602317 33.0439922474 32.5844647923 32.4517281755 32.8891131583
32.4543420229 32.8372006413 35.1658532254 32.8844554712 32.5552496704 32.9464668981 32.9776560885 32.9277030465 32.7505303320 32.7285953399 32.9774511202 32.7065235297 32.8067965051 32.7437951494 32.8022487544 32.6724873482 32.7846555559 32.6886225672 34.1003959329 32.5170927490
32.9848103763 34.0453225091 32.9332042744 33.8508248785 33.1509870954 33.1852027741 33.5916677355 33.2866567982 33.9265502606 33.2788786232 32.9973839832 32.8451433157 32.8638086727 33.0757569860 33.0527064253 33.1227612305 33.5866944369 32.5850108810 32.5460331449 33.1187175465
32.9848103763 34.0453225091 32.9332042744 33.8508248785 33.1509870954 33.1852027741 33.5916677355 33.2866567982 33.9265502606 33.2788786232 32.9973839832 32.8451433157 32.8638086727 33.0757569860 33.0527064253 33.1227612305 33.5866944369 32.5850108810 32.5460331449 33.1187175465
32.2941271186 32.3246501379 32.4453177619 32.3931275536 32.3748144699 32.3659139289 32.3373956598 32.3970350614 32.2950368547 32.3789281169 32.3470577024 32.3925020265 32.4724431213 32.3945271428 32.2759215859 32.2518656141 32.4491407428 32.3521849029 32.1585182107 32.3276142351
32.2016463133 32.1541763334 32.3936144274 32.2743405305 32.3162091837 32.2510580988 32.2429857752 32.2239497106 32.2034882017 32.2796227283 32.1805396264 32.2520038507 32.2005871774 32.3530977578 32.1602819927 32.2445537838 32.2912240688 32.3108328040 32.2165117925 32.2773977912
32.3855054549 32.1817827250 32.2338552967 32.5213093146 32.4696288503 32.2631601107 32.3729921941 32.3041246852 32.5008353011 32.2677602194 32.1912212996 32.2135399259 32.3470580673 32.5934572944 32.2830905844 32.3649111917 32.4049667424 32.2277742753 32.4786990672 32.4224493481
32.6818388201 33.1168523144 32.7179030421 32.9766826976 32.8242235684 32.5578486008 32.8597846589 32.8608146496 32.8323182584 32.7131514624 33.1313044609 32.6581049530 32.7056789713 32.8686119726 32.8436665030 32.8735103907 32.8089727811 32.8788000528 36.4271535333 32.6909002569
32.6962675490 32.4046444091 32.4432727443 32.5795236146 32.3819003538 32.4181203268 32.6139996593 32.4214908282 32.2085166870 32.5771937919 32.4110388287 32.5522497547 32.9770335382 32.2944958181 33.0265589132 32.3417736753 32.4183369713 32.4962345902 32.4632530529 32.3022168417
32.3063140326 32.2472835554 32.2428476133 32.2800894158 32.2825569282 32.2520032333 32.2393256915 32.3965885745 32.1806117283 32.2603054611 32.1734625570 32.2027174090 32.1607773563 32.2131190520 32.3365748540 32.2027694291 32.3487012026 32.2061812816 32.1637523691 32.3321402036
32.3259290618 32.2616983839 32.3182189991 32.2790426243 32.2427246700 32.3695526119 32.3450717883 32.3368197225 32.1854846467 32.2894227033 32.2567291683 32.2425087604 32.3214108080 32.3565003105 32.2420021611 32.4166803284 32.4086298063 32.3609985921 32.2463955100 32.2223012912
32.3259290618 32.2616983839 32.3182189991 32.2790426243 32.2427246700 32.3695526119 32.3450717883 32.3368197225 32.1854846467 32.2894227033 32.2567291683 32.2425087604 32.3214108080 32.3565003105 32.2420021611 32.4166803284 32.4086298063 32.3609985921 32.2463955100 32.2223012912
32.9636415447 32.4062257728 33.1133709502 32.6998576880 32.6656520921 32.6158541778 33.0164448911 32.5923789149 32.6049972686 33.0275787642 32.4321761491 32.8752935717 32.6359855399 32.5102332452 32.9780146036 32.9825739644 32.6506775141 32.8582376581 33.5816026873 32.8173249506
32.4824922215 32.7653379122 32.5236830772 32.5892456705 32.7882437318 32.4058959649 32.3768804865 32.5118385466 33.1157107585 32.5515111185 32.7281763978 32.5220154217 32.3400897646 32.6052176574 32.9177640539 32.3677817573 32.3711117082 32.3975392138 32.1544145913 32.5131718941
33.1702063900 33.5092941592 32.9163751852 32.7980294392 33.3569565039 33.1574205598 32.8607502140 33.2054570100 32.9322676722 33.6300114410 33.0213115499 33.0125297970 32.7483694258 33.1106864715 33.4302001010 32.5727844444 33.2808815185 32.7557711497 32.4439843986 33.1148345172
33.1702063900 33.5092941592 32.9163751852 32.7980294392 33.3569565039 33.1574205598 32.8607502140 33.2054570100 32.9322676722 33.6300114410 33.0213115499 33.0125297970 32.7483694258 33.1106864715 33.4302001010 32.5727844444 33.2808815185 32.7557711497 32.4439843986 33.1148345172
32.6684424126 33.9430746500 33.3677455905 33.0968802931 33.6067455839 32.9379364979 33.1255822152 32.9967085451 33.9481669344 33.1783997461 40.0748779649 33.1246633291 32.7071830683 33.3025122398 33.0884235982 33.2220005501 33.0466058184 32.8234622732 32.6545525172 33.1141581204
32.2141338847 32.3511417046 32.1914287897 32.1590818017 32.3908184001 32.1963744414 32.1768652995 32.3056140363 32.3517264613 32.2638695370 32.4708765793 32.2636484657 32.1539967015 32.2295482220 32.3849672817 32.1592620630 32.1925067861 32.1821493377 32.1283955801 32.2617165748
32.2141338847 32.3511417046 32.1914287897 32.1590818017 32.3908184001 32.1963744414 32.1768652995 32.3056140363 32.3517264613 32.2638695370 32.4708765793 32.2636484657 32.1539967015 32.2295482220 32.3849672817 32.1592620630 32.1925067861 32.1821493377 32.1283955801 32.2617165748
32.2167822769 32.1346372192 32.1775453247 32.2135112997 32.2556177473 32.2356303813 32.2636325806 32.2089593805 32.2114825561 32.1718381981 32.1873489714 32.1509787255 32.1524622795 32.2347982042 32.1328175511 32.2008550315 32.1837948949 32.1835466305 33.2917627275 32.2201199677
32.2167822769 32.1346372192 32.1775453247 32.2135112997 32.2556177473 32.2356303813 32.2636325806 32.2089593805 32.2114825561 32.1718381981 32.1873489714 32.1509787255 32.1524622795 32.2347982042 32.1328175511 32.2008550315 32.1837948949 32.1835466305 33.2917627275 32.2201199677
32.8448327704 32.5360738983 32.6848164149 32.7547338639 32.7141470955 32.5879091925 32.7894978594 32.8818599375 32.6082981434 32.7230831597 32.4995151440 32.6411881660 32.4917226352 32.7355816396 32.6079553836 32.7316770033 32.5277807949 32.5041486284 34.4426595875 32.7206406301
32.1328210774 32.1771763350 32.1135100481 32.1153413656 32.1487089976 32.1050060808 32.1331719824 32.1523092458 32.1196327305 32.1147158494 32.1096242117 32.1251639295 32.1124696282 32.1525683612 32.1573649200 32.1691002087 32.1572100980 32.2033308485 32.3991858930 32.1297101369
32.8142913467 33.2294526133 32.8372190312 33.1412880348 32.9942617245 32.7915929106 32.9041973452 32.9275732842 33.0400532008 33.1283575625 32.7482852834 32.9525833498 32.9683908858 32.9589753972 32.8126413730 32.8096602317 33.0439922474 32.5844647923 32.4517281755 32.8891131583
32.9776458193 32.5274428672 32.4267109521 33.1312914054 32.7442158929 32.7451540853 32.6775058550 32.8334649034 32.6209266697 32.4700931928 33.3258576202 33.0337245571 33.2183800970 32.6023025750 32.6525564348 32.5048001682 32.7516211061 32.5427580498 32.2980568771 32.9436128196
32.1328210774 32.1771763350 32.1135100481 32.1153413656 32.1487089976 32.1050060808 32.1331719824 32.1523092458 32.1196327305 32.1147158494 32.1096242117 32.1251639295 32.1124696282 32.1525683612 32.1573649200 32.1691002087 32.1572100980 32.2033308485 32.3991858930 32.1297101369
32.3817040631 32.4628449690 32.3585025260 32.2988061183 32.5965581364 32.4078528428 32.4528565115 32.4506273782 32.4473686723 32.4694346770 32.8429734691 32.7345160555 32.6418786898 32.3584105046 32.3466953847 32.3349623152 32.5186176183 32.3962879642 48.1579008559 32.3693231964
32.4721549551 32.3158655554 32.3643439543 32.4764766113 32.3675000589 32.3933716207 32.4719702902 32.3784400249 32.2868739061 32.4040474319 32.4173514790 32.2843899179 32.4703582554 32.7544835970 32.4072174913 32.4073836734 32.3900870998 32.2588432415 32.2538828808 32.4530799033
32.2890564885 32.2806674547 32.4021898775 32.2434697617 32.2070664166 32.2330082861 32.2091842343 32.2268349418 32.2110880210 32.2075973270 32.2576254834 32.2580284493 32.3598306176 32.3536983844 32.2289719927 32.1698798854 32.2788370093 32.3142017081 32.1579970328 32.1388885760
32.2835065701 32.1571779015 32.1512999348 32.2266742578 32.2118226418 32.2293232029 32.1693776154 32.2011998567 32.3461448295 32.1397148879 32.1499353014 32.1536299553 32.1417526262 32.1845599909 32.1421689143 32.1084564767 32.1697470542 32.1230595026 32.5450174083 32.1935530198
32.2471758471 32.4128881059 32.2547004690 32.2848865983 32.3993767634 32.3371863627 32.3043353995 32.3111299498 32.7156603230 32.5146217773 32.3084084033 32.2649340490 32.1848738005 32.3289980674 32.2602622864 32.4341326217 32.4519749944 32.3959931818 32.1778386572 32.4387442903
32.2835065701 32.1571779015 32.1512999348 32.2266742578 32.2118226418 32.2293232029 32.1693776154 32.2011998567 32.3461448295 32.1397148879 32.1499353014 32.1536299553 32.1417526262 32.1845599909 32.1421689143 32.1084564767 32.1697470542 32.1230595026 32.5450174083 32.1935530198
32.4067805184 32.3387976206 32.3005570348 32.3412948586 32.3818675791 32.3348468357 32.3319140805 32.3565132592 32.4419985146 32.3727754487 32.3164246914 32.3492587690 32.3737372939 32.4642975814 32.3292406151 32.4365363061 32.3219995966 32.3210614465 37.1563761501 32.3518437477
32.2471758471 32.4128881059 32.2547004690 32.2848865983 32.3993767634 32.3371863627 32.3043353995 32.3111299498 32.7156603230 32.5146217773 32.3084084033 32.2649340490 32.1848738005 32.3289980674 32.2602622864 32.4341326217 32.4519749944 32.3959931818 32.1778386572 32.4387442903
32.4102592001 32.2857694581 32.3218523057 32.3953358432 32.3563315614 32.5428961768 32.4271760536 32.4863523753 32.3179867854 32.3550110462 32.3430530885 32.2986579667 32.4522658357 32.2562418828 32.4066948947 32.2598869355 32.3716200034 32.2280603835 32.2072662536 32.3054038982
32.9848103763 34.0453225091 32.9332042744 33.8508248785 33.1509870954 33.1852027741 33.5916677355 33.2866567982 33.9265502606 33.2788786232 32.9973839832 32.8451433157 32.8638086727 33.0757569860 33.0527064253 33.1227612305 33.5866944369 32.5850108810 32.5460331449 33.1187175465
32.4102592001 32.2857694581 32.3218523057 32.3953358432 32.3563315614 32.5428961768 32.4271760536 32.4863523753 32.3179867854 32.3550110462 32.3430530885 32.2986579667 32.4522658357 32.2562418828 32.4066948947 32.2598869355 32.3716200034 32.2280603835 32.2072662536 32.3054038982
32.7015061476 32.4216215850 32.4916200840 32.5960558779 32.5626379033 32.4640738038 32.5361260527 32.8560425506 32.4761615130 32.4992383783 32.2967501084 32.3853124879 32.4077604784 32.4465825118 32.5473178086 32.4078312896 32.6224855927 32.4294920185 32.2343789039 32.6451268524
33.4383334491 33.0916447687 34.0150281094 33.3712876683 33.0680968175 34.6607914634 32.9758176801 32.8702112856 33.1548469214 32.8990288861 33.6204603918 33.1451193727 33.0316555028 33.3147125361 33.3864246018 32.7211801774 33.1197876754 33.3871442170 32.5371572899 33.2193931339
32.7015061476 32.4216215850 32.4916200840 32.5960558779 32.5626379033 32.4640738038 32.5361260527 32.8560425506 32.4761615130 32.4992383783 32.2967501084 32.3853124879 32.4077604784 32.4465825118 32.5473178086 32.4078312896 32.6224855927 32.4294920185 32.2343789039 32.6451268524
33.4383334491 33.0916447687 34.0150281094 33.3712876683 33.0680968175 34.6607914634 32.9758176801 32.8702112856 33.1548469214 32.8990288861 33.6204603918 33.1451193727 33.0316555028 33.3147125361 33.3864246018 32.7211801774 33.1197876754 33.3871442170 32.5371572899 33.2193931339
33.5783038064 33.2057071032 33.4567029231 33.3104336204 33.3178946383 33.6085148054 33.1790323126 33.3831892894 32.9185178191 33.4575038812 33.1370774210 33.1614935399 33.1986103577 33.0681727702 33.4855334154 32.9926972629 33.5790024229 33.2846472100 32.6512893710 33.0537979784
32.4077011514 32.1890760863 32.3220795636 32.3124419601 32.2667682991 32.2096002482 32.3972835485 32.4320893482 32.4179535469 32.1620364027 32.2089370470 32.2489094526 32.4220414537 32.2106050140 32.3903528145 32.3576501782 32.3417185317 32.2204649697 32.2186054857 32.2918068464
33.5783038064 33.2057071032 33.4567029231 33.3104336204 33.3178946383 33.6085148054 33.1790323126 33.3831892894 32.9185178191 33.4575038812 33.1370774210 33.1614935399 33.1986103577 33.0681727702 33.4855334154 32.9926972629 33.5790024229 33.2846472100 32.6512893710 33.0537979784
32.4664195008 32.3320242900 32.3450095024 32.4888707885 32.3793097969 32.6580752193 32.4550063520 32.5112994772 32.3818614710 32.4539573479 32.3921369386 32.3810705473 32.4636468862 32.2946118633 32.5044185053 32.2609446771 32.3797459633 32.2857102197 32.2381882403 32.3558143610
32.4664195008 32.3320242900 32.3450095024 32.4888707885 32.3793097969 32.6580752193 32.4550063520 32.5112994772 32.3818614710 32.4539573479 32.3921369386 32.3810705473 32.4636468862 32.2946118633 32.5044185053 32.2609446771 32.3797459633 32.2857102197 32.2381882403 32.3558143610
32.8151024287 32.8598835433 32.4962879935 32.4664867313 32.9682741186 32.7919729023 32.5674146919 32.8485988440 32.5319188867 33.1709255894 32.5688099319 32.6682733912 32.5520356234 32.7208925529 33.1046510268 32.4118134794 32.7492902173 32.6187090328 32.3404866713 32.7762942916
32.8151024287 32.8598835433 32.4962879935 32.4664867313 32.9682741186 32.7919729023 32.5674146919 32.8485988440 32.5319188867 33.1709255894 32.5688099319 32.6682733912 32.5520356234 32.7208925529 33.1046510268 32.4118134794 32.7492902173 32.6187090328 32.3404866713 32.7762942916
33.3789111506 33.2706114397 32.9367225215 33.0975678632 33.9456780730 32.8437665551 33.2546407138 33.8084672380 32.9230572296 33.1551180851 32.8484404936 33.0859766473 33.1182396774 33.0550669915 33.4714134589 32.9387041166 33.3138564552 33.1944062695 33.0773511382 33.3101258307
32.9277476023 32.5778811435 32.9238803159 32.7017866018 32.7808440568 32.9548795230 32.8515540939 32.7398710397 32.5788215889 33.1710894439 32.8150477196 32.6435971805 32.6581808306 32.9926216848 32.8529050485 32.8556986111 32.6292089029 32.8610721566 32.4760624323 33.0353719716
33.7269945028 33.1758276251 32.8395958998 33.9497852886 33.3793678210 32.8430716530 33.7337122194 33.3591244918 33.0913310524 33.0848268853 33.8181178811 33.6935892974 34.0200509578 32.9365409936 33.0600670388 33.0938918703 33.4360744184 33.7614591631 32.6443566349 33.3803362535
33.7269945028 33.1758276251 32.8395958998 33.9497852886 33.3793678210 32.8430716530 33.7337122194 33.3591244918 33.0913310524 33.0848268853 33.8181178811 33.6935892974 34.0200509578 32.9365409936 33.0600670388 33.0938918703 33.4360744184 33.7614591631 32.6443566349 33.3803362535
32.2512590577 32.2328919450 32.3587581161 32.5895900182 32.4256679674 32.2679550514 32.4477220550 32.3778450660 32.5877349202 32.2990853403 32.2669904306 32.1719869078 32.3362545601 32.3501149109 32.2765828413 32.3302715691 32.3113366659 32.4369399160 32.2573877787 32.4517468307
32.8436371628 32.7098830622 32.8224533275 32.9087303338 32.8633479032 32.8278901511 32.8578551035 32.9428360302 33.2677280928 33.0726429157 32.6199165204 32.4755723339 32.9331359737 32.8546901258 32.6339272674 33.0780861449 32.9136988180 32.7491446644 32.6371918252 33.0157541918
33.5783038064 33.2057071032 33.4567029231 33.3104336204 33.3178946383 33.6085148054 33.1790323126 33.3831892894 32.9185178191 33.4575038812 33.1370774210 33.1614935399 33.1986103577 33.0681727702 33.4855334154 32.9926972629 33.5790024229 33.2846472100 32.6512893710 33.0537979784
32.2512590577 32.2328919450 32.3587581161 32.5895900182 32.4256679674 32.2679550514 32.4477220550 32.3778450660 32.5877349202 32.2990853403 32.2669904306 32.1719869078 32.3362545601 32.3501149109 32.2765828413 32.3302715691 32.3113366659 32.4369399160 32.2573877787 32.4517468307
32.8436371628 32.7098830622 32.8224533275 32.9087303338 32.8633479032 32.8278901511 32.8578551035 32.9428360302 33.2677280928 33.0726429157 32.6199165204 32.4755723339 32.9331359737 32.8546901258 32.6339272674 33.0780861449 32.9136988180 32.7491446644 32.6371918252 33.0157541918
32.8436371628 32.7098830622 32.8224533275 32.9087303338 32.8633479032 32.8278901511 32.8578551035 32.9428360302 33.2677280928 33.0726429157 32.6199165204 32.4755723339 32.9331359737 32.8546901258 32.6339272674 33.0780861449 32.9136988180 32.7491446644 32.6371918252 33.0157541918
32.4113968900 32.5556753056 32.4162319130 32.5599172675 32.5789354372 32.8882064717 32.5592070484 32.6201948137 34.2526783052 32.5580824306 32.4898361810 32.3847454504 32.5158374790 32.6449482079 32.4149372096 32.4638331897 32.5960068349 32.3518478742 32.2311293153 32.5344743233
32.4113968900 32.5556753056 32.4162319130 32.5599172675 32.5789354372 32.8882064717 32.5592070484 32.6201948137 34.2526783052 32.5580824306 32.4898361810 32.3847454504 32.5158374790 32.6449482079 32.4149372096 32.4638331897 32.5960068349 32.3518478742 32.2311293153 32.5344743233
32.4796270320 32.3255421975 32.4183998727 32.4322362807 32.5094600711 32.5709149221 32.5235656926 32.3595436925 32.3800088163 32.6096938775 32.2568449052 32.4262420322 32.3198219485 32.5678944810 32.2265788522 32.4908253917 32.3443531141 32.4837296370 33.8057713567 33.4970677744
32.5993380017 32.7596663497 32.8546617909 32.4317418919 32.6492485052 32.9626475490 32.6645806772 32.4470876483 32.8944048124 33.0568185503 32.5628116799 32.5801359462 32.6070328775 32.9907628435 32.8181784547 32.8103980520 32.6608859487 32.7599611326 32.9956650067 32.9220942300
32.4005423703 32.2075621198 32.2127788352 32.2178177122 32.2942244354 32.1356146792 32.2887389472 32.3062639619 32.2728040855 32.2638529153 32.3263252470 32.1562924852 32.2708755463 32.1985334865 32.2742802461 32.2437624590 32.2469794641 32.3574189835 32.1481059644 32.2053480041
32.7381324832 32.5200780179 32.3138695210 32.3269319649 32.8831984791 32.2737692153 32.3322551233 32.5426404383 32.5579719270 32.3991587182 32.1751628610 32.2813157080 32.2091423506 32.9931681709 32.1353763798 32.5497619208 32.3566045052 32.2543853672 32.7118668459 32.4733319507
33.5104553578 32.9892466174 33.3958692905 33.0855345372 33.3895104857 33.6052486976 33.3421033283 33.2754839820 32.8456088568 33.7713203748 33.1199113163 32.9780049356 33.0591992278 33.6051525867 33.4904055944 33.4970130945 33.3097278530 33.2750671530 32.7132680086 33.7699906503
32.5137278534 32.2665054071 32.4495895832 32.6152814465 32.6653657281 32.3630234261 32.3976808745 32.5510037526 32.3739120116 32.4624337385 32.3566247547 32.2236519798 32.3315521144 32.5195369193 32.3254797804 32.6077330261 32.3405469630 32.4596889942 32.5928896530 32.6118939417
32.9295167648 32.7154896370 34.6038786012 32.9191993113 32.9008607653 33.0072223486 32.8079430484 32.5972716670 33.0634048583 32.9534540545 32.7430731856 33.0122805014 32.7916820915 33.2068186227 32.8616298980 33.0505370471 32.8283568382 33.2723351008 34.0775140667 32.6856535398
32.5137278534 32.2665054071 32.4495895832 32.6152814465 32.6653657281 32.3630234261 32.3976808745 32.5510037526 32.3739120116 32.4624337385 32.3566247547 32.2236519798 32.3315521144 32.5195369193 32.3254797804 32.6077330261 32.3405469630 32.4596889942 32.5928896530 32.6118939417
32.7105788486 32.8691458433 32.6990840486 32.8094882318 32.5271301534 32.6938637227 32.5784664359 32.7527317034 32.4472680346 32.5634529034 32.4069808326 32.6659189046 32.3919148073 32.6035941509 32.6507759453 32.7569632017 32.5206779042 32.5963570423 32.2751927030 32.5085365308
32.3983287794 32.3882081161 32.3819157141 32.5227032648 32.2788551646 32.4274270645 32.5377903292 32.4669909298 32.2541917560 32.4433019472 32.3423159864 32.4288050213 32.5652440480 32.3346797107 32.4414136374 32.3631616680 32.4637110130 32.3619565166 32.2384800575 32.3886412237
32.4794126815 32.7027779887 32.4998954573 32.5245567288 32.4930453721 32.4609797060 32.5099958967 32.4008025717 32.7969283610 32.6276203801 32.4215964103 32.4800184860 32.3422497702 32.5448837611 32.4982736145 32.5798853453 32.4610349800 32.3703621472 32.2822249125 32.5515773775
32.5415887228 32.3618836724 32.5056963372 32.4092228749 32.5694065002 32.5458787324 33.0502884384 32.6413260456 32.6621780687 32.5389487097 32.3799927017 32.4978068057 32.9257945109 32.6829236047 32.7139701936 32.4887725866 32.6924435687 32.5186072625 32.4973930055 32.8039996059
32.3305232259 32.4199974411 32.4130692274 32.3965199012 32.4266074712 32.5016203820 32.3618991766 32.6379071652 32.5097486315 32.3015964221 32.4807887493 32.2522620850 32.4399033402 32.4252834410 32.4665813261 32.3520161798 32.3623895817 32.3600411741 32.2408351944 32.3485318325
32.3419845526 32.1832143111 32.2201845448 32.2384395409 32.2987871727 32.2017040061 32.2999864194 32.3124065371 32.1850841860 32.2785756387 32.2818675538 32.1603188601 32.3623794113 32.1979313437 32.1927883551 32.2662859639 32.3079394487 32.2798417512 32.1584615163 32.2599408347
32.3419845526 32.1832143111 32.2201845448 32.2384395409 32.2987871727 32.2017040061 32.2999864194 32.3124065371 32.1850841860 32.2785756387 32.2818675538 32.1603188601 32.3623794113 32.1979313437 32.1927883551 32.2662859639 32.3079394487 32.2798417512 32.1584615163 32.2599408347
33.4453307274 32.5461191562 32.5833759758 32.4995039220 32.5541663327 32.4203022713 32.7332561574 32.5352471111 32.2917649335 32.8705385739 32.4735140894 32.8452010637 32.4190202205 32.4125906933 32.7229788205 32.6718057993 32.5907635902 32.6067962048 32.3468390272 32.4590072779
32.4235497337 32.2436138088 32.3106800514 32.4006122877 32.3407648644 32.2869779325 32.3051176621 32.4462392482 32.3494515664 32.2595925702 32.2231758070 32.2349469773 32.2931212267 32.3013410281 32.2842858584 32.2600452107 32.3299005271 32.2278827943 32.1694384829 32.3373843105
32.3447447282 32.3929422619 32.2838804911 32.2141924040 32.4387758808 32.3120610767 32.3032541496 32.4076985129 32.1841671583 32.3492234370 32.2445691707 32.3367153454 32.2247784752 32.2693807845 32.4637556384 32.2237985531 32.2819968934 32.2811765136 32.1624068255 32.3086036481
32.3447447282 32.3929422619 32.2838804911 32.2141924040 32.4387758808 32.3120610767 32.3032541496 32.4076985129 32.1841671583 32.3492234370 32.2445691707 32.3367153454 32.2247784752 32.2693807845 32.4637556384 32.2237985531 32.2819968934 32.2811765136 32.1624068255 32.3086036481
32.3419845526 32.1832143111 32.2201845448 32.2384395409 32.2987871727 32.2017040061 32.2999864194 32.3124065371 32.1850841860 32.2785756387 32.2818675538 32.1603188601 32.3623794113 32.1979313437 32.1927883551 32.2662859639 32.3079394487 32.2798417512 32.1584615163 32.2599408347
32.4259091943 32.2668356223 32.3178995317 32.4093250793 32.5166530922 32.2875275812 32.3710631815 32.7149419195 32.2663746130 32.2521902133 32.2821139112 32.2908503749 32.4264461493 32.2352328219 32.3148635218 32.2461870193 32.4292168594 32.3447506376 32.1947726110 32.4349680137
32.6818388201 33.1168523144 32.7179030421 32.9766826976 32.8242235684 32.5578486008 32.8597846589 32.8608146496 32.8323182584 32.7131514624 33.1313044609 32.6581049530 32.7056789713 32.8686119726 32.8436665030 32.8735103907 32.8089727811 32.8788000528 36.4271535333 32.6909002569
32.7840388378 33.1387035105 32.6118665660 33.0816616223 32.8191372532 32.6326319187 32.7418094918 32.8708498471 32.5799742715 32.8363074215 32.5845881364 32.7603470555 32.7708152830 32.6430847513 32.7855134296 32.6315412408 32.9865367471 32.5748729096 32.3726350715 32.8212065831
33.2498309902 33.2929388407 32.9612471251 33.6109986889 33.3327144944 33.0064016444 33.0217351827 33.3493940518 33.1839184600 33.2791616147 32.9151857063 33.2059752125 33.1366562102 33.2491385550 33.0716753386 32.9045328828 33.1309308826 32.7590284276 34.0931620814 33.2734955584
32.6818388201 33.1168523144 32.7179030421 32.9766826976 32.8242235684 32.5578486008 32.8597846589 32.8608146496 32.8323182584 32.7131514624 33.1313044609 32.6581049530 32.7056789713 32.8686119726 32.8436665030 32.8735103907 32.8089727811 32.8788000528 36.4271535333 32.6909002569
32.6818388201 33.1168523144 32.7179030421 32.9766826976 32.8242235684 32.5578486008 32.8597846589 32.8608146496 32.8323182584 32.7131514624 33.1313044609 32.6581049530 32.7056789713 32.8686119726 32.8436665030 32.8735103907 32.8089727811 32.8788000528 36.4271535333 32.6909002569
32.7840388378 33.1387035105 32.6118665660 33.0816616223 32.8191372532 32.6326319187 32.7418094918 32.8708498471 32.5799742715 32.8363074215 32.5845881364 32.7603470555 32.7708152830 32.6430847513 32.7855134296 32.6315412408 32.9865367471 32.5748729096 32.3726350715 32.8212065831
32.6361100466 32.5776762850 32.3660346098 33.0704715327 32.6540336618 32.5692394773 32.6353912611 32.5460322681 33.4626939658 32.3916516824 32.4150723233 32.5189880476 32.3566248528 32.7735168021 32.6707992546 32.4206654227 32.4977582352 32.5541332094 32.3981883829 32.5130406269
33.8671673120 33.2845414385 33.2089721219 34.9937394552 33.5826721426 33.4320904880 33.4936872875 33.6554626036 34.2469039582 33.3743249569 33.4582222887 33.5630149162 33.4917319580 34.0011363088 34.2884300141 33.5043405533 33.6924278954 33.3004506216 32.8916978784 33.6971077492
32.7840388378 33.1387035105 32.6118665660 33.0816616223 32.8191372532 32.6326319187 32.7418094918 32.8708498471 32.5799742715 32.8363074215 32.5845881364 32.7603470555 32.7708152830 32.6430847513 32.7855134296 32.6315412408 32.9865367471 32.5748729096 32.3726350715 32.8212065831
33.2498309902 33.2929388407 32.9612471251 33.6109986889 33.3327144944 33.0064016444 33.0217351827 33.3493940518 33.1839184600 33.2791616147 32.9151857063 33.2059752125 33.1366562102 33.2491385550 33.0716753386 32.9045328828 33.1309308826 32.7590284276 34.0931620814 33.2734955584
32.7840388378 33.1387035105 32.6118665660 33.0816616223 32.8191372532 32.6326319187 32.7418094918 32.8708498471 32.5799742715 32.8363074215 32.5845881364 32.7603470555 32.7708152830 32.6430847513 32.7855134296 32.6315412408 32.9865367471 32.5748729096 32.3726350715 32.8212065831
33.8671673120 33.2845414385 33.2089721219 34.9937394552 33.5826721426 33.4320904880 33.4936872875 33.6554626036 34.2469039582 33.3743249569 33.4582222887 33.5630149162 33.4917319580 34.0011363088 34.2884300141 33.5043405533 33.6924278954 33.3004506216 32.8916978784 33.6971077492
32.8800995816 33.3597518576 35.9121250285 33.3690020769 32.9156047120 33.5522696248 33.6567956040 33.3763722880 33.1483656198 33.0474289987 33.3798457481 33.0440748101 33.1809815276 33.0042651019 33.2428087190 33.2122724510 33.2227571915 33.1056851464 34.4598366492 32.9577792116
32.3591084627 32.2940497375 32.3946818156 32.2335056663 32.3994925817 32.3778564905 32.6736900414 32.4285066501 32.3428016953 32.4221880643 32.3067407680 32.3121109218 32.4906459890 32.5238517692 32.3999535322 32.3153450291 32.3997650535 32.4455767365 32.3297885330 32.5784624102
32.8800995816 33.3597518576 35.9121250285 33.3690020769 32.9156047120 33.5522696248 33.6567956040 33.3763722880 33.1483656198 33.0474289987 33.3798457481 33.0440748101 33.1809815276 33.0042651019 33.2428087190 33.2122724510 33.2227571915 33.1056851464 34.4598366492 32.9577792116
32.2406078731 32.2881350513 32.2552317908 32.4404265280 32.2556471815 32.2002614587 32.2829041028 32.3833406747 32.1781791772 32.1998773384 32.2942513623 32.3145296402 32.2428178426 32.1630247351 32.2468125847 32.3301288499 32.2220801168 32.1744727526 32.1388218916 32.1765709961
32.2406078731 32.2881350513 32.2552317908 32.4404265280 32.2556471815 32.2002614587 32.2829041028 32.3833406747 32.1781791772 32.1998773384 32.2942513623 32.3145296402 32.2428178426 32.1630247351 32.2468125847 32.3301288499 32.2220801168 32.1744727526 32.1388218916 32.1765709961
32.4333733193 32.2708411687 32.3467559084 32.3646444441 32.3582457776 32.2603122765 32.4219169251 32.4483681896 32.1890342590 32.4647943337 32.3018957040 32.3113583587 32.4375879778 32.3553082648 32.3805108249 32.4132969937 32.4198481570 32.3569400456 32.1920301273 32.3010588925
32.6179649918 32.4615449847 32.5592499308 32.5672125648 32.6038820290 32.6165824356 32.4977453987 32.8332999458 32.5644717695 32.4107834041 32.6244332177 32.3118815884 32.7129880549 32.6658963230 32.5615052332 32.5518040528 32.5834655556 32.4928492553 32.3373140027 32.4532472099
32.5516730828 32.6546889170 32.4584180039 32.5305217245 32.4716691423 32.2776171007 32.5262431222 32.7167022505 32.4132756317 32.5642955046 32.3795736254 32.3787380574 32.3966049359 32.8995833053 32.4823543108 32.7299190062 32.4267872666 32.3220630633 32.3996357032 32.4477581941
32.5516730828 32.6546889170 32.4584180039 32.5305217245 32.4716691423 32.2776171007 32.5262431222 32.7167022505 32.4132756317 32.5642955046 32.3795736254 32.3787380574 32.3966049359 32.8995833053 32.4823543108 32.7299190062 32.4267872666 32.3220630633 32.3996357032 32.4477581941
32.6179649918 32.4615449847 32.5592499308 32.5672125648 32.6038820290 32.6165824356 32.4977453987 32.8332999458 32.5644717695 32.4107834041 32.6244332177 32.3118815884 32.7129880549 32.6658963230 32.5615052332 32.5518040528 32.5834655556 32.4928492553 32.3373140027 32.4532472099
33.8215909194 34.1287931170 33.2054377406 33.2863964670 33.5313541434 33.4416179867 33.2655377691 33.6763266866 33.4104262759 33.6234690811 32.9634562072 32.9407768707 33.0606862786 33.5070274701 33.7305391410 33.3252103784 33.7077374058 33.0629828538 32.6786343105 34.6601208453
32.4274224647 32.6607605116 32.8260174020 32.7570493743 32.5131809222 32.5350724624 32.5920406007 32.5360360470 32.5131569642 32.2868669343 32.8752094831 32.4896756841 32.4733449400 32.6487262929 32.7443349355 32.4137570677 32.4186953806 32.3820838796 32.4101191233 32.5245714780
32.8591854820 32.9023336375 32.8220452752 33.0645863142 32.8405751594 32.7032067911 32.7414611446 32.8791753582 32.6811608381 32.5635125940 32.6530962014 32.8219416630 32.6336907864 32.9862485969 33.0480644051 32.8485435812 32.9342293282 32.8104985014 32.4643663772 32.7701999131
33.6200310688 34.0152035825 33.0910312745 33.1891499709 33.3982434475 33.3887925663 33.1775753555 33.5012791048 33.2143423855 33.3837198170 32.9241815339 32.8612221477 32.9584302016 33.3168310986 33.4415813817 33.2254918221 33.5182774041 32.9130936654 32.6283697397 34.2612743801
32.3337378180 32.9373845000 32.6204450440 32.3968341722 32.7627659620 32.4057085978 32.3929082664 32.3925914505 32.6956122948 32.6404231578 33.9185271884 32.6051969956 32.2410843397 32.4884332849 32.5793414315 32.2649405135 32.4312790755 32.2146103623 32.2473781372 32.4589193560
32.8591854820 32.9023336375 32.8220452752 33.0645863142 32.8405751594 32.7032067911 32.7414611446 32.8791753582 32.6811608381 32.5635125940 32.6530962014 32.8219416630 32.6336907864 32.9862485969 33.0480644051 32.8485435812 32.9342293282 32.8104985014 32.4643663772 32.7701999131
32.3337378180 32.9373845000 32.6204450440 32.3968341722 32.7627659620 32.4057085978 32.3929082664 32.3925914505 32.6956122948 32.6404231578 33.9185271884 32.6051969956 32.2410843397 32.4884332849 32.5793414315 32.2649405135 32.4312790755 32.2146103623 32.2473781372 32.4589193560
32.5516730828 32.6546889170 32.4584180039 32.5305217245 32.4716691423 32.2776171007 32.5262431222 32.7167022505 32.4132756317 32.5642955046 32.3795736254 32.3787380574 32.3966049359 32.8995833053 32.4823543108 32.7299190062 32.4267872666 32.3220630633 32.3996357032 32.4477581941
32.8591854820 32.9023336375 32.8220452752 33.0645863142 32.8405751594 32.7032067911 32.7414611446 32.8791753582 32.6811608381 32.5635125940 32.6530962014 32.8219416630 32.6336907864 32.9862485969 33.0480644051 32.8485435812 32.9342293282 32.8104985014 32.4643663772 32.7701999131
32.6476144404 32.5046345067 32.5007577851 32.5974723365 32.7018802725 32.3670824224 32.5193364606 32.5530077731 32.6843318706 32.6724000329 32.5695616852 32.3957785728 32.4298298449 32.6964503294 32.5609416780 32.7370122519 32.4166443481 32.5785999440 32.3268980286 32.5678873646
32.3982476756 32.9497952151 32.5529694266 32.6519020855 32.8739520129 32.5806986814 32.5720457739 32.5662135505 33.2003868652 32.5676331294 34.2111526050 32.5048820978 32.4077256064 32.7392831263 32.5101025012 32.6189520183 32.4791132993 32.5874222404 32.4455525994 32.6100914379
34.1967604898 33.0335581504 33.1183422713 33.2833496755 33.0952339115 32.8864530223 33.5215813967 33.2761861359 32.6020190485 33.6522462109 33.1701020627 33.6254338683 33.6730521529 32.9862165579 33.9091038901 33.2287285014 33.0930890799 33.2084053561 32.5222926411 32.9459675250
32.4274224647 32.6607605116 32.8260174020 32.7570493743 32.5131809222 32.5350724624 32.5920406007 32.5360360470 32.5131569642 32.2868669343 32.8752094831 32.4896756841 32.4733449400 32.6487262929 32.7443349355 32.4137570677 32.4186953806 32.3820838796 32.4101191233 32.5245714780
33.6200310688 34.0152035825 33.0910312745 33.1891499709 33.3982434475 33.3887925663 33.1775753555 33.5012791048 33.2143423855 33.3837198170 32.9241815339 32.8612221477 32.9584302016 33.3168310986 33.4415813817 33.2254918221 33.5182774041 32.9130936654 32.6283697397 34.2612743801
34.1967604898 33.0335581504 33.1183422713 33.2833496755 33.0952339115 32.8864530223 33.5215813967 33.2761861359 32.6020190485 33.6522462109 33.1701020627 33.6254338683 33.6730521529 32.9862165579 33.9091038901 33.2287285014 33.0930890799 33.2084053561 32.5222926411 32.9459675250
32.3982476756 32.9497952151 32.5529694266 32.6519020855 32.8739520129 32.5806986814 32.5720457739 32.5662135505 33.2003868652 32.5676331294 34.2111526050 32.5048820978 32.4077256064 32.7392831263 32.5101025012 32.6189520183 32.4791132993 32.5874222404 32.4455525994 32.6100914379
32.3869671244 32.4395259411 33.5366238127 32.6549298619 32.3831085838 32.8902581281 32.4264288119 32.4217495666 32.5054375890 32.6962197586 32.5989119381 32.6070304796 32.4862406262 32.7389028115 32.5938478080 32.4268007879 32.6906697269 32.4460532552 33.4941944187 32.6042209180
32.9568544163 33.2009401899 32.6916549870 32.6107381581 33.1112091606 32.9023571270 32.7248577073 32.9409507617 32.7386625872 33.3724239905 32.8213638762 32.8455360617 32.5688345192 32.8926328392 33.1741854282 32.4733618006 33.0088306812 32.6649272533 32.3917210084 32.9360793948
33.6200310688 34.0152035825 33.0910312745 33.1891499709 33.3982434475 33.3887925663 33.1775753555 33.5012791048 33.2143423855 33.3837198170 32.9241815339 32.8612221477 32.9584302016 33.3168310986 33.4415813817 33.2254918221 33.5182774041 32.9130936654 32.6283697397 34.2612743801
33.2087907364 32.5077654830 32.6127597821 32.8787725088 33.1643264992 33.1062860198 33.0405769805 33.1754708926 33.0860613995 33.2216493198 32.9401567370 32.8728453608 33.1691227215 33.2833257428 32.4872289574 33.0012993520 33.2237537684 32.9114061547 35.5430748063 38.5934487257
32.7016421954 32.5499245520 32.5562683734 32.8964307695 32.8969991168 32.6013119214 32.5799255354 34.5012294193 32.9660202542 32.5029419281 32.7543009202 32.2882954418 32.7731045861 32.8206406711 32.4291878135 32.7420106748 32.6329177225 32.7282717977 32.3726814961 32.7340167590
32.6476144404 32.5046345067 32.5007577851 32.5974723365 32.7018802725 32.3670824224 32.5193364606 32.5530077731 32.6843318706 32.6724000329 32.5695616852 32.3957785728 32.4298298449 32.6964503294 32.5609416780 32.7370122519 32.4166443481 32.5785999440 32.3268980286 32.5678873646
32.6476144404 32.5046345067 32.5007577851 32.5974723365 32.7018802725 32.3670824224 32.5193364606 32.5530077731 32.6843318706 32.6724000329 32.5695616852 32.3957785728 32.4298298449 32.6964503294 32.5609416780 32.7370122519 32.4166443481 32.5785999440 32.3268980286 32.5678873646
33.2087907364 32.5077654830 32.6127597821 32.8787725088 33.1643264992 33.1062860198 33.0405769805 33.1754708926 33.0860613995 33.2216493198 32.9401567370 32.8728453608 33.1691227215 33.2833257428 32.4872289574 33.0012993520 33.2237537684 32.9114061547 35.5430748063 38.5934487257
33.1468232278 33.2653981480 33.0246039768 33.2111205522 33.1140029686 32.8444719439 33.2393738738 33.6428460225 32.7961827871 33.2232589108 32.8115831794 32.8689030491 32.9429112596 33.5578164602 33.2799866770 33.4032147549 33.2466648040 32.7685470137 32.5665741417 33.0738381972
33.2087907364 32.5077654830 32.6127597821 32.8787725088 33.1643264992 33.1062860198 33.0405769805 33.1754708926 33.0860613995 33.2216493198 32.9401567370 32.8728453608 33.1691227215 33.2833257428 32.4872289574 33.0012993520 33.2237537684 32.9114061547 35.5430748063 38.5934487257
32.7016421954 32.5499245520 32.5562683734 32.8964307695 32.8969991168 32.6013119214 32.5799255354 34.5012294193 32.9660202542 32.5029419281 32.7543009202 32.2882954418 32.7731045861 32.8206406711 32.4291878135 32.7420106748 32.6329177225 32.7282717977 32.3726814961 32.7340167590
32.3637704421 32.5346969514 33.0453314867 32.8113477378 32.7283083584 32.4313523467 32.4645167818 32.4975809703 32.4701508176 33.0826874011 32.6070979229 32.5487050411 32.4484238119 32.5371739664 32.5441473821 32.7163638474 32.4438449223 32.4424782371 33.7303799864 32.5797635368
32.8357769286 32.6294203355 32.6279652002 32.6063303437 32.5879226457 32.9707936372 33.3497680813 32.8817031930 32.4059744253 32.7873969866 32.4797777843 32.6004573830 32.5992076912 33.1486978352 32.6901158537 33.1376330605 32.9455054741 32.9141931601 32.3314466630 32.4980352660
32.6050953029 32.6231139292 32.2814623747 32.4185899193 32.5611689708 32.3439565986 32.5101553200 32.5564339278 32.5593259392 32.5041256917 32.2885998798 32.3977317391 32.2451948078 32.8616516444 32.2682697143 32.4280790915 32.4226384155 32.3356921789 32.4315818520 32.3852546506
32.6050953029 32.6231139292 32.2814623747 32.4185899193 32.5611689708 32.3439565986 32.5101553200 32.5564339278 32.5593259392 32.5041256917 32.2885998798 32.3977317391 32.2451948078 32.8616516444 32.2682697143 32.4280790915 32.4226384155 32.3356921789 32.4315818520 32.3852546506
33.1786089605 32.8915306216 32.6777678634 33.7092771356 32.9887219159 32.7761067372 32.9283472976 32.9266670985 33.7394368812 32.6613653734 32.7467607852 32.8448003084 32.6175715194 33.1476524679 33.0515610192 32.8557659055 32.9159870688 32.9017366529 32.6440842969 32.8243720392
32.9052540061 32.7010124007 32.8637032721 32.7123051276 32.8684145970 32.8874487968 32.6465088155 32.8517763782 32.4279866218 32.9089971145 32.7011072339 32.6940282492 32.7556260110 32.7003350842 32.8982515824 32.6415288853 33.0254166527 32.7213259938 32.4574249035 32.6596702221
32.5675832353 32.7415495131 34.2470626296 32.4283679888 32.5039738343 33.8608902273 32.5986543767 32.5610191363 32.5037190847 32.7517270859 32.8325867085 32.5969730980 32.7906887445 32.5533598514 32.3979005187 32.4902230841 32.6474325200 32.4156413579 33.9800415930 32.5587273602
33.0264551080 32.5247507811 33.0350314590 32.6193842799 32.9324099103 32.6563498080 32.9517090725 32.5348043807 32.6449532131 32.6989291395 32.6013543084 32.6893038981 32.4668070725 32.8122240973 32.5410202057 32.6516672650 32.6137456572 32.8331709106 32.5527574841 32.6412938971
33.0264551080 32.5247507811 33.0350314590 32.6193842799 32.9324099103 32.6563498080 32.9517090725 32.5348043807 32.6449532131 32.6989291395 32.6013543084 32.6893038981 32.4668070725 32.8122240973 32.5410202057 32.6516672650 32.6137456572 32.8331709106 32.5527574841 32.6412938971
33.0721764373 32.7948488096 33.2338635954 32.9412204271 33.1046518248 32.9457766379 32.9319667793 32.9407448514 33.1059914601 33.0058550337 32.6588225652 32.6440388603 32.5402344153 33.1612094698 32.7514445029 33.0670260159 32.9092069515 33.2053380595 34.7601183584 33.2535868928
32.9052540061 32.7010124007 32.8637032721 32.7123051276 32.8684145970 32.8874487968 32.6465088155 32.8517763782 32.4279866218 32.9089971145 32.7011072339 32.6940282492 32.7556260110 32.7003350842 32.8982515824 32.6415288853 33.0254166527 32.7213259938 32.4574249035 32.6596702221
32.7267031907 33.1844768842 32.4733433646 32.3746454910 32.6382115055 32.6601514880 32.5178214846 32.6853266569 32.4444327652 32.7176290415 32.2902961098 32.4510132607 32.4265965771 32.6645141158 32.7267505244 32.4652176622 32.5801671759 32.3787507929 32.3118650230 33.3102088343
32.6476144404 32.5046345067 32.5007577851 32.5974723365 32.7018802725 32.3670824224 32.5193364606 32.5530077731 32.6843318706 32.6724000329 32.5695616852 32.3957785728 32.4298298449 32.6964503294 32.5609416780 32.7370122519 32.4166443481 32.5785999440 32.3268980286 32.5678873646
32.4285647308 32.3145433513 32.3242471958 32.3809460311 32.3868014696 32.3779523928 32.3900478885 32.4788499747 32.2868210469 32.2790783208 32.3298916473 32.3061760535 32.3793618038 32.2253380410 32.4265414470 32.2474779472 32.4676740419 32.3293492522 32.2136058310 32.4548534814
32.9435400758 32.6668629375 32.8013433132 33.0146022734 33.1286260488 32.7850025810 32.8772487313 32.8556048799 32.9859083773 33.2102414490 32.8137841084 32.9127612337 32.7550379252 33.1406953096 32.8879547936 33.1569029487 32.8205602863 32.7030064282 32.4190250885 33.1494131590
33.8585020433 32.8945891913 33.5366007562 33.2021189125 33.0020503110 33.5879881585 33.2413356873 32.5960982097 32.7466543525 33.3424799983 32.9682271239 32.9174250942 32.9070139911 33.1651767122 32.9852921203 33.0483384223 33.1202968535 33.3797596615 32.8398675458 32.6883068026
32.6476144404 32.5046345067 32.5007577851 32.5974723365 32.7018802725 32.3670824224 32.5193364606 32.5530077731 32.6843318706 32.6724000329 32.5695616852 32.3957785728 32.4298298449 32.6964503294 32.5609416780 32.7370122519 32.4166443481 32.5785999440 32.3268980286 32.5678873646
32.4542254538 32.4623732330 32.2919752706 32.5113898113 32.5497777636 32.7334135708 32.7825779643 32.4970073335 32.5286410208 32.4966882507 32.4451451085 32.5137189598 32.4158613639 32.3971962513 32.6386593829 32.4745729046 32.4084926979 33.1686982185 32.7263355907 32.5313717975
33.0464176147 32.9438076283 32.9260665332 32.9482704230 32.9541158395 33.2318122042 32.8412242892 32.9523087582 32.7145437522 32.8637105604 32.7417094621 32.8503570392 32.7574267274 32.6299403662 33.0205532497 32.6388875621 32.9520044711 32.9094643734 32.3801678121 32.7253332822
33.2568199862 32.5534667639 32.6489645245 32.4805602076 32.4877859119 32.5473807781 32.7158010929 32.4677958869 32.2499121947 32.7720329891 32.4428392919 32.6901929283 32.5738685395 32.5823210833 32.6332449264 32.5518981525 32.6272158851 32.6047480748 32.4696922200 32.6715805107
32.4708863267 32.3303759439 32.5073247610 32.4127794665 32.3839814165 32.3231990546 32.3771783034 32.4726889286 32.2306865081 32.4842819146 32.4338624058 32.3729855670 32.4135847238 32.4114559962 32.4151067428 32.4242378700 32.5555804971 32.3863098936 32.3449950050 32.2766206228
32.7480575865 32.5760145041 32.4348416288 32.6715863376 33.0351731096 32.8063834229 32.9965351720 32.8323950695 32.8970177993 32.6159838683 32.5559890592 32.5531571087 32.5215686348 32.6353360997 32.5912201386 32.9346136024 32.6358128569 32.8574648316 32.4631334719 32.6658376459
32.4420509468 32.2742447900 32.3183696664 32.4316318520 32.3451273178 32.4503974091 32.4170082170 32.4335476626 32.3084139247 32.4243194147 32.3078738011 32.3441622687 32.3803188084 32.2929985497 32.4155903468 32.2588291037 32.3686662095 32.2761638933 32.2278090386 32.3105987276
32.8433775642 32.6438804225 33.3237708780 32.8332167591 32.7574470584 33.9223614442 32.7284786954 32.6219813536 32.7516791835 32.5670441171 33.2822490202 32.7871535860 32.7558973200 32.8892334093 32.9012716370 32.4379082865 32.6652364838 33.0598563776 32.4391047464 32.8169736056
32.3056061499 32.4548666402 32.3868120665 32.4136316686 32.3895951258 32.4095502189 32.3594121432 32.4089934163 32.8347725426 32.3546366133 32.3558341349 32.4384263623 32.2959724310 32.3458602920 32.5208385534 32.2425797825 32.3350155377 32.4516373284 32.3474181939 32.3766627468
32.6361100466 32.5776762850 32.3660346098 33.0704715327 32.6540336618 32.5692394773 32.6353912611 32.5460322681 33.4626939658 32.3916516824 32.4150723233 32.5189880476 32.3566248528 32.7735168021 32.6707992546 32.4206654227 32.4977582352 32.5541332094 32.3981883829 32.5130406269
33.0105585226 32.7567019066 32.7580535000 33.6078866117 32.8671283934 32.8815502922 32.9045680320 32.9400086300 33.2922077165 32.9982130238 32.8715135652 32.9627535372 33.0575308687 33.2491622624 33.4869622075 32.8702650400 33.0115268882 32.8618922927 32.5504468572 33.0891918004
32.3056061499 32.4548666402 32.3868120665 32.4136316686 32.3895951258 32.4095502189 32.3594121432 32.4089934163 32.8347725426 32.3546366133 32.3558341349 32.4384263623 32.2959724310 32.3458602920 32.5208385534 32.2425797825 32.3350155377 32.4516373284 32.3474181939 32.3766627468
32.3779641638 32.2799769126 32.2827105773 32.2965540937 32.3231216661 32.2789145692 32.3323964151 32.5077080954 32.2287419092 32.3413552669 32.1757352272 32.2524550620 32.2167165915 32.2472023916 32.3644077743 32.2498324918 32.3933979164 32.3036454624 32.1669822581 32.4083031035
32.5840273020 32.2754679946 32.3170246240 32.4727569982 32.5977440572 32.5249312047 32.6123633868 32.4646203382 32.4155315454 32.3905547252 32.4244415829 32.5003307600 32.7443482448 32.5206211569 32.5951085324 32.4741033182 32.4085659386 32.6097307598 32.5671319599 32.5287175184
34.0211803985 33.5794438642 33.9540720519 33.6248229144 34.0148151534 34.2755610029 34.0613818345 33.9565748835 33.2595586601 34.2611836996 33.4967354597 33.5321152791 33.7515390441 34.1662300400 33.9953357409 33.9459178940 34.0154447268 33.6363077230 32.9184892019 34.5614123758
32.3447447282 32.3929422619 32.2838804911 32.2141924040 32.4387758808 32.3120610767 32.3032541496 32.4076985129 32.1841671583 32.3492234370 32.2445691707 32.3367153454 32.2247784752 32.2693807845 32.4637556384 32.2237985531 32.2819968934 32.2811765136 32.1624068255 32.3086036481
32.5840273020 32.2754679946 32.3170246240 32.4727569982 32.5977440572 32.5249312047 32.6123633868 32.4646203382 32.4155315454 32.3905547252 32.4244415829 32.5003307600 32.7443482448 32.5206211569 32.5951085324 32.4741033182 32.4085659386 32.6097307598 32.5671319599 32.5287175184
32.2424471351 32.1649175659 32.2602611186 32.2906822072 32.2446117495 32.2699264447 32.2645744018 32.2938134903 32.2687830952 32.2977180689 32.2222886740 32.1736859964 32.1960023195 32.2637111852 32.2267970164 32.3537066042 32.1837636898 32.3082530369 32.2293314871 32.2728466617
32.9622420647 32.7086744522 32.8876873398 32.8300436088 32.9079795464 32.9619923095 32.7126962070 33.0133239587 32.4313979025 32.9335657863 32.7192193644 32.7310445728 32.8218419790 32.7959446672 32.9069195016 32.6773248989 33.1035865075 32.7443684026 32.4678202162 32.7104486622
32.7876945884 32.5816197997 32.8303126805 32.6701202698 32.7590400171 32.6438078090 32.7112275640 32.8846751239 32.7757419310 32.9192692914 32.8227339519 32.8941074930 32.7220778472 32.5933180826 32.6450647465 32.7377046222 32.8323235615 32.7531355129 36.4320647655 33.0320822901
32.7876945884 32.5816197997 32.8303126805 32.6701202698 32.7590400171 32.6438078090 32.7112275640 32.8846751239 32.7757419310 32.9192692914 32.8227339519 32.8941074930 32.7220778472 32.5933180826 32.6450647465 32.7377046222 32.8323235615 32.7531355129 36.4320647655 33.0320822901
32.9652737089 32.6416035758 32.2619410204 32.6045221221 32.6242797024 32.4346294809 32.5767667791 32.7517300585 32.6352362351 32.5564472014 32.3681416691 32.4509578013 32.4611722549 32.9658419213 32.4158472560 32.5631753723 32.7698128080 33.6163462959 32.5538288608 32.8105678241
32.4188764951 32.3913231473 32.4545286915 32.7715952425 32.5072365629 32.7002440948 32.6925831437 32.8462988917 32.6465960192 32.4034567486 32.5564692658 32.3959200415 32.6828695316 32.6097009487 32.4411871907 32.4234629544 32.5674782011 32.5975929419 32.2764380712 32.6442637641
32.6258356683 33.1039764649 32.6799731183 32.8864681791 32.7281409570 32.5187247284 32.7984270738 32.7749105965 32.7623735431 32.7011931780 33.1015713323 32.6262570597 32.6342729061 32.8304788103 32.8292697618 32.8576815287 32.7464628046 32.8562840070 33.3617615107 32.6040587198
33.2161733096 32.9154479950 33.1031747361 33.0095499420 33.1131833546 33.2231528884 32.8946134100 33.1467811772 32.6721476388 33.2198142736 32.8990627424 32.9024180459 33.0101728231 32.8684408829 33.1996347495 32.8593714374 33.3457840312 32.9564037663 32.5986362314 32.8741585126
33.2432357246 32.8393004089 32.9846002495 33.2491454334 38.0032000881 33.4517119363 33.4769643675 33.2615771719 33.5118084173 33.4278355511 33.4704597220 32.8955688346 33.2370060366 33.6103852931 33.2285663357 33.6836017443 33.6394401277 33.3934882117 34.1974962194 33.2227300746
32.3989062775 32.3738280721 32.3574169075 32.3023791182 32.2661978887 32.3437022440 32.2413221195 32.2934418374 32.6770615664 32.5162737612 32.2540567904 32.2473097641 32.2524217468 32.5314024117 32.3043473281 32.3993229034 32.4308158601 32.2220218288 32.1701567262 32.4457367962
32.9052540061 32.7010124007 32.8637032721 32.7123051276 32.8684145970 32.8874487968 32.6465088155 32.8517763782 32.4279866218 32.9089971145 32.7011072339 32.6940282492 32.7556260110 32.7003350842 32.8982515824 32.6415288853 33.0254166527 32.7213259938 32.4574249035 32.6596702221
32.9776458193 32.5274428672 32.4267109521 33.1312914054 32.7442158929 32.7451540853 32.6775058550 32.8334649034 32.6209266697 32.4700931928 33.3258576202 33.0337245571 33.2183800970 32.6023025750 32.6525564348 32.5048001682 32.7516211061 32.5427580498 32.2980568771 32.9436128196
32.3237550424 32.3564853858 32.2203193820 32.3662713494 32.2702124147 32.2212828158 32.3344739774 32.2113770037 32.7797657566 32.2785922765 32.1579498240 32.2422199366 32.1786456678 32.3995382837 32.2644488780 32.2185682366 32.2366119646 32.4552115173 32.2954774963 32.2169147390
32.9052540061 32.7010124007 32.8637032721 32.7123051276 32.8684145970 32.8874487968 32.6465088155 32.8517763782 32.4279866218 32.9089971145 32.7011072339 32.6940282492 32.7556260110 32.7003350842 32.8982515824 32.6415288853 33.0254166527 32.7213259938 32.4574249035 32.6596702221
32.3989062775 32.3738280721 32.3574169075 32.3023791182 32.2661978887 32.3437022440 32.2413221195 32.2934418374 32.6770615664 32.5162737612 32.2540567904 32.2473097641 32.2524217468 32.5314024117 32.3043473281 32.3993229034 32.4308158601 32.2220218288 32.1701567262 32.4457367962
32.9052540061 32.7010124007 32.8637032721 32.7123051276 32.8684145970 32.8874487968 32.6465088155 32.8517763782 32.4279866218 32.9089971145 32.7011072339 32.6940282492 32.7556260110 32.7003350842 32.8982515824 32.6415288853 33.0254166527 32.7213259938 32.4574249035 32.6596702221
32.9052540061 32.7010124007 32.8637032721 32.7123051276 32.8684145970 32.8874487968 32.6465088155 32.8517763782 32.4279866218 32.9089971145 32.7011072339 32.6940282492 32.7556260110 32.7003350842 32.8982515824 32.6415288853 33.0254166527 32.7213259938 32.4574249035 32.6596702221
32.7064756556 32.7090626124 32.6376521081 32.6510511951 32.8458478898 32.6981318716 32.7887730962 32.8272944594 32.5679071416 32.6838164825 32.5033967662 32.5532987060 32.8259361390 32.7074967596 32.7595686934 32.7121477315 32.9647098736 32.5005050001 32.3920171884 32.9930325782
32.3589039289 32.4111571148 32.4107783710 32.3496445054 32.2203522222 32.3457390216 32.2965171187 32.2343312867 32.4064178026 32.2286355556 32.3219484394 32.2086782492 32.3084322050 32.2163023212 32.3500468405 32.2973105903 32.2900989989 32.2227722219 32.1859038405 32.3641513138
32.4002608443 32.3317153218 32.3749365214 32.3931990646 32.3655339133 32.3988298414 32.4132161919 32.5290039013 32.2938501267 32.4964411948 32.3134786085 32.3097723299 32.3244988181 32.4607999599 32.5863460095 32.4573476230 32.6168180518 32.3215315399 32.1833996926 32.4571423934
33.1702063900 33.5092941592 32.9163751852 32.7980294392 33.3569565039 33.1574205598 32.8607502140 33.2054570100 32.9322676722 33.6300114410 33.0213115499 33.0125297970 32.7483694258 33.1106864715 33.4302001010 32.5727844444 33.2808815185 32.7557711497 32.4439843986 33.1148345172
33.1702063900 33.5092941592 32.9163751852 32.7980294392 33.3569565039 33.1574205598 32.8607502140 33.2054570100 32.9322676722 33.6300114410 33.0213115499 33.0125297970 32.7483694258 33.1106864715 33.4302001010 32.5727844444 33.2808815185 32.7557711497 32.4439843986 33.1148345172
32.9625964526 32.5800741176 32.8474897370 32.8861716494 32.7940333420 32.7213820018 32.7585597413 33.1778861450 32.5938955276 32.7757217557 32.4823049884 32.6936077391 32.7071282364 32.7885808407 32.7998172345 32.7235255457 32.7622156127 32.6009446396 32.3479447327 33.0242419087
32.9625964526 32.5800741176 32.8474897370 32.8861716494 32.7940333420 32.7213820018 32.7585597413 33.1778861450 32.5938955276 32.7757217557 32.4823049884 32.6936077391 32.7071282364 32.7885808407 32.7998172345 32.7235255457 32.7622156127 32.6009446396 32.3479447327 33.0242419087
32.9625964526 32.5800741176 32.8474897370 32.8861716494 32.7940333420 32.7213820018 32.7585597413 33.1778861450 32.5938955276 32.7757217557 32.4823049884 32.6936077391 32.7071282364 32.7885808407 32.7998172345 32.7235255457 32.7622156127 32.6009446396 32.3479447327 33.0242419087
32.9625964526 32.5800741176 32.8474897370 32.8861716494 32.7940333420 32.7213820018 32.7585597413 33.1778861450 32.5938955276 32.7757217557 32.4823049884 32.6936077391 32.7071282364 32.7885808407 32.7998172345 32.7235255457 32.7622156127 32.6009446396 32.3479447327 33.0242419087
32.9625964526 32.5800741176 32.8474897370 32.8861716494 32.7940333420 32.7213820018 32.7585597413 33.1778861450 32.5938955276 32.7757217557 32.4823049884 32.6936077391 32.7071282364 32.7885808407 32.7998172345 32.7235255457 32.7622156127 32.6009446396 32.3479447327 33.0242419087
32.9056425371 33.1634660323 32.9614566061 33.2673900234 32.8174044880 33.1340507043 32.7487211418 32.9675259950 32.7233354355 32.7636876499 32.6515788409 32.8732350595 32.6228462229 32.7456874208 32.9391224910 33.0135294719 32.7876436027 32.8095513117 32.3828827418 32.7493641717
32.4344454652 32.3570588355 32.4493529399 32.4405270864 32.2639250500 32.2622525133 32.2824435227 32.3781407784 32.2074146295 32.2602845631 32.2571087964 32.3310106212 32.2362136663 32.3260890692 32.3085666744 32.2498502288 32.3085502691 32.2949676197 32.1394948228 32.2404247965
32.9056425371 33.1634660323 32.9614566061 33.2673900234 32.8174044880 33.1340507043 32.7487211418 32.9675259950 32.7233354355 32.7636876499 32.6515788409 32.8732350595 32.6228462229 32.7456874208 32.9391224910 33.0135294719 32.7876436027 32.8095513117 32.3828827418 32.7493641717
32.4344454652 32.3570588355 32.4493529399 32.4405270864 32.2639250500 32.2622525133 32.2824435227 32.3781407784 32.2074146295 32.2602845631 32.2571087964 32.3310106212 32.2362136663 32.3260890692 32.3085666744 32.2498502288 32.3085502691 32.2949676197 32.1394948228 32.2404247965
32.9056425371 33.1634660323 32.9614566061 33.2673900234 32.8174044880 33.1340507043 32.7487211418 32.9675259950 32.7233354355 32.7636876499 32.6515788409 32.8732350595 32.6228462229 32.7456874208 32.9391224910 33.0135294719 32.7876436027 32.8095513117 32.3828827418 32.7493641717
32.4344454652 32.3570588355 32.4493529399 32.4405270864 32.2639250500 32.2622525133 32.2824435227 32.3781407784 32.2074146295 32.2602845631 32.2571087964 32.3310106212 32.2362136663 32.3260890692 32.3085666744 32.2498502288 32.3085502691 32.2949676197 32.1394948228 32.2404247965
32.9056425371 33.1634660323 32.9614566061 33.2673900234 32.8174044880 33.1340507043 32.7487211418 32.9675259950 32.7233354355 32.7636876499 32.6515788409 32.8732350595 32.6228462229 32.7456874208 32.9391224910 33.0135294719 32.7876436027 32.8095513117 32.3828827418 32.7493641717
33.9328989392 33.6989866320 32.8264150002 33.0934723213 32.7516574808 33.1058352314 33.2106480653 33.1253986191 32.7630005018 33.6041412502 32.8103607487 33.7947989398 32.6665575976 32.7353747168 33.0488984143 32.9361609632 32.7532891438 32.8804621552 32.4272060012 32.8625592262
36.5983127652 36.3239017549 34.7237420088 35.9572149615 35.8507640755 35.3662414094 35.5704145682 36.3669130492 34.6310659854 35.7933688243 34.3801221283 36.2210036512 34.9942479649 34.8086219519 35.9318295321 35.0473531873 35.2725732251 35.1819817430 33.7733954047 35.2350537571
33.1468232278 33.2653981480 33.0246039768 33.2111205522 33.1140029686 32.8444719439 33.2393738738 33.6428460225 32.7961827871 33.2232589108 32.8115831794 32.8689030491 32.9429112596 33.5578164602 33.2799866770 33.4032147549 33.2466648040 32.7685470137 32.5665741417 33.0738381972
32.3747396595 32.7629717876 32.4775659642 32.4276698393 32.9238606899 32.5624205017 32.6636498293 32.4167874962 32.9445859047 32.5148853855 32.6844965766 32.4335107190 32.5333052497 32.7116348132 32.4812248412 32.7995156327 32.8038738782 32.4000386461 32.3720168894 32.7393676440
32.2048667801 32.1648498829 32.1871811885 32.2574882045 32.2323922152 32.2188588961 32.2170620770 32.2578054085 32.2118141330 32.1663002937 32.1876642441 32.1968019458 32.2351966519 32.1844017376 32.1763909628 32.1471890868 32.2475511783 32.1512271354 32.1528982522 32.2301816738
32.4987600983 32.5053731967 32.3812515713 32.2587540555 32.7302980370 32.6234945437 32.3214616820 32.4617785236 32.4119427076 32.7339046065 32.3954634653 32.4860265412 32.2834767224 32.4124949469 32.7539996159 32.2803604667 32.3686034410 32.4243564874 32.2163204802 32.4800007591
32.6884864974 32.5072120100 32.2772565718 32.5232584215 33.1636936799 32.2712352739 32.3308263379 32.3478861337 32.5552003040 32.4486325621 32.2492657326 32.3291450455 32.3189568171 33.0346104417 32.3184990011 32.6856897543 32.3981878711 32.2830006623 32.3165143857 32.9805644445
32.2048667801 32.1648498829 32.1871811885 32.2574882045 32.2323922152 32.2188588961 32.2170620770 32.2578054085 32.2118141330 32.1663002937 32.1876642441 32.1968019458 32.2351966519 32.1844017376 32.1763909628 32.1471890868 32.2475511783 32.1512271354 32.1528982522 32.2301816738
32.5200908374 32.5803760424 32.3760172901 32.4250213982 32.4269986115 32.3623464523 32.5063934550 32.4299635717 32.2549841964 32.4247607498 32.3864704444 32.3784738757 32.3893392629 32.3108589128 32.3950565643 32.2745546891 32.4794683611 32.4015632434 32.2129880180 32.4923959719
32.3747893026 32.7067270802 39.7563690362 32.6636377170 32.4856640140 33.0959302306 32.7587912031 32.6017782884 32.7517601722 32.7324714360 32.6171004383 32.4706376943 32.5277178399 32.5477300780 32.7533456120 32.6198750018 32.6971665806 32.4350231108 32.9928997831 32.4387073291
32.4987600983 32.5053731967 32.3812515713 32.2587540555 32.7302980370 32.6234945437 32.3214616820 32.4617785236 32.4119427076 32.7339046065 32.3954634653 32.4860265412 32.2834767224 32.4124949469 32.7539996159 32.2803604667 32.3686034410 32.4243564874 32.2163204802 32.4800007591
32.1701480578 32.2080364972 32.2380674676 32.2051277750 33.0933316214 32.2304194490 32.2843225310 32.2487691921 32.2562497874 32.2184327215 32.1481288179 32.1587568715 32.1389784397 32.3251915657 32.2893399551 32.3545839499 32.4072323516 32.3568714110 32.4927078702 32.2034256155
33.2087907364 32.5077654830 32.6127597821 32.8787725088 33.1643264992 33.1062860198 33.0405769805 33.1754708926 33.0860613995 33.2216493198 32.9401567370 32.8728453608 33.1691227215 33.2833257428 32.4872289574 33.0012993520 33.2237537684 32.9114061547 35.5430748063 38.5934487257
32.3572611382 32.4377341195 32.4602341372 32.4065053041 32.3206642139 32.4093980976 32.4004800120 32.4708953187 32.7071054988 32.5119995836 32.3352261004 32.3559829716 32.3817883692 32.5076839863 32.4374158506 32.6006816537 32.9424831876 32.3269897228 32.1890193857 32.4685732968
33.2048424907 32.9410396566 33.9078988432 33.1764363093 33.3336240162 33.0556231504 33.7037606788 32.9812406211 33.6177376616 33.1102039087 32.9462577786 33.4053947833 32.7919692097 33.0497157120 33.0866355466 33.2906420686 33.1868558728 33.8469220415 34.6867618175 33.7045597811
32.4586098583 32.3733177375 32.4462096566 32.4238283553 32.6160484223 32.6345083343 32.5033550800 32.5032702179 32.8738248146 32.6829491903 32.4163554066 32.3981980751 32.3849694263 32.6557832671 32.4028295623 32.3244277575 32.4346084117 32.4517482852 32.3966771426 32.6466029468
32.7381324832 32.5200780179 32.3138695210 32.3269319649 32.8831984791 32.2737692153 32.3322551233 32.5426404383 32.5579719270 32.3991587182 32.1751628610 32.2813157080 32.2091423506 32.9931681709 32.1353763798 32.5497619208 32.3566045052 32.2543853672 32.7118668459 32.4733319507
32.3817040631 32.4628449690 32.3585025260 32.2988061183 32.5965581364 32.4078528428 32.4528565115 32.4506273782 32.4473686723 32.4694346770 32.8429734691 32.7345160555 32.6418786898 32.3584105046 32.3466953847 32.3349623152 32.5186176183 32.3962879642 48.1579008559 32.3693231964
32.7769014296 33.1134466957 32.6456039424 32.6744083283 32.8303623209 32.7084565421 32.6125394288 32.7950264428 32.6881629761 32.9508844677 32.7218390037 32.6804783709 32.5344865501 32.7253347542 32.8194823802 32.4262025028 32.8911389483 32.5023139017 32.3114250155 32.6196279464
32.2337581900 32.3478885552 32.3367318716 32.4488282265 32.6645311852 32.3066402016 32.3283623253 32.4784844342 32.5947299928 32.1813436516 32.4116377679 32.2814765554 32.3933197593 32.7177328128 32.3202433881 32.4373313509 32.3267565416 32.5241755723 32.2054208352 32.4887287307
32.3877335368 32.2886188183 32.3092410345 32.2851466429 32.2613295161 32.2020662121 32.3714743919 32.3795988003 32.2091359721 32.3123950980 32.3637984850 32.2272590874 32.3291398907 32.2260634967 32.4205514530 32.3426691613 32.2243464771 32.4108521322 32.2045985880 32.2721031538
32.1909976594 32.2736311945 32.4877784438 32.2960240557 32.4785706747 32.4213449130 32.3075988055 32.3111796158 32.3156214390 32.5047221787 32.3476746752 32.2732388812 32.1917685212 32.5001438058 32.2157096335 32.4317357037 32.3078059914 32.4582549026 32.2661745799 32.4481462736
32.6364998148 32.8806200288 33.1934820010 32.9004841863 32.5375570374 32.6949093655 32.6195721048 32.7919982262 32.5319719662 32.5870862034 32.9714338668 33.2311213625 32.4071988292 33.4302226049 33.0205663836 32.6619099811 32.4919008372 32.4397354749 32.3881128656 32.6117388078
32.3877335368 32.2886188183 32.3092410345 32.2851466429 32.2613295161 32.2020662121 32.3714743919 32.3795988003 32.2091359721 32.3123950980 32.3637984850 32.2272590874 32.3291398907 32.2260634967 32.4205514530 32.3426691613 32.2243464771 32.4108521322 32.2045985880 32.2721031538
32.4973757518 32.5825071311 32.3933795775 32.3802302926 32.3678746636 32.5884693409 32.6414426807 32.4869555072 32.8738256342 32.7074539215 32.5625645823 32.3276515923 32.5242043481 32.5010302518 32.3241481878 32.7236266694 32.4445808560 32.3330798858 32.3144948588 32.4532262150
32.8012846229 32.7555042954 32.8451851570 32.5863218474 32.5843164140 32.9259989987 32.4193218683 32.5487288978 33.1682763235 33.2327715737 32.5078535106 32.6688446429 32.6674252560 33.2389781690 32.7823933784 32.7564860132 32.7755361616 32.6084434096 32.3498325386 32.8046188695
32.6011112369 32.4554336715 32.2924290320 32.2707109529 32.6873740222 32.1866990563 32.2040563139 32.4555976758 32.4146620053 32.3458356246 32.1340304656 32.2700808402 32.1546808954 32.9139897964 32.1206309806 32.4451127336 32.2379669793 32.1807900904 32.2990702032 32.3578593722
32.6643636642 32.4397310520 32.3504083145 32.6386343754 32.5114979234 32.5204498762 32.6706922423 32.4092496353 32.6320464382 32.4301944820 32.2455653693 32.3433072895 32.3709126498 32.4553555436 32.4652959599 32.9113534244 33.0278308098 32.6807564136 32.5144642437 32.7460122412
32.6289352440 33.2160128702 32.8055086104 33.2865681441 33.0224070559 33.3715466542 33.3473538821 33.3061011700 33.1519948124 32.8695926700 32.7572092661 33.0270850530 33.2148418128 32.9841599564 32.6702483977 32.6267815319 33.0741590156 32.8845850497 32.5694985549 33.2135321968
32.1014724215 32.1022552887 32.1079141286 32.1025282013 32.1033218564 32.1017913147 32.1030055745 32.1044928389 32.1018998852 32.1015405830 32.1028188157 32.1030224224 32.1019243614 32.1026274067 32.1019804584 32.1028749917 32.1021981018 32.1041788158 35.0744649726 32.1018095090
32.4181702402 32.2275207101 32.2835962231 32.2954048011 32.4182075296 32.3560279359 32.4382774569 32.4140063055 32.3580247065 32.4159229473 32.2501192396 32.2748931921 32.2606583207 32.3586819194 32.2275501273 32.4234386443 32.2516416937 32.3529359959 32.6555357828 32.3475081762
32.4308697779 32.3386660638 32.3979283424 32.3867275922 32.5541569742 32.5083028759 32.3686675320 32.4520744179 32.8637847911 32.6499398214 32.4012598753 32.3386554119 32.3775866400 32.6012719594 32.3795370051 32.2782968049 32.4463550129 32.3531061931 32.3210886080 32.5798462488
32.9052540061 32.7010124007 32.8637032721 32.7123051276 32.8684145970 32.8874487968 32.6465088155 32.8517763782 32.4279866218 32.9089971145 32.7011072339 32.6940282492 32.7556260110 32.7003350842 32.8982515824 32.6415288853 33.0254166527 32.7213259938 32.4574249035 32.6596702221
32.3707442958 32.4021240796 32.3505569005 32.6058312878 32.4212823949 32.3832312325 32.3713622445 32.4361971570 32.4163678888 32.4099863790 32.4598217883 32.2836357265 32.3575773697 32.3294852473 32.2524001603 32.6110700403 32.4657437145 32.5239732881 32.2814945906 32.2952361623
32.9776458193 32.5274428672 32.4267109521 33.1312914054 32.7442158929 32.7451540853 32.6775058550 32.8334649034 32.6209266697 32.4700931928 33.3258576202 33.0337245571 33.2183800970 32.6023025750 32.6525564348 32.5048001682 32.7516211061 32.5427580498 32.2980568771 32.9436128196
33.6039964255 33.4291401472 33.4404156473 33.8055552317 33.6421714836 33.3392725852 33.4942405096 33.4447519799 32.9248919482 33.3083364630 33.2887986419 33.3573928742 33.3082776498 33.8203147564 33.4104764764 33.9297401604 33.4289826940 32.9050528679 32.8114593020 33.3348541042
32.6818388201 33.1168523144 32.7179030421 32.9766826976 32.8242235684 32.5578486008 32.8597846589 32.8608146496 32.8323182584 32.7131514624 33.1313044609 32.6581049530 32.7056789713 32.8686119726 32.8436665030 32.8735103907 32.8089727811 32.8788000528 36.4271535333 32.6909002569
32.5675832353 32.7415495131 34.2470626296 32.4283679888 32.5039738343 33.8608902273 32.5986543767 32.5610191363 32.5037190847 32.7517270859 32.8325867085 32.5969730980 32.7906887445 32.5533598514 32.3979005187 32.4902230841 32.6474325200 32.4156413579 33.9800415930 32.5587273602
32.2524833749 32.2273596022 32.2146138042 32.1126827350 32.1994472201 32.2191491993 32.3185869469 32.1418275412 32.4753539321 32.2931958695 32.1413122277 32.2034602346 32.2846464533 32.3979679574 32.2847762593 32.3333374467 32.2336941189 32.3607644646 32.1287488960 32.2047136643
32.8111626040 32.4732285266 32.7438036786 32.8260111322 32.6442057269 33.0509753643 32.7134039505 32.5989562945 32.5462110714 32.6778587557 32.4505497801 32.5672093426 32.5823602527 32.8007894838 32.7730348511 32.6924982192 32.5954888032 32.9872504073 33.3878166544 33.1053070489
32.6268660965 32.5494285143 32.7018927809 32.3250518213 32.5496450201 32.5164120623 32.5617373396 32.3929279313 32.3090756159 32.4868831699 32.3228579140 32.3854861796 32.3583381228 32.4171304758 32.4965888774 32.3624281218 32.4093169619 32.4185568192 32.3335405820 32.5039575416
32.8436371628 32.7098830622 32.8224533275 32.9087303338 32.8633479032 32.8278901511 32.8578551035 32.9428360302 33.2677280928 33.0726429157 32.6199165204 32.4755723339 32.9331359737 32.8546901258 32.6339272674 33.0780861449 32.9136988180 32.7491446644 32.6371918252 33.0157541918
32.8284671652 32.7297064811 33.2009158991 32.7341003841 32.9889699664 32.8170677479 32.9973697375 32.6115224814 32.6923585723 32.8952491982 32.6728808548 32.8158322881 32.5289480460 32.9959986967 32.7263267894 32.7839958439 32.9292750739 32.7726686707 32.4835447001 32.8229233515
33.1059459718 32.9659488475 32.9634261229 32.9226947039 33.8383369341 33.2301757284 33.0984283222 33.2043029944 33.3665565416 33.5346794974 32.8291678328 32.9381537570 32.9882160757 33.1830429446 32.8445997329 33.3335096011 33.1179085922 32.8868612008 32.5040689187 33.1720976282
32.2337581900 32.3478885552 32.3367318716 32.4488282265 32.6645311852 32.3066402016 32.3283623253 32.4784844342 32.5947299928 32.1813436516 32.4116377679 32.2814765554 32.3933197593 32.7177328128 32.3202433881 32.4373313509 32.3267565416 32.5241755723 32.2054208352 32.4887287307
32.3572611382 32.4377341195 32.4602341372 32.4065053041 32.3206642139 32.4093980976 32.4004800120 32.4708953187 32.7071054988 32.5119995836 32.3352261004 32.3559829716 32.3817883692 32.5076839863 32.4374158506 32.6006816537 32.9424831876 32.3269897228 32.1890193857 32.4685732968
32.9848103763 34.0453225091 32.9332042744 33.8508248785 33.1509870954 33.1852027741 33.5916677355 33.2866567982 33.9265502606 33.2788786232 32.9973839832 32.8451433157 32.8638086727 33.0757569860 33.0527064253 33.1227612305 33.5866944369 32.5850108810 32.5460331449 33.1187175465
32.9568544163 33.2009401899 32.6916549870 32.6107381581 33.1112091606 32.9023571270 32.7248577073 32.9409507617 32.7386625872 33.3724239905 32.8213638762 32.8455360617 32.5688345192 32.8926328392 33.1741854282 32.4733618006 33.0088306812 32.6649272533 32.3917210084 32.9360793948
32.6818388201 33.1168523144 32.7179030421 32.9766826976 32.8242235684 32.5578486008 32.8597846589 32.8608146496 32.8323182584 32.7131514624 33.1313044609 32.6581049530 32.7056789713 32.8686119726 32.8436665030 32.8735103907 32.8089727811 32.8788000528 36.4271535333 32.6909002569
32.2472756974 32.2405798328 32.2544821737 32.1993195860 32.2154024064 32.2645882146 32.2032781095 32.1861518422 32.2490896351 32.3033581536 32.3306969013 32.3069768261 32.2130210976 32.2628386165 32.3607383545 32.1505536261 32.2776203386 32.2452836536 32.2576853606 32.2591815220
32.3467879706 32.7696153449 32.5025200489 32.5621061268 32.5587672834 32.4505670752 32.3552398848 32.5759749894 32.5122738879 32.3822305899 32.6031209849 32.4145577770 32.3524451149 32.6391072494 32.5151850456 32.7571120242 32.4555503625 32.4357312558 32.2841302920 32.5550986403
33.2973727758 32.9476419102 33.1660279793 33.0887946599 33.1685296691 33.2586580778 32.9819321851 33.2243728762 32.6771155273 33.2872413080 32.9401099741 32.9445368339 33.0798399836 32.9217841771 33.2439970086 32.9094099861 33.3734072478 33.0007045852 32.6134720728 32.9031731104
32.7267031907 33.1844768842 32.4733433646 32.3746454910 32.6382115055 32.6601514880 32.5178214846 32.6853266569 32.4444327652 32.7176290415 32.2902961098 32.4510132607 32.4265965771 32.6645141158 32.7267505244 32.4652176622 32.5801671759 32.3787507929 32.3118650230 33.3102088343
32.3821758369 32.4778880439 32.5930803752 32.9393701929 32.9918378095 32.4717783026 32.6739301224 32.7551885790 33.0865801503 32.3772610057 32.5759958784 32.3505773741 32.6274992349 32.9680619093 32.4940975792 32.6655363768 32.5354937483 32.8613091150 32.3598796314 32.8405806826
32.3467879706 32.7696153449 32.5025200489 32.5621061268 32.5587672834 32.4505670752 32.3552398848 32.5759749894 32.5122738879 32.3822305899 32.6031209849 32.4145577770 32.3524451149 32.6391072494 32.5151850456 32.7571120242 32.4555503625 32.4357312558 32.2841302920 32.5550986403
32.3821758369 32.4778880439 32.5930803752 32.9393701929 32.9918378095 32.4717783026 32.6739301224 32.7551885790 33.0865801503 32.3772610057 32.5759958784 32.3505773741 32.6274992349 32.9680619093 32.4940975792 32.6655363768 32.5354937483 32.8613091150 32.3598796314 32.8405806826
32.4273759362 32.5202011148 32.2872415870 32.4036846613 32.3492635707 32.2621429885 32.3955268553 32.5863868246 32.4086046910 32.5295459235 32.3128579458 32.2898571990 32.2849553023 32.7776858587 32.3533466938 32.5364839913 32.3151306154 32.2763375041 32.2956189473 32.4158737375
32.3026961287 32.4000057211 32.3998314335 32.2970143930 32.4141779215 32.3636644021 32.3025657767 32.3545029543 32.3842225574 32.2171999090 32.4414221143 32.2643785571 32.4046839188 32.4914095393 32.3685141200 32.3913659482 32.3020385648 32.3534562862 32.1716526238 32.4033190785
32.6298105624 32.6185644622 32.8670814873 32.5004495159 32.7020779258 32.6684001598 32.7410497881 32.4379038775 32.5195354444 32.6807220415 32.5187905711 32.6161692543 32.4558249423 32.6687244755 32.5567889057 32.4251797151 32.7478577871 32.6167940075 32.3827454211 32.6736516036
32.3666616889 32.2557745338 32.2939271809 32.3071062326 32.2366959570 32.3643321808 32.2342059425 32.2991163915 32.3190898639 32.2798198247 32.2719145722 32.3236635945 32.2607859086 32.2969244087 32.4157237367 32.2639379053 32.3919224935 32.3518033218 32.1787915241 32.3159246863
32.1806763263 32.2911092938 32.4399596150 32.3055256193 32.3737520800 32.3028351062 32.3662049959 32.3897389285 32.2540803865 32.2097355201 32.2900176793 32.2351506283 32.2031074372 32.2613937049 32.2191716046 32.4568346594 32.3234520428 32.3948125558 33.2173903413 32.3131734231
32.1608955454 32.2554077841 32.1928535718 32.3612950930 32.2005538669 32.1645095311 32.1959760598 32.3064161153 32.1724524269 32.1335015689 32.2527745497 32.2719911902 32.1735886845 32.1096196231 32.2024721438 32.2796683138 32.1938623126 32.1299885766 32.1233157475 32.1469792431
32.5179855986 32.9181804466 32.6193354057 32.8915511837 32.7174439394 32.6756580284 32.5979094197 32.8515606542 32.6831749807 32.5246852277 32.8154029306 32.6880481431 32.6873046992 32.7881714711 32.7670184994 32.8203666694 32.7391705959 32.5557930899 32.3418936675 32.8274672976
32.9052540061 32.7010124007 32.8637032721 32.7123051276 32.8684145970 32.8874487968 32.6465088155 32.8517763782 32.4279866218 32.9089971145 32.7011072339 32.6940282492 32.7556260110 32.7003350842 32.8982515824 32.6415288853 33.0254166527 32.7213259938 32.4574249035 32.6596702221
32.2058071088 32.1921389006 32.1906442724 32.2371749095 32.1908660858 32.3429604608 32.2264071851 32.2554748844 32.1806654255 32.1977823328 32.2271945417 32.1810107940 32.2538850599 32.1568411334 32.2342627516 32.1540800258 32.1411240942 32.1557914166 32.1275645183 32.1764460470
32.6784423679 32.3716953159 32.6516369537 32.4672833010 32.7775264886 32.5625961218 32.7630545262 32.4532881573 32.4778899801 32.5603113396 32.4689832740 32.5034662071 32.3425162205 32.6842937429 32.4187095331 32.4449636421 32.4732319451 32.5887585468 32.7593677933 32.5801064911
32.5212305660 32.6843943144 32.6172077268 32.5725870438 32.5522917205 32.5833683733 32.6162207683 32.6785754785 32.9152978344 32.8541639743 32.6339065147 32.5349798301 32.5376684158 32.6913150495 32.5601075517 33.0163342529 33.2484303804 32.4237891718 32.2067299368 32.5795230443
32.2461845776 32.2233715292 32.2147004899 32.3747069387 32.2213646860 32.2539116965 32.2070008921 32.2859860222 32.2277414443 32.3131397486 32.2174816588 32.3570057624 32.1619710858 32.2881073523 32.3367589010 32.2788779437 32.1526642784 32.2131315528 32.1689525278 32.2850628603
32.2058071088 32.1921389006 32.1906442724 32.2371749095 32.1908660858 32.3429604608 32.2264071851 32.2554748844 32.1806654255 32.1977823328 32.2271945417 32.1810107940 32.2538850599 32.1568411334 32.2342627516 32.1540800258 32.1411240942 32.1557914166 32.1275645183 32.1764460470
32.6784423679 32.3716953159 32.6516369537 32.4672833010 32.7775264886 32.5625961218 32.7630545262 32.4532881573 32.4778899801 32.5603113396 32.4689832740 32.5034662071 32.3425162205 32.6842937429 32.4187095331 32.4449636421 32.4732319451 32.5887585468 32.7593677933 32.5801064911
32.2461845776 32.2233715292 32.2147004899 32.3747069387 32.2213646860 32.2539116965 32.2070008921 32.2859860222 32.2277414443 32.3131397486 32.2174816588 32.3570057624 32.1619710858 32.2881073523 32.3367589010 32.2788779437 32.1526642784 32.2131315528 32.1689525278 32.2850628603
32.6784423679 32.3716953159 32.6516369537 32.4672833010 32.7775264886 32.5625961218 32.7630545262 32.4532881573 32.4778899801 32.5603113396 32.4689832740 32.5034662071 32.3425162205 32.6842937429 32.4187095331 32.4449636421 32.4732319451 32.5887585468 32.7593677933 32.5801064911
32.5487973378 32.5030334462 32.4252082845 32.5947423796 32.6942287262 32.3526731620 32.5965880908 32.6877162371 32.3442614780 32.4934311322 32.4140301261 32.4108944793 32.6059185345 32.4471323378 32.4430256562 32.4491467488 32.5720461938 32.4285942479 32.5231157007 32.4935376486
32.3747396595 32.7629717876 32.4775659642 32.4276698393 32.9238606899 32.5624205017 32.6636498293 32.4167874962 32.9445859047 32.5148853855 32.6844965766 32.4335107190 32.5333052497 32.7116348132 32.4812248412 32.7995156327 32.8038738782 32.4000386461 32.3720168894 32.7393676440
32.3899987009 32.4757281360 32.2888556875 32.6461005241 32.4371306166 32.5598513288 32.2793964313 32.4070986177 32.4637763821 32.2945627546 32.4435174294 32.2033765918 32.2977505612 32.4412357575 32.4004645719 32.4548428154 32.2853196834 32.2968435652 32.6712504710 32.2910213220
32.3899987009 32.4757281360 32.2888556875 32.6461005241 32.4371306166 32.5598513288 32.2793964313 32.4070986177 32.4637763821 32.2945627546 32.4435174294 32.2033765918 32.2977505612 32.4412357575 32.4004645719 32.4548428154 32.2853196834 32.2968435652 32.6712504710 32.2910213220
32.6818388201 33.1168523144 32.7179030421 32.9766826976 32.8242235684 32.5578486008 32.8597846589 32.8608146496 32.8323182584 32.7131514624 33.1313044609 32.6581049530 32.7056789713 32.8686119726 32.8436665030 32.8735103907 32.8089727811 32.8788000528 36.4271535333 32.6909002569
32.6244998622 32.7691322727 33.2835366064 33.2534260433 32.9147483726 32.8614008579 32.8600660829 32.6815906654 33.1394926018 32.9952577511 33.0784693299 32.8069266019 32.7532498350 33.1063041726 32.7970399886 33.0603441129 33.2075019208 33.2195053761 32.8998875245 32.7157419695
32.9670142237 32.5958564006 33.0109961216 32.7178994329 32.8487734968 33.0598105367 32.8761117257 32.7992990947 32.5795395964 33.1806924302 32.8167377523 32.7111624391 32.6786460713 33.1637670482 32.9199299024 32.9522442016 32.6498058043 32.9213630610 32.4913445430 33.0871280656
32.4274224647 32.6607605116 32.8260174020 32.7570493743 32.5131809222 32.5350724624 32.5920406007 32.5360360470 32.5131569642 32.2868669343 32.8752094831 32.4896756841 32.4733449400 32.6487262929 32.7443349355 32.4137570677 32.4186953806 32.3820838796 32.4101191233 32.5245714780
32.9670142237 32.5958564006 33.0109961216 32.7178994329 32.8487734968 33.0598105367 32.8761117257 32.7992990947 32.5795395964 33.1806924302 32.8167377523 32.7111624391 32.6786460713 33.1637670482 32.9199299024 32.9522442016 32.6498058043 32.9213630610 32.4913445430 33.0871280656
32.9670142237 32.5958564006 33.0109961216 32.7178994329 32.8487734968 33.0598105367 32.8761117257 32.7992990947 32.5795395964 33.1806924302 32.8167377523 32.7111624391 32.6786460713 33.1637670482 32.9199299024 32.9522442016 32.6498058043 32.9213630610 32.4913445430 33.0871280656
32.3419845526 32.1832143111 32.2201845448 32.2384395409 32.2987871727 32.2017040061 32.2999864194 32.3124065371 32.1850841860 32.2785756387 32.2818675538 32.1603188601 32.3623794113 32.1979313437 32.1927883551 32.2662859639 32.3079394487 32.2798417512 32.1584615163 32.2599408347
32.6818388201 33.1168523144 32.7179030421 32.9766826976 32.8242235684 32.5578486008 32.8597846589 32.8608146496 32.8323182584 32.7131514624 33.1313044609 32.6581049530 32.7056789713 32.8686119726 32.8436665030 32.8735103907 32.8089727811 32.8788000528 36.4271535333 32.6909002569
32.3747893026 32.7067270802 39.7563690362 32.6636377170 32.4856640140 33.0959302306 32.7587912031 32.6017782884 32.7517601722 32.7324714360 32.6171004383 32.4706376943 32.5277178399 32.5477300780 32.7533456120 32.6198750018 32.6971665806 32.4350231108 32.9928997831 32.4387073291
32.5137278534 32.2665054071 32.4495895832 32.6152814465 32.6653657281 32.3630234261 32.3976808745 32.5510037526 32.3739120116 32.4624337385 32.3566247547 32.2236519798 32.3315521144 32.5195369193 32.3254797804 32.6077330261 32.3405469630 32.4596889942 32.5928896530 32.6118939417
32.2361696481 32.3264710006 32.3075782422 32.5232282307 32.4208966688 32.2751089654 32.4847203991 32.3174015192 32.4243499821 32.2633574607 32.3762272303 32.1935689145 32.2842524895 32.3702363005 32.3264338381 32.6187765332 32.3669920293 32.3152588989 32.2668054430 32.3302881541
33.1702063900 33.5092941592 32.9163751852 32.7980294392 33.3569565039 33.1574205598 32.8607502140 33.2054570100 32.9322676722 33.6300114410 33.0213115499 33.0125297970 32.7483694258 33.1106864715 33.4302001010 32.5727844444 33.2808815185 32.7557711497 32.4439843986 33.1148345172
32.8481365747 33.0362268848 32.7525618565 32.9190864590 32.8508187864 32.5497542344 32.9267213519 33.2065981568 32.6070345362 32.8264561590 32.6025852292 32.6635305060 32.7222630516 33.1930298195 32.7921921137 33.0439219085 32.7289747691 32.5515589471 32.4881360500 32.7185345537
34.2935854143 34.8629949895 33.5823228791 33.3689442345 33.9133296441 33.3772984972 33.0371726532 33.5068934200 34.1872230077 33.7549728549 33.0985365665 33.5254299242 33.1991977318 33.3233393261 34.0893209099 32.8047370924 33.3763309919 32.8807982635 32.4511990718 33.3944944756
32.9625964526 32.5800741176 32.8474897370 32.8861716494 32.7940333420 32.7213820018 32.7585597413 33.1778861450 32.5938955276 32.7757217557 32.4823049884 32.6936077391 32.7071282364 32.7885808407 32.7998172345 32.7235255457 32.7622156127 32.6009446396 32.3479447327 33.0242419087
32.8481365747 33.0362268848 32.7525618565 32.9190864590 32.8508187864 32.5497542344 32.9267213519 33.2065981568 32.6070345362 32.8264561590 32.6025852292 32.6635305060 32.7222630516 33.1930298195 32.7921921137 33.0439219085 32.7289747691 32.5515589471 32.4881360500 32.7185345537
32.3447447282 32.3929422619 32.2838804911 32.2141924040 32.4387758808 32.3120610767 32.3032541496 32.4076985129 32.1841671583 32.3492234370 32.2445691707 32.3367153454 32.2247784752 32.2693807845 32.4637556384 32.2237985531 32.2819968934 32.2811765136 32.1624068255 32.3086036481
32.3747893026 32.7067270802 39.7563690362 32.6636377170 32.4856640140 33.0959302306 32.7587912031 32.6017782884 32.7517601722 32.7324714360 32.6171004383 32.4706376943 32.5277178399 32.5477300780 32.7533456120 32.6198750018 32.6971665806 32.4350231108 32.9928997831 32.4387073291
32.7539464292 32.3302841749 32.4564209400 32.8402788896 32.8261114083 32.5586343695 32.6395273165 32.5953490959 32.7678529416 32.4041339585 32.3287328665 32.3673821519 32.6586501681 32.9262090212 32.4596154910 32.5496280530 32.7316714053 32.3738308027 32.7278275676 32.7320348967
32.7876945884 32.5816197997 32.8303126805 32.6701202698 32.7590400171 32.6438078090 32.7112275640 32.8846751239 32.7757419310 32.9192692914 32.8227339519 32.8941074930 32.7220778472 32.5933180826 32.6450647465 32.7377046222 32.8323235615 32.7531355129 36.4320647655 33.0320822901
32.9625964526 32.5800741176 32.8474897370 32.8861716494 32.7940333420 32.7213820018 32.7585597413 33.1778861450 32.5938955276 32.7757217557 32.4823049884 32.6936077391 32.7071282364 32.7885808407 32.7998172345 32.7235255457 32.7622156127 32.6009446396 32.3479447327 33.0242419087
33.6039964255 33.4291401472 33.4404156473 33.8055552317 33.6421714836 33.3392725852 33.4942405096 33.4447519799 32.9248919482 33.3083364630 33.2887986419 33.3573928742 33.3082776498 33.8203147564 33.4104764764 33.9297401604 33.4289826940 32.9050528679 32.8114593020 33.3348541042
33.6039964255 33.4291401472 33.4404156473 33.8055552317 33.6421714836 33.3392725852 33.4942405096 33.4447519799 32.9248919482 33.3083364630 33.2887986419 33.3573928742 33.3082776498 33.8203147564 33.4104764764 33.9297401604 33.4289826940 32.9050528679 32.8114593020 33.3348541042
33.0104082652 32.6276648232 33.3380209719 32.7339068130 32.7272643167 32.6190213162 32.7743397040 32.6916336298 32.9253754011 33.3196207052 32.7783768719 32.8815936268 32.7862393854 32.9204246402 32.7582745359 32.7796000328 32.7545961379 33.2898532262 33.6912906954 32.6206168496
34.2935854143 34.8629949895 33.5823228791 33.3689442345 33.9133296441 33.3772984972 33.0371726532 33.5068934200 34.1872230077 33.7549728549 33.0985365665 33.5254299242 33.1991977318 33.3233393261 34.0893209099 32.8047370924 33.3763309919 32.8807982635 32.4511990718 33.3944944756
32.9447530811 32.5544859992 32.6327561745 32.7094475042 32.6749574363 32.6072184845 32.6941144479 32.8691713730 32.5509554908 32.6258982520 32.6216503576 32.4142065564 32.8133466487 32.6952532954 32.8958121609 32.5015491338 32.7421886981 32.5949210364 32.3515616316 32.5338741857
32.7539464292 32.3302841749 32.4564209400 32.8402788896 32.8261114083 32.5586343695 32.6395273165 32.5953490959 32.7678529416 32.4041339585 32.3287328665 32.3673821519 32.6586501681 32.9262090212 32.4596154910 32.5496280530 32.7316714053 32.3738308027 32.7278275676 32.7320348967
34.2935854143 34.8629949895 33.5823228791 33.3689442345 33.9133296441 33.3772984972 33.0371726532 33.5068934200 34.1872230077 33.7549728549 33.0985365665 33.5254299242 33.1991977318 33.3233393261 34.0893209099 32.8047370924 33.3763309919 32.8807982635 32.4511990718 33.3944944756
32.7876945884 32.5816197997 32.8303126805 32.6701202698 32.7590400171 32.6438078090 32.7112275640 32.8846751239 32.7757419310 32.9192692914 32.8227339519 32.8941074930 32.7220778472 32.5933180826 32.6450647465 32.7377046222 32.8323235615 32.7531355129 36.4320647655 33.0320822901
