-33.74779
-29.81040
-72.10829
-21.42514
-73.76487
-91.20441
-91.20441
-49.11006
-106.13695
-49.11006
-106.13695
-49.11006
-106.13695
-49.11006
-106.13695
-106.13695
-75.16459
-49.11006
-98.45743
-75.16459
-96.67804
-108.11732
-108.11732
-21.02461
-13.34094
-29.87068
-98.45743
-50.44269
-17.45860
-20.88190
-20.88190
-84.24939
-39.79071
-91.70659
-91.70659
-139.27934
-17.67217
-17.67217
-15.00117
-15.00117
-60.83457
-7.26011
-75.16459
-73.76487
-7.26011
-141.01723
-37.05999
-13.68959
-12.83338
-26.29298
-12.83338
-53.02069
-26.29298
-25.32470
-108.11732
-25.32470
-41.34676
-136.16994
-41.34676
-136.16994
-110.65416
-21.94675
-110.65416
-29.10415
-29.10415
-57.23917
-57.23917
-100.27493
-82.39312
-120.72304
-120.72304
-26.18173
-81.57900
-110.65416
-26.18173
-81.57900
-81.57900
-54.66768
-54.66768
-45.64774
-59.02180
-17.19501
-41.85081
-136.00140
-33.34473
-102.00778
-33.34473
-148.87075
-123.57191
-42.30414
-61.91376
-33.11512
-12.83925
-12.83925
-54.87309
-21.42514
-15.37689
-15.37689
-12.83925
-19.36015
-98.45743
-67.52933
-113.58492
-98.45743
-98.45743
-67.52933
-67.37929
-166.92321
-67.52933
-113.58492
-67.52933
-166.92321
-139.92127
-133.06651
-139.92127
-17.90426
-17.90426
-19.16700
-46.96134
-43.51824
-43.51824
-46.96134
-131.43683
-44.81595
-85.34122
-115.84633
-38.54536
-85.34122
-38.54536
-43.51824
-85.34122
-48.14106
-60.22032
-118.10317
-44.81595
-115.84633
-118.10317
-60.22032
-64.01639
-73.18403
-115.84633
-134.75139
-72.43755
-48.14106
-48.14106
-134.75139
-95.90354
-134.75139
-72.43755
-67.30250
-75.68486
-35.82235
-35.82235
-106.18748
-61.29580
-84.58303
-156.52459
-156.52459
-89.46232
-61.29580
-54.22545
-48.14106
-17.08904
-74.94342
-93.81115
-48.14106
-54.26231
-72.86062
-62.59829
-30.62639
-77.48480
-20.48478
-92.04216
-33.78228
-67.37929
-91.48606
-33.78228
-23.08462
-47.74650
-191.80939
-15.37689
-47.74650
-110.79581
-70.00704
-81.72976
-81.72976
-74.35337
-54.87319
-75.80759
-81.88266
-191.46175
-29.79591
-61.29580
-73.76487
-28.53090
-61.29580
-29.79591
-61.29580
-61.29580
-70.73472
-21.11538
-29.65144
-91.70659
-91.70659
-69.04373
-69.04373
-69.04373
-69.04373
-69.04373
-75.50581
-24.25628
-75.50581
-24.25628
-75.50581
-24.25628
-75.50581
-98.86991
-364.01491
-95.90354
-57.84284
-8.43636
-38.79460
-48.56565
-8.43636
-34.67974
-98.89051
-38.79460
-27.84901
-134.75139
-33.74779
-126.58350
-52.74004
-41.85081
-141.01723
-64.00012
-27.00952
-20.12967
-35.37376
-67.49577
-20.12967
-41.83475
-174.72688
-33.18905
-57.27341
-99.42113
-18.40539
-116.11505
-139.97199
-61.29580
-35.08914
-73.76487
-148.73730
-98.45743
-84.58303
-15.89240
-79.03652
-31.39094
-81.57900
-58.76380
-104.81079
-27.00952
-33.74779
-108.11732
-73.18403
-98.45743
-19.37771
-33.73123
-84.92891
-54.22545
-49.83836
-33.73123
-49.83836
-32.83170
-31.14425
-40.16400
-24.58977
-32.72324
-13.65331
-48.90911
-61.29580
-10.69905
-43.60095
-49.57442
-13.75318
-10.69905
-43.60095
-13.75318
-43.60095
-31.94896
-57.84284
-32.86432
-32.86432
-98.45743
-85.87779
-87.43188
-44.81595
-87.43188
-87.43188
-12.83925
-98.45743
-98.89051
-33.34473
-126.94200
-91.70659
-69.86481
-142.22117
-69.04373
-69.86481
-15.37689
-98.89051
-49.60542
-81.72976
-69.04373
-148.73730
-148.73730
-101.18060
-142.22117
-68.31954
-49.60542
-142.22117
-81.72976
