vsb 01 40009 7
vsb 01 40009 8
vsb 01 40009 8
vsb 01 40009 8
vsb 01 40009 7
vsb 01 40009 8
vsb 01 40009 8
vsb 01 40009 8
vsb 01 40009 8
vsb 01 40009 8
vsb 01 40009 7
vsb 01 40009 7
vsb 01 40009 7
vsb 01 40009 7
vsb 01 40009 7
vsb 01 40009 7
vsb 01 40009 7
vsb 01 40009 7
vsb 01 40009 7
vsb 01 40009 7
vsb 01 40009 7
vsb 01 40009 7
vsb 01 40009 7
vsb 01 40009 9
vsb 01 40009 8
vsb 01 40009 9
vse 01 40048 5
vse 01 40048 4
vse 01 40048 4
vse 01 40048 4
vse 01 40048 4
vse 01 40048 4
vse 01 40048 4
vse 01 40048 5
vse 01 40048 4
vse 01 40048 4
vse 01 40048 4
vse 01 40048 4
vse 01 40048 4
vse 01 40048 4
vse 01 40048 4
vse 01 40048 4
vsb 01 40002 4
vsb 01 40002 5
vsb 01 40002 5
vsb 01 40002 4
vsb 01 40002 4
vsb 01 40002 6
vsb 01 40002 4
vse 01 40026 4
vse 01 40026 4
vse 01 40026 4
vse 01 40026 4
vse 01 40026 4
vse 01 40026 4
vse 01 40026 4
vse 01 40026 4
vse 01 40026 4
vse 01 40026 4
vse 01 40026 4
vse 02 40009 5
vse 02 40009 5
vse 02 40009 5
vse 02 40009 5
vse 02 40009 5
vse 02 40009 5
vse 02 40009 5
vse 02 40009 6
vse 02 40009 6
vse 02 40009 5
vse 02 40009 5
vse 02 40009 6
vse 02 40009 5
vse 02 40009 5
vse 02 40009 5
vse 02 40009 6
vse 02 40009 6
vse 02 40009 4
vse 02 40009 4
vse 02 40009 4
vse 02 40009 4
vse 02 40009 4
vsb 02 40048 5
vsb 02 40048 6
vsb 02 40048 7
vsb 02 40048 6
vsb 02 40048 4
vsb 02 40048 4
vsb 02 40048 4
vsb 02 40048 4
vse 02 40002 4
vse 02 40002 6
vse 02 40002 6
vse 02 40002 6
vse 02 40002 6
vse 02 40002 6
vse 02 40002 6
vse 02 40002 6
vse 02 40002 6
vse 02 40002 6
vse 02 40002 3
vse 02 40002 5
vse 02 40002 5
vse 02 40002 5
vse 02 40002 4
vse 02 40002 5
vse 02 40002 6
vse 02 40002 6
vse 02 40002 5
vsb 02 40026 5
vsb 02 40026 5
vsb 02 40026 5
vsb 02 40026 4
vsb 02 40026 3
vsb 02 40026 5
vsb 02 40026 6
vsb 02 40026 5
vsb 02 40026 5
vsb 10 40009 3
vsb 10 40009 2
vsb 10 40009 3
vsb 10 40009 2
vsb 10 40009 4
vsb 10 40009 4
vsb 10 40009 5
vsb 10 40009 4
vsb 10 40009 1
vsb 10 40009 1
vsb 10 40009 1
vsb 10 40009 2
vse 10 40048 3
vse 10 40048 4
vse 10 40048 4
vse 10 40048 3
vse 10 40048 3
vse 10 40048 3
vse 10 40048 4
vse 10 40048 4
vse 10 40048 4
vse 10 40048 4
vse 10 40048 4
vse 10 40048 4
vse 10 40048 4
vse 10 40048 4
vse 10 40048 4
vse 10 40048 4
vse 10 40048 4
vse 10 40048 4
vse 10 40048 4
vse 10 40048 4
vse 10 40048 3
vse 10 40048 3
vse 10 40048 4
vse 10 40048 4
vse 10 40048 4
vse 10 40048 3
vse 11 40009 4
vse 11 40009 4
vse 11 40009 4
vse 11 40009 4
vse 11 40009 4
vse 11 40009 5
vse 11 40009 6
vse 11 40009 6
vse 11 40009 6
vse 11 40009 6
vse 11 40009 6
vse 11 40009 6
vse 11 40009 3
vse 11 40009 4
vse 11 40009 5
vse 11 40009 5
vse 11 40009 5
vse 11 40009 5
vse 11 40009 5
vse 11 40009 5
vse 11 40009 5
vse 11 40009 5
vse 11 40009 5
vse 11 40009 5
vse 11 40009 5
vse 11 40009 5
vse 11 40009 5
vse 11 40009 5
vse 11 40009 5
vse 11 40009 5
vse 11 40009 5
vse 11 40009 5
vse 11 40009 5
vse 11 40009 5
vse 11 40009 5
vse 11 40009 5
vse 11 40009 4
vse 11 40009 4
vse 11 40009 4
vse 11 40009 4
vse 11 40009 4
vsn 11 40048 5
vsn 11 40048 6
vsn 11 40048 6
vsn 11 40048 6
vsn 11 40048 6
vsn 11 40048 6
vsn 11 40048 6
vsn 11 40048 6
vsn 11 40048 6
vsn 11 40048 6
vsn 11 40048 6
vsn 11 40048 6
vsn 11 40048 6
vsn 11 40048 6
vsn 11 40048 6
vsn 11 40048 6
vsn 11 40048 6
vsn 11 40048 6
vsn 11 40048 6
vsn 11 40048 6
vsn 11 40048 6
vsn 11 40048 6
vsn 11 40048 6
vsn 11 40048 6
vsn 11 40048 6
vsn 11 40048 6
vsn 11 40048 6
vsn 11 40048 6
vsn 11 40048 6
vsn 11 40048 6
vsb 11 40021 3
vsb 11 40021 4
vsb 11 40021 4
vsb 11 40021 4
vsb 11 40021 5
vsb 11 40021 5
vsb 11 40021 6
vsb 11 40021 6
vsb 11 40021 5
vsn 03 40009 3
vsn 03 40009 3
vsn 03 40009 3
vsn 03 40009 3
vsn 03 40009 3
vsn 03 40009 3
vsn 03 40009 3
vsn 03 40009 3
vsn 03 40009 3
vsn 03 40009 4
vsn 03 40009 3
vsn 03 40009 3
vsn 03 40009 3
vsn 03 40009 3
vsn 03 40009 3
vsn 03 40009 3
vsn 03 40009 3
vsn 03 40009 3
vsn 03 40009 4
vsn 03 40009 3
vsn 03 40009 3
vsn 03 40009 3
vsn 03 40009 4
vsb 03 40048 4
vse 03 40021 3
vse 03 40021 3
vse 03 40021 3
vse 03 40021 3
vse 03 40021 3
vse 03 40021 3
vse 03 40021 3
vse 03 40021 4
vse 03 40021 4
vse 03 40021 4
vse 03 40021 4
vse 03 40021 4
vse 03 40021 3
vse 03 40021 3
vse 03 40021 3
vse 03 40021 3
vse 03 40021 3
vse 03 40021 3
vse 03 40021 3
vse 03 40021 3
vse 03 40021 3
vse 03 40021 3
vse 03 40021 3
vse 03 40021 3
vse 03 40021 3
vse 03 40021 3
vse 03 40021 3
vse 03 40021 3
vse 03 40021 3
vse 03 40021 4
vse 03 40021 3
vse 03 40021 2
vse 03 40021 2
vse 03 40021 2
vse 03 40021 2
vse 03 40021 2
vse 20 40009 6
vse 20 40009 7
vse 20 40009 8
vse 20 40009 9
vse 20 40009 9
vse 20 40009 9
vse 20 40009 9
vse 20 40009 9
vse 20 40009 10
vse 20 40009 11
vse 20 40009 8
vse 20 40009 9
vse 20 40009 9
vse 20 40009 9
vse 20 40009 9
vse 20 40009 9
vse 20 40009 9
vse 20 40009 9
vse 20 40009 9
vse 20 40009 9
vse 20 40009 9
vse 20 40009 9
vse 20 40009 9
vse 20 40009 9
vsn 20 40048 5
vsn 20 40048 5
vsn 20 40048 5
vsn 20 40048 5
vsn 20 40048 5
vsn 20 40048 5
vsn 20 40048 5
vsn 20 40048 5
vsn 20 40048 5
vsn 20 40048 5
vsn 20 40048 5
vsn 20 40048 5
vsn 20 40048 5
vsn 20 40048 5
vsn 20 40048 5
vsn 20 40048 5
vsn 20 40048 5
vsn 20 40048 5
vsn 20 40048 5
vsn 20 40048 5
vsn 20 40048 5
vsn 20 40048 5
vsb 20 40021 7
vsb 20 40021 9
vsb 20 40021 9
vsb 20 40021 8
vsb 20 40021 8
vsb 20 40021 8
vsb 20 40021 8
vsb 20 40021 8
vsb 20 40021 7
vsb 04 40048 2
vsb 04 40048 1
vsb 04 40048 1
vsb 04 40048 2
vsb 04 40048 3
vse 04 40021 3
vse 04 40021 4
vse 04 40021 4
vse 04 40021 4
vse 04 40021 5
vse 04 40021 6
vse 04 40021 6
vse 04 40021 6
vse 04 40021 6
vse 04 40021 6
vse 04 40021 6
vse 04 40021 6
vse 04 40021 6
vse 04 40021 6
vse 04 40021 8
vse 04 40021 8
vse 04 40021 8
vse 04 40021 8
vse 04 40021 8
vse 04 40021 8
vse 04 40021 8
vse 04 40021 8
vse 04 40021 8
vse 04 40021 8
vse 04 40021 8
vse 04 40021 8
vse 04 40021 8
vse 04 40021 8
vsn 04 40009 3
vsn 04 40009 3
vsn 04 40009 3
vsn 04 40009 3
vsn 04 40009 3
vsn 04 40009 5
vsn 04 40009 5
vsn 04 40009 5
vsn 04 40009 5
vsn 04 40009 5
vsn 04 40009 5
vsn 04 40009 5
vsn 04 40009 5
vsn 04 40009 5
vsn 04 40009 5
vsn 04 40009 5
vsn 04 40009 5
vsn 04 40009 5
vsn 04 40009 5
vsn 04 40009 5
vse 05 40048 5
vse 05 40048 5
vse 05 40048 6
vse 05 40048 6
vse 05 40048 7
vse 05 40048 4
vse 05 40048 6
vse 05 40048 4
vse 05 40048 3
vsn 05 40021 6
vsn 05 40021 6
vsn 05 40021 7
vsn 05 40021 5
vsn 05 40021 5
vsb 05 40009 3
vsb 07 40021 7
vsb 07 40021 5
vsb 07 40021 6
vsb 07 40021 8
vsb 07 40021 8
vsb 07 40021 5
vsb 07 40021 5
vsb 07 40021 5
vsb 07 40021 5
vsb 07 40021 9
vse 07 40009 3
vse 07 40009 4
vse 07 40009 5
vse 07 40009 5
vse 07 40009 6
vse 07 40009 6
vse 07 40009 5
vse 07 40009 6
vsn 07 40048 4
vsn 07 40048 6
vsn 07 40048 7
vsn 07 40048 6
vsn 07 40048 5
vsn 07 40048 5
vsn 07 40048 6
vsn 07 40048 5
vsn 07 40048 5
vsn 07 40048 6
vsn 07 40048 6
vsn 07 40048 5
vse 08 40021 3
vse 08 40021 4
vse 08 40021 4
vse 08 40021 5
vse 08 40021 5
vse 08 40021 4
vse 08 40021 4
vse 08 40021 4
vsn 08 40009 3
vsn 08 40009 4
vsn 08 40009 5
vsn 08 40009 5
vsn 08 40009 5
vsn 08 40009 6
vsn 08 40009 4
vsb 08 40048 4
vsb 08 40048 5
vsb 08 40048 6
vsb 08 40048 7
vsb 08 40048 4
vsb 08 40048 5
vsb 08 40048 6
vsb 08 40048 5
vsb 08 40048 6
vsb 08 40048 5
vsb 08 40048 5
vsb 08 40048 4
vsb 08 40048 5
vsb 08 40048 5
vsb 08 40048 6
vsn 09 40021 4
vsn 09 40021 3
vsn 09 40021 5
vsn 09 40021 5
vsn 09 40021 7
vsn 09 40021 3
vsn 09 40021 5
vsn 09 40021 2
vsn 09 40021 5
vsn 09 40021 8
vsn 09 40021 4
vsn 09 40021 5
vsb 09 40009 6
vsb 09 40009 3
vsb 09 40009 2
vsb 09 40009 3
vsb 09 40009 5
vsb 09 40009 4
vsb 09 40009 5
vsb 09 40009 1
vsb 09 40009 4
vsb 09 40009 1
vsb 09 40009 1
vsb 09 40009 2
vse 09 40048 4
vse 09 40048 6
vse 09 40048 6
vse 09 40048 6
vse 09 40048 3
vse 09 40048 5
vse 09 40048 4
vsn 06 40048 4
vsn 06 40048 5
vsn 06 40048 5
vsn 06 40048 5
vsn 06 40048 5
vsn 06 40048 5
vsn 06 40048 4
vsn 06 40048 4
vsb 06 40021 3
vsb 06 40021 4
vse 06 40009 5
vse 06 40009 5
vse 06 40009 5
vse 06 40009 5
vsb 13 40048 5
vsb 13 40048 7
vsb 13 40048 8
vsb 13 40048 8
vsb 13 40048 8
vsb 13 40048 5
vsb 13 40048 9
vsb 13 40048 5
vsb 13 40048 5
vse 13 40021 4
vse 13 40021 4
vse 13 40021 1
vse 13 40021 2
vse 13 40021 3
vse 13 40021 3
vse 13 40021 3
vsn 13 40009 7
vsn 13 40009 7
vsn 13 40009 7
vse 14 40048 6
vse 14 40048 8
vse 14 40048 9
vse 14 40048 9
vse 14 40048 10
vse 14 40048 7
vse 14 40048 12
vse 14 40048 12
vse 14 40048 12
vse 14 40048 6
vse 14 40048 9
vse 14 40048 12
vsn 14 40021 5
vsn 14 40021 7
vsn 14 40021 7
vsn 14 40021 6
vsn 14 40021 8
vsn 14 40021 8
vsn 14 40021 8
vsn 14 40021 10
vsn 14 40021 6
vsn 14 40021 8
vsn 14 40021 6
vsn 14 40021 5
vsn 14 40021 6
vsb 14 40009 6
vsb 14 40009 9
vsb 14 40009 7
vsb 14 40009 9
vsb 14 40009 9
vsb 14 40009 6
vsb 14 40009 7
vsb 14 40009 7
vsb 14 40009 8
vsb 14 40009 9
vsb 14 40009 11
vsb 14 40009 11
vsb 14 40009 11
vsb 14 40009 9
vsb 14 40009 10
vsb 14 40009 8
vsb 14 40009 6
vsn 15 40048 5
vsn 15 40048 6
vsn 15 40048 6
vsn 15 40048 6
vsn 15 40048 7
vsb 15 40021 3
vsb 15 40021 5
vsb 15 40021 5
vsb 15 40021 5
vsb 15 40021 5
vse 15 40009 5
vse 15 40009 7
vse 15 40009 7
vse 15 40009 7
vse 15 40009 7
vse 15 40009 7
vse 15 40009 6
vse 15 40009 6
vse 15 40009 6
vse 15 40009 6
vse 15 40009 9
vsb 16 40021 4
vsb 16 40021 4
vsb 16 40021 5
vsb 16 40021 4
vsb 16 40021 4
vsb 16 40021 5
vsb 16 40021 3
vsb 16 40021 2
vsb 16 40021 5
vsb 16 40021 4
vsb 16 40021 3
vsb 16 40021 3
vsb 16 40021 3
vsb 16 40021 3
vsb 16 40021 5
vsb 16 40021 4
vsb 16 40021 4
vsb 16 40021 3
vsb 16 40021 3
vsb 16 40021 3
vsb 16 40021 3
vsb 16 40021 3
vse 16 40009 5
vse 16 40009 5
vse 16 40009 5
vse 16 40009 6
vse 16 40009 7
vsn 16 40048 4
vsn 16 40048 4
vsn 16 40048 5
vsn 16 40048 6
vsn 16 40048 6
vsn 16 40048 6
vsn 16 40048 4
vsn 16 40048 5
vsn 16 40048 5
vsn 16 40048 5
vsn 16 40048 5
vsn 16 40048 5
vsn 16 40048 5
vse 17 40021 3
vse 17 40021 3
vse 17 40021 2
vse 17 40021 3
vse 17 40021 4
vse 17 40021 4
vse 17 40021 4
vse 17 40021 5
vse 17 40021 4
vse 17 40021 4
vsn 17 40009 3
vsn 17 40009 3
vsn 17 40009 4
vsn 17 40009 4
vsn 17 40009 4
vsn 17 40009 6
vsn 17 40009 6
vsn 17 40009 6
vsn 17 40009 3
vsn 17 40009 5
vsn 17 40009 5
vsb 17 40048 5
vsb 17 40048 6
vsb 17 40048 7
vsb 17 40048 7
vsb 17 40048 7
vsb 17 40048 7
vsb 17 40048 7
vsb 17 40048 6
vsb 17 40048 6
vsb 17 40048 7
vsb 17 40048 5
vsb 17 40048 7
vsb 17 40048 5
vsb 17 40048 7
vsb 17 40048 6
vsb 17 40048 6
vsb 17 40048 5
vsb 17 40048 5
vsb 17 40048 6
vsn 18 40021 3
vsn 18 40021 4
vsn 18 40021 4
vsn 18 40021 5
vsn 18 40021 4
vsb 18 40009 3
vse 18 40048 4
vse 18 40048 4
vse 18 40048 4
vse 18 40048 5
vsb 19 40009 4
vsb 19 40009 6
vsb 19 40009 2
vsb 19 40009 5
vsb 19 40009 4
vse 19 40048 4
vse 19 40048 4
vse 19 40048 5
vse 19 40048 5
vse 19 40048 5
vse 19 40048 5
vse 19 40048 5
vsn 19 40021 3
vsn 19 40021 4
vsn 19 40021 4
vsn 19 40021 4
vsn 19 40021 4
vsn 19 40021 6
vsn 19 40021 6
vsn 19 40021 6
vsn 19 40021 4
vsn 21 40009 3
vsn 21 40009 4
vsn 21 40009 4
vsn 21 40009 5
vsn 21 40009 5
vsn 21 40009 5
vsn 21 40009 4
vsb 21 40048 5
vsb 21 40048 6
vsb 21 40048 2
vsb 21 40048 2
vsb 21 40048 4
vsb 21 40048 4
vsb 21 40048 5
vse 21 40021 4
vse 21 40021 4
vse 21 40021 4
vse 21 40021 5
vse 21 40021 5
vse 21 40021 6
vsn 12 40009 5
vsn 12 40009 6
vsn 12 40009 7
vsn 12 40009 8
vsn 12 40009 9
vsn 12 40009 6
vsn 12 40009 6
vsn 12 40009 6
vsn 12 40009 7
vsn 12 40009 6
vsn 12 40009 5
vsn 12 40009 3
vsn 12 40009 6
vsn 12 40009 5
vsn 12 40009 7
vsn 12 40009 7
vsn 12 40009 5
vsb 12 40048 5
vsb 12 40048 5
vsb 12 40048 7
vsb 12 40048 6
vsb 12 40048 7
vsb 12 40048 6
vsb 12 40048 6
vsb 12 40048 7
vsb 12 40048 8
vse 12 40021 6
vse 12 40021 5
vse 12 40021 5
vse 12 40021 5
vse 12 40021 5
vse 12 40021 6
vse 12 40021 3
vse 12 40021 4
vse 12 40021 5
vsn 01 40021 5
vsn 01 40021 3
vsn 01 40021 4
vsn 01 40021 4
vsn 01 40021 5
vse 23 40048 5
vse 23 40048 5
vse 23 40048 5
vse 23 40048 6
vse 23 40048 6
vse 23 40048 4
vse 23 40048 4
vse 23 40048 4
vse 23 40048 4
vse 23 40048 4
vsn 23 40021 4
vsn 23 40021 5
vsn 23 40021 6
vsn 23 40021 4
vsn 23 40021 4
vsn 23 40021 4
vsb 23 40009 7
vsb 23 40009 5
vsb 23 40009 7
vsn 24 40048 4
vsn 24 40048 4
vsn 24 40048 4
vsn 24 40048 6
vsn 24 40048 6
vsn 24 40048 5
vsn 24 40048 4
vsn 24 40048 6
vsb 24 40021 4
vsb 24 40021 4
vsb 24 40021 9
vsb 24 40021 8
vsb 24 40021 5
vsb 24 40021 6
vse 24 40009 4
vse 24 40009 7
vse 24 40009 6
vse 24 40009 5
vse 24 40009 6
vse 24 40009 7
vse 24 40009 7
vse 24 40009 8
vse 24 40009 9
vse 24 40009 2
vse 24 40009 3
vse 24 40009 4
vse 24 40009 5
vse 24 40009 10
vsb 25 40021 5
vsb 25 40021 7
vsb 25 40021 8
vsb 25 40021 10
vsb 25 40021 6
vsb 25 40021 7
vsb 25 40021 7
vsb 25 40021 4
vsb 25 40021 6
vsb 25 40021 5
vsb 25 40021 6
vsb 25 40021 7
vsb 25 40021 8
vse 25 40009 5
vse 25 40009 7
vse 25 40009 7
vse 25 40009 7
vse 25 40009 7
vse 25 40009 7
vse 25 40009 7
vse 25 40009 8
vsn 25 40048 3
vsn 25 40048 5
vsn 25 40048 5
vse 26 40021 3
vse 26 40021 3
vse 26 40021 3
vse 26 40021 4
vse 26 40021 5
vse 26 40021 5
vse 26 40021 7
vse 26 40021 3
vse 26 40021 3
vse 26 40021 4
vse 26 40021 5
vsn 26 40009 5
vsn 26 40009 5
vsn 26 40009 5
vsn 26 40009 5
vsn 26 40009 5
vsn 26 40009 2
vsn 26 40009 2
vsn 26 40009 3
vsn 26 40009 3
vsb 26 40048 1
vsb 26 40048 3
vsb 26 40048 4
vsb 26 40048 4
vsb 26 40048 4
vsb 26 40048 5
vsb 26 40048 5
vsb 26 40048 5
vsb 26 40048 5
vsb 26 40048 4
vsb 26 40048 4
vsb 26 40048 3
vsb 26 40048 3
vsn 27 40021 4
vsn 27 40021 6
vsn 27 40021 5
vsn 27 40021 6
vsn 27 40021 6
vsn 27 40021 6
vsn 27 40021 4
vsn 27 40021 5
vsn 27 40021 5
vsn 27 40021 6
vsn 27 40021 6
vsn 27 40021 6
vsn 27 40021 7
vsn 27 40021 5
vsn 27 40021 6
vsn 27 40021 6
vsn 27 40021 6
vsb 27 40009 3
vsb 27 40009 4
vsb 27 40009 5
vsb 27 40009 5
vsb 27 40009 5
vsb 27 40009 4
vsb 27 40009 5
vsb 27 40009 4
vse 27 40048 3
vse 27 40048 4
vse 27 40048 5
vse 27 40048 5
vse 27 40048 6
vse 27 40048 7
vse 27 40048 4
vse 27 40048 5
vse 27 40048 3
vse 27 40048 4
vse 27 40048 3
vsb 22 40048 3
vsb 22 40048 4
vsb 22 40048 4
vsb 22 40048 5
vsb 22 40048 3
vsb 22 40048 4
vsb 22 40048 5
vsb 22 40048 6
vsb 22 40048 5
vsb 22 40048 6
vse 22 40021 3
vse 22 40021 4
vse 22 40021 5
vse 22 40021 5
vse 22 40021 5
vse 22 40021 6
vse 22 40021 5
vse 22 40021 4
vse 22 40021 3
vse 22 40021 3
vse 22 40021 4
vse 22 40021 4
vse 22 40021 4
vsn 22 40009 5
vsn 22 40009 5
vsn 22 40009 7
vsn 22 40009 6
vsn 22 40009 7
vsn 22 40009 6
