vsn 03 40009 1 8
vsn 03 40009 1 7
vsn 03 40009 1 6
vsn 03 40009 2 8
vsn 03 40009 3 8
vsn 03 40009 3 6
vsn 03 40009 4 6?
vsn 03 40009 5 3
vsn 03 40009 5 5
vsn 03 40009 6 1
vsn 03 40009 6 2
vsn 03 40009 6 3
vsn 03 40009 6 4
vsn 03 40009 7 1
vse 03 40021 1 13
vse 03 40021 1 1
vse 03 40021 3 12
vse 03 40021 3 10
vse 03 40021 5 9
vse 03 40021 6 8?
vse 03 40021 7 3
vse 03 40021 9 4?
vse 03 40021 9 3
vse 03 40021 9 2
vse 03 40021 10 10?
vse 03 40021 11 7
vse 03 40021 11 5
vse 03 40021 12 5
vsb 03 40048 1 9
vsb 03 40048 1 10
vsb 03 40048 2 8
vsb 03 40048 3 6?
vsb 03 40048 3 7
vsb 03 40048 4 2
vsb 03 40048 5 1
vsb 03 40048 6 6
vsb 03 40048 7 3
vsb 03 40048 7 5
vsb 03 40048 8 4
vsn 04 40009 1 6
vsn 04 40009 1 7
vsn 04 40009 1 1
vsn 04 40009 2 2
vsn 04 40009 3 3
vsn 04 40009 3 5
vsn 04 40009 4 9
vsn 04 40009 4 7
vsn 04 40009 5 6
vsn 04 40009 6 1
vsn 04 40009 6 2
vsn 04 40009 6 3
vsn 04 40009 7 7
vsn 04 40009 7 9
vse 04 40021 1 2
vse 04 40021 1 7
vse 04 40021 1 11
vse 04 40021 2 11
vse 04 40021 3 2
vse 04 40021 4 2
vse 04 40021 4 7
vse 04 40021 5 2
vse 04 40021 6 7
vse 04 40021 7 3
vse 04 40021 8 3
vse 04 40021 8 4
vse 04 40021 9 9
vse 04 40021 10 1
vse 04 40021 11 5
vse 04 40021 11 10
vse 04 40021 12 5
vse 04 40021 12 10
vsb 04 40048 1 2
vsb 04 40048 1 13
vsb 04 40048 1 14
vsb 04 40048 1 15
vsb 04 40048 2 1
vsb 04 40048 2 2
vsb 04 40048 2 13
vsb 04 40048 2 14
vsb 04 40048 3 6
vsb 04 40048 3 12
vsb 04 40048 4 5
vsb 04 40048 4 9
vsb 04 40048 4 11
vsb 04 40048 5 5
vsb 04 40048 5 9
vsb 04 40048 5 11
vsb 04 40048 6 3
vsb 04 40048 6 6
vsb 04 40048 7 11
vsb 04 40048 7 5
vsb 04 40048 7 9
vsb 04 40048 8 7
vsb 04 40048 8 10
vsn 05 40021 1 9
vsn 05 40021 1 5
vsn 05 40021 2 9
vsn 05 40021 2 5
vsn 05 40021 3 9
vsn 05 40021 3 5
vsn 05 40021 4 9
vsn 05 40021 4 5
vsn 05 40021 6 6
vsn 05 40021 6 5
vsn 05 40021 8 3
vsn 05 40021 8 9
vsn 05 40021 9 6
vsn 05 40021 9 8
vsn 05 40021 10 3
vsn 05 40021 11 4
vsn 05 40021 11 2
vsn 05 40021 11 1
vsn 05 40021 12 1
vse 05 40048 1 3
vse 05 40048 1 8
vse 05 40048 1 5
vse 05 40048 2 7
vse 05 40048 2 5
vse 05 40048 3 1
vse 05 40048 4 2
vse 05 40048 6 8
vse 05 40048 6 2
vse 05 40048 7 2
vse 05 40048 8 4
vse 06 40009 1 1
vse 06 40009 1 3
vse 06 40009 1 26
vse 06 40009 1 14
vse 06 40009 1 15
vse 06 40009 1 26
vse 06 40009 1 18
vse 06 40009 1 4
vse 06 40009 2 2
vse 06 40009 2 4
vse 06 40009 3 22
vse 06 40009 3 24
vse 06 40009 3 25
vse 06 40009 3 21
vse 06 40009 3 12
vse 06 40009 4 14
vse 06 40009 4 15
vse 06 40009 5 15
vse 06 40009 5 19
vse 06 40009 5 7
vse 06 40009 5 6
vse 06 40009 5 5
vse 06 40009 6 23
vse 06 40009 6 22
vse 06 40009 6 20
vse 06 40009 6 16
vse 06 40009 6 13
vse 06 40009 6 11
vse 06 40009 6 10
vse 06 40009 6 8
vse 06 40009 7 21
vse 06 40009 7 8
vsb 06 40021 1 2
vsb 06 40021 1 6
vsb 06 40021 1 7
vsb 06 40021 1 9
vsb 06 40021 1 20
vsb 06 40021 1 22
vsb 06 40021 3 10
vsb 06 40021 4 9
vsb 06 40021 5 8
vsb 06 40021 5 10
vsb 06 40021 5 11
vsb 06 40021 5 15
vsb 06 40021 6 5
vsb 06 40021 7 12
vsb 06 40021 9 12
vsb 06 40021 10 14
vsb 06 40021 10 24
vsb 06 40021 11 17
vsb 06 40021 11 18
vsb 06 40021 11 2
vsb 06 40021 11 1
vsb 06 40021 12 18
vsb 06 40021 12 19
vsb 06 40021 12 2
vsb 06 40021 12 1
vsn 06 40048 1 1
vsn 06 40048 1 7
vsn 06 40048 1 5
vsn 06 40048 2 ?
vsn 06 40048 3 3
vsn 06 40048 4 2
vsn 06 40048 4 6
vsn 06 40048 5 2
vsn 06 40048 6 4
vsn 06 40048 7 2
vsn 06 40048 7 6
vsn 06 40048 8 2
vse 07 40009 1 6
vse 07 40009 2 5
vse 07 40009 3 4
vse 07 40009 4 3
vse 07 40009 5 2
vse 07 40009 6 1
vsb 07 40021 1 2
vsb 07 40021 2 5
vsb 07 40021 3 4
vsb 07 40021 4 4
vsb 07 40021 5 3
vsb 07 40021 6 1
vsn 07 40048 1 4
vsn 07 40048 2 3
vsn 07 40048 3 2
vsn 07 40048 6 1
vsn 08 40009 1 4
vsn 08 40009 2 3
vsn 08 40009 3 4
vsn 08 40009 5 2
vse 08 40021 1 3
vse 08 40021 2 3
vsb 08 40048 1 6
vsb 08 40048 1 14
vsb 08 40048 1 13
vsb 08 40048 2 7
vsb 08 40048 2 11
vsb 08 40048 3 4
vsb 08 40048 3 10
vsb 08 40048 6 5
vsb 08 40048 7 1
vsb 08 40048 7 2
vsb 08 40048 7 8
vsb 08 40048 7 3
vsb 08 40048 7 9
vsb 09 40009 1 22
vsb 09 40009 1 24
vsb 09 40009 2 3
vsb 09 40009 2 12
vsb 09 40009 2 18
vsb 09 40009 3 2
vsb 09 40009 3 19
vsb 09 40009 3 23
vsb 09 40009 4 4
vsb 09 40009 4 3
vsb 09 40009 4 2
vsb 09 40009 4 24
vsb 09 40009 5 3
vsb 09 40009 5 5
vsb 09 40009 5 13
vsb 09 40009 5 19
vsb 09 40009 6 1
vsb 09 40009 6 7
vsb 09 40009 6 8
vsb 09 40009 6 9
vsb 09 40009 6 11
vsb 09 40009 6 13
vsb 09 40009 6 19
vsb 09 40009 6 20
vsb 09 40009 6 21
vsb 09 40009 6 23
vsb 09 40009 7 6
vsb 09 40009 7 7
vsb 09 40009 7 10
vsb 09 40009 7 11
vsb 09 40009 7 20
vsb 09 40009 7 21
vsb 09 40009 7 23
vsn 09 40021 1 10
vsn 09 40021 2 14
vsn 09 40021 2 10
vsn 09 40021 3 14
vsn 09 40021 4 2
vsn 09 40021 5 13
vsn 09 40021 5 12
vsn 09 40021 5 4?
vsn 09 40021 6 6
vsn 09 40021 8 1
vsn 09 40021 9 8
vsn 09 40021 9 6
vsn 09 40021 10 9
vsn 09 40021 10 15
vsn 09 40021 10 16
vsn 09 40021 10 14
vsn 09 40021 10 5
vsn 09 40021 11 7
vsn 09 40021 11 5
vsn 09 40021 12 11
vsn 09 40021 12 7
vse 09 40048 1 3
vse 09 40048 1 8
vse 09 40048 1 10
vse 09 40048 1 11
vse 09 40048 1 13
vse 09 40048 1 19
vse 09 40048 1 25
vse 09 40048 1 26
vse 09 40048 1 27
vse 09 40048 1 28
vse 09 40048 1 30
vse 09 40048 1 33
vse 09 40048 1 34
vse 09 40048 1 35?
vse 09 40048 1 37
vse 09 40048 1 39
vse 09 40048 2 13
vse 09 40048 2 27
vse 09 40048 2 28
vse 09 40048 2 30
vse 09 40048 2 33
vse 09 40048 2 34
vse 09 40048 2 35
vse 09 40048 2 37
vse 09 40048 2 39
vse 09 40048 3 8
vse 09 40048 3 14
vse 09 40048 3 22
vse 09 40048 3 30
vse 09 40048 3 36
vse 09 40048 3 38
vse 09 40048 3 39
vse 09 40048 4 6
vse 09 40048 4 22
vse 09 40048 5 1
vse 09 40048 5 2
vse 09 40048 5 7
vse 09 40048 5 20
vse 09 40048 5 21
vse 09 40048 5 22
vse 09 40048 5 23
vse 09 40048 5 31
vse 09 40048 5 32
vse 09 40048 6 9
vse 09 40048 6 22
vse 09 40048 6 24
vse 09 40048 6 29
vse 09 40048 7 4
vse 09 40048 7 5
vse 09 40048 7 12
vse 09 40048 7 15
vse 09 40048 7 16
vse 09 40048 7 17
vse 09 40048 7 18
vse 09 40048 7 22
vse 09 40048 7 23
vse 09 40048 7 31
vse 09 40048 7 32
vse 09 40048 8 1
vse 09 40048 8 2
vse 09 40048 8 7
vse 09 40048 8 16
vse 09 40048 8 18
vse 09 40048 8 20
vse 09 40048 8 21
vse 09 40048 8 22
vse 09 40048 8 23
vse 09 40048 8 31
vse 09 40048 8 32
vsb 10 40009 1 8
vsb 10 40009 3 1
vsb 10 40009 3 7
vsb 10 40009 4 6
vsb 10 40009 5 5
vsb 10 40009 5 4
vsb 10 40009 7 2
vsb 10 40009 7 3
vse 10 40048 1 5
vse 10 40048 1 6
vse 10 40048 1 7
vse 10 40048 2 9
vse 10 40048 2 10
vse 10 40048 2 8
vse 10 40048 3 4
vse 10 40048 4 1
vse 10 40048 6 3
vse 10 40048 8 3
vse 11 40009 1 15
vse 11 40009 2 13
vse 11 40009 2 12
vse 11 40009 3 7
vse 11 40009 3 2
vse 11 40009 4 12
vse 11 40009 5 9
vse 11 40009 5 8
vse 11 40009 5 11
vse 11 40009 6 6
vse 11 40009 7 5
vse 11 40009 7 4?
vse 11 40009 7 1
vsb 11 40021 1 3
vsb 11 40021 1 14
vsb 11 40021 2 3
vsb 11 40021 2 7
vsb 11 40021 3 2
vsb 11 40021 3 6
vsb 11 40021 3 7
vsb 11 40021 4 2
vsb 11 40021 5 11
vsb 11 40021 6 10
vsb 11 40021 8 1
vsb 11 40021 9 9
vsb 11 40021 10 1
vsb 11 40021 11 5
vsb 11 40021 11 13
vsb 11 40021 11 4
vsb 11 40021 12 13
vsb 11 40021 12 5
vsb 11 40021 12 4
vsn 11 40048 1 13
vsn 11 40048 1 12
vsn 11 40048 2 12
vsn 11 40048 2 3
vsn 11 40048 3 10
vsn 11 40048 4 8
vsn 11 40048 4 9
vsn 11 40048 5 2
vsn 11 40048 6 6
vsn 11 40048 7 5
vsn 11 40048 8 1
vsn 13 40009 1 12
vsn 13 40009 1 13
vsn 13 40009 2 2
vsn 13 40009 3 7
vsn 13 40009 3 6
vsn 13 40009 3 10
vsn 13 40009 4 11
vsn 13 40009 5 9
vsn 13 40009 6 9
vsn 13 40009 6 10
vsn 13 40009 7 12
vsn 13 40009 7 3?
vsn 13 40009 7 1
vse 13 40021 1 8
vse 13 40021 1 4
vse 13 40021 2 8
vse 13 40021 2 4
vse 13 40021 3 7
vse 13 40021 5 8
vse 13 40021 7 1
vse 13 40021 7 2
vse 13 40021 10 4
vse 13 40021 10 7
vse 13 40021 11 1
vse 13 40021 11 2
vse 13 40021 12 2
vsb 13 40048 1 2
vsb 13 40048 1 1
vsb 13 40048 1 7
vsb 13 40048 2 1
vsb 13 40048 3 5
vsb 13 40048 3 8
vsb 13 40048 3 3
vsb 13 40048 4 6
vsb 13 40048 4 4
vsb 13 40048 5 3
vsb 13 40048 6 5
vsb 13 40048 7 6
vsb 13 40048 7 4
vsb 13 40048 8 7
vsb 13 40048 8 6
vsb 13 40048 8 4
vsb 14 40009 1 10
vsb 14 40009 2 9
vsb 14 40009 3 8
vsb 14 40009 4 2
vsb 14 40009 5 1
vsb 14 40009 6 5
vsb 14 40009 6 2
vsb 14 40009 7 4
vsn 14 40021 1 7
vsn 14 40021 1 6
vsn 14 40021 2 5
vsn 14 40021 3 4
vsn 14 40021 4 4
vsn 14 40021 6 2
vsn 14 40021 7 3
vsn 14 40021 8 1
vsn 14 40021 10 2
vsn 14 40021 11 3
vsn 14 40021 12 3
vse 14 40048 1 8
vse 14 40048 2 8
vse 14 40048 3 6
vse 14 40048 4 5
vse 14 40048 5 1
vse 14 40048 6 3
vse 14 40048 7 2
vse 14 40048 8 4
vse 15 40009 1 7
vse 15 40009 1 8
vse 15 40009 2 1!
vse 15 40009 5 2
vse 15 40009 6 3
vse 15 40009 6 4
vse 15 40009 6 5
vse 15 40009 6 6
vsb 15 40021 1 20
vsb 15 40021 2 20
vsb 15 40021 3 6
vsb 15 40021 3 9
vsb 15 40021 5 13
vsb 15 40021 6 5
vsb 15 40021 6 7
vsb 15 40021 6 16
vsb 15 40021 8 4
vsb 15 40021 8 14
vsb 15 40021 9 16
vsb 15 40021 11 8
vsb 15 40021 11 15
vsb 15 40021 11 17
vsb 15 40021 11 18
vsb 15 40021 12 11
vsb 15 40021 12 12
vsb 15 40021 12 14
vsn 15 40048 1 9
vsn 15 40048 2 8
vsn 15 40048 2 5
vsn 15 40048 3 2
vsn 15 40048 3 4
vsn 15 40048 3 7
vsn 15 40048 4 1
vsn 15 40048 7 3
vse 16 40009 1 15
vse 16 40009 1 16
vse 16 40009 1 11
vse 16 40009 1 9
vse 16 40009 1 12
vse 16 40009 2 4
vse 16 40009 3 3
vse 16 40009 4 4
vse 16 40009 5 5
vse 16 40009 6 1
vse 16 40009 6 2
vse 16 40009 6 8
vse 16 40009 7 14
vsb 16 40021 1 2
vsb 16 40021 2 2
vsb 16 40021 3 8
vsb 16 40021 5 4
vsb 16 40021 6 3
vsb 16 40021 9 3
vsb 16 40021 10 2
vsb 16 40021 11 1
vsb 16 40021 11 7
vsn 16 40048 1 13
vsn 16 40048 1 14
vsn 16 40048 2 11
vsn 16 40048 3 14
vsn 16 40048 3 10
vsn 16 40048 4 7
vsn 16 40048 5 2
vsn 16 40048 6 10
vsn 16 40048 7 13
vsn 16 40048 7 8
vsn 16 40048 7 7
vsn 16 40048 7 6
vsn 16 40048 8 2
vsn 17 40009 1 5
vsn 17 40009 1 10
vsn 17 40009 2 11
vsn 17 40009 2 4
vsn 17 40009 3 1
vsn 17 40009 3 8
vsn 17 40009 3 10
vsn 17 40009 4 11
vsn 17 40009 4 10
vsn 17 40009 5 3
vsn 17 40009 6 1
vsn 17 40009 6 2
vsn 17 40009 7 1
vsn 17 40009 7 7?
vsn 17 40009 7 9
vsn 17 40009 7 5
vse 17 40021 1 5
vse 17 40021 1 3
vse 17 40021 2 10
vse 17 40021 3 1
vse 17 40021 3 5
vse 17 40021 4 5
vse 17 40021 4 3
vse 17 40021 5 10
vse 17 40021 5 11
vse 17 40021 6 4
vse 17 40021 6 7
vse 17 40021 7 3
vse 17 40021 7 1
vse 17 40021 8 3
vse 17 40021 9 4
vse 17 40021 10 9
vse 17 40021 11 7
vse 17 40021 12 4
vsb 17 40048 1 8
vsb 17 40048 1 6
vsb 17 40048 2 1
vsb 17 40048 2 8
vsb 17 40048 2 13
vsb 17 40048 3 3
vsb 17 40048 4 17
vsb 17 40048 4 14
vsb 17 40048 5 7
vsb 17 40048 5 10
vsb 17 40048 5 17
vsb 17 40048 6 16
vsb 17 40048 6 17
vsb 17 40048 7 12
vsb 17 40048 7 14
vsb 18 40009 1 6
vsb 18 40009 1 2
vsb 18 40009 3 6
vsb 18 40009 4 2
vsb 18 40009 5 1
vsb 18 40009 5 3
vsb 18 40009 6 3
vsb 18 40009 6 4
vsb 18 40009 6 8
vsb 18 40009 7 5
vsn 18 40021 1 9
vsn 18 40021 2 3
vsn 18 40021 2 9
vsn 18 40021 3 6
vsn 18 40021 4 6
vsn 18 40021 5 2
vsn 18 40021 5 4
vsn 18 40021 6 5
vsn 18 40021 9 5
vsn 18 40021 10 4
vsn 18 40021 11 1
vse 18 40048 1 1
vse 18 40048 1 8
vse 18 40048 2 12
vse 18 40048 3 10
vse 18 40048 4 11
vse 18 40048 5 3
vse 18 40048 7 2
vse 18 40048 7 6
vse 18 40048 7 7
vse 18 40048 8 6
vse 18 40048 8 9
vsb 19 40009 1 8
vsb 19 40009 1 5
vsb 19 40009 2 8
vsb 19 40009 3 2
vsb 19 40009 3 6
vsb 19 40009 4 8
vsb 19 40009 5 7
vsb 19 40009 6 2
vsb 19 40009 6 3
vsb 19 40009 6 4
vsb 19 40009 7 1
vsn 19 40021 1 2
vsn 19 40021 1 3
vsn 19 40021 1 4
vsn 19 40021 1 7
vsn 19 40021 2 3
vsn 19 40021 3 7
vsn 19 40021 5 1
vsn 19 40021 6 3
vsn 19 40021 6 5
vsn 19 40021 6 8
vsn 19 40021 6 10
vsn 19 40021 8 2
vsn 19 40021 8 4
vsn 19 40021 9 10
vsn 19 40021 9 8
vsn 19 40021 9 6
vsn 19 40021 11 9
vsn 19 40021 11 4
vse 19 40048 1 2
vse 19 40048 1 6
vse 19 40048 1 12
vse 19 40048 1 14
vse 19 40048 2 10
vse 19 40048 2 11
vse 19 40048 3 13
vse 19 40048 4 1
vse 19 40048 4 3
vse 19 40048 5 4
vse 19 40048 6 5
vse 19 40048 6 7
vse 19 40048 6 8
vse 19 40048 7 1
vse 19 40048 7 3
vse 19 40048 8 1
vse 19 40048 8 3
vse 20 40009 1 5
vse 20 40009 3 1
vse 20 40009 3 3
vse 20 40009 5 4
vse 20 40009 6 2
vse 20 40009 6 3
vse 20 40009 7 4
vse 20 40009 7 5
vsb 20 40021 1 7
vsb 20 40021 1 9
vsb 20 40021 1 10
vsb 20 40021 1 11
vsb 20 40021 1 12
vsb 20 40021 3 12
vsb 20 40021 4 9
vsb 20 40021 5 5
vsb 20 40021 6 1
vsb 20 40021 7 2
vsb 20 40021 7 4
vsb 20 40021 7 6
vsb 20 40021 8 3
vsb 20 40021 9 4
vsb 20 40021 9 8
vsb 20 40021 10 7
vsb 20 40021 10 9
vsb 20 40021 10 10
vsb 20 40021 10 11
vsb 20 40021 12 4
vsb 20 40021 12 8
vsn 20 40048 1 1
vsn 20 40048 1 3
vsn 20 40048 1 9
vsn 20 40048 2 1
vsn 20 40048 2 8
vsn 20 40048 3 10
vsn 20 40048 4 5
vsn 20 40048 5 4
vsn 20 40048 6 6
vsn 20 40048 7 2
vsn 20 40048 7 7
vsn 20 40048 8 5
vsn 21 40009 1 13
vsn 21 40009 2 12
vsn 21 40009 2 11
vsn 21 40009 3 1
vsn 21 40009 3 3
vsn 21 40009 4 13
vsn 21 40009 5 7
vsn 21 40009 5 10
vsn 21 40009 6 10
vsn 21 40009 6 9
vsn 21 40009 6 8
vsn 21 40009 6 5
vsn 21 40009 7 7
vsn 21 40009 7 6
vsn 21 40009 7 2
vsn 21 40009 7 4
vse 21 40021 1 20
vse 21 40021 1 19
vse 21 40021 2 18
vse 21 40021 3 17
vse 21 40021 4 19
vse 21 40021 5 17
vse 21 40021 5 13
vse 21 40021 5 11
vse 21 40021 6 14
vse 21 40021 6 15
vse 21 40021 7 15
vse 21 40021 7 12
vse 21 40021 8 16
vse 21 40021 10 11
vse 21 40021 11 2
vse 21 40021 11 3
vse 21 40021 11 1
vse 21 40021 11 5
vse 21 40021 12 9
vse 21 40021 12 3
vse 21 40021 12 6
vsb 21 40048 1 17
vsb 21 40048 1 16
vsb 21 40048 2 15
vsb 21 40048 3 12
vsb 21 40048 3 11
vsb 21 40048 3 8
vsb 21 40048 4 14
vsb 21 40048 5 4
vsb 21 40048 5 3
vsb 21 40048 6 7
vsb 21 40048 7 9
vsb 21 40048 7 2
vsb 21 40048 7 1
vsb 21 40048 8 4
vsb 21 40048 8 3
vsb 22 40048 1 6
vsb 22 40048 1 7
vsb 22 40048 2 5
vsb 22 40048 3 2
vsb 22 40048 4 4
vsb 22 40048 6 1
vsb 22 40048 7 3
vse 22 40021 1 8
vse 22 40021 2 1
vse 22 40021 3 7
vse 22 40021 5 2
vse 22 40021 5 6
vse 22 40021 6 3
vse 22 40021 10 5
vse 22 40021 11 4
vsn 22 40009 1 8
vsn 22 40009 2 7
vsn 22 40009 3 2
vsn 22 40009 4 6
vsn 22 40009 5 1
vsn 22 40009 6 2
vsn 22 40009 6 3
vsn 22 40009 6 4
vsn 22 40009 7 5
vsb 23 40009 1 8
vsb 23 40009 2 9
vsb 23 40009 2 7
vsb 23 40009 3 6
vsb 23 40009 4 2
vsb 23 40009 5 4
vsb 23 40009 6 3
vsb 23 40009 7 1
vsn 23 40021 1 11
vsn 23 40021 1 12
vsn 23 40021 1 13
vsn 23 40021 1 14
vsn 23 40021 3 12
vsn 23 40021 4 1
vsn 23 40021 5 10
vsn 23 40021 6 9
vsn 23 40021 7 2
vsn 23 40021 8 6
vsn 23 40021 10 10
vsn 23 40021 11 8
vsn 23 40021 12 4
vse 23 40048 1 10
vse 23 40048 2 8
vse 23 40048 3 7
vse 23 40048 4 3
vse 23 40048 5 4
vse 23 40048 6 5
vse 23 40048 7 3
vsn 24 40048 1 1
vsn 24 40048 1 6
vsn 24 40048 2 1
vsn 24 40048 2 6
vsn 24 40048 3 10
vsn 24 40048 4 9
vsn 24 40048 5 2
vsn 24 40048 5 4
vsn 24 40048 6 11
vsn 24 40048 7 3
vsn 24 40048 8 2
vsb 24 40021 1 11
vsb 24 40021 2 11
vsb 24 40021 3 7
vsb 24 40021 5 10
vsb 24 40021 6 2
vsb 24 40021 7 12
vsb 24 40021 8 6
vsb 24 40021 9 1
vsb 24 40021 9 6
vsb 24 40021 10 5
vsb 24 40021 11 9
vsb 24 40021 11 3
vsb 24 40021 12 6
vse 24 40009 1 10
vse 24 40009 3 7
vse 24 40009 4 4
vse 24 40009 5 8
vse 24 40009 6 9
vse 24 40009 6 7
vse 24 40009 6 6
vse 24 40009 6 3
vse 24 40009 7 2
vse 24 40009 7 4
vse 24 40009 7 6
vse 24 40009 7 7
vse 24 40009 7 9
vse 24 40009 7 10
vsn 25 40048 1 12
vsn 25 40048 1 13
vsn 25 40048 2 14
vsn 25 40048 2 3
vsn 25 40048 3 6
vsn 25 40048 4 5
vsn 25 40048 5 1
vsn 25 40048 6 2
vsn 25 40048 7 5
vsn 25 40048 7 8
vsn 25 40048 8 1
vsb 25 40021 1 3
vsb 25 40021 2 3
vsb 25 40021 3 8
vsb 25 40021 5 6
vsb 25 40021 6 1
vsb 25 40021 6 2
vsb 25 40021 7 5
vsb 25 40021 9 1
vsb 25 40021 10 6
vsb 25 40021 11 1
vsb 25 40021 12 1
vse 25 40009 1 4
vse 25 40009 3 2
vse 25 40009 3 5
vse 25 40009 4 3
vse 25 40009 5 8
vse 25 40009 6 8
vse 25 40009 6 9
vse 25 40009 6 1
vse 25 40009 7 7
vsn 26 40009 1 6
vsn 26 40009 2 4
vsn 26 40009 3 4
vsn 26 40009 4 4
vsn 26 40009 5 3
vsn 26 40009 6 1
vsn 26 40009 6 2
vsn 26 40009 6 5
vsn 26 40009 7 2
vsn 26 40009 7 5
vse 26 40021 1 2
vse 26 40021 1 3
vse 26 40021 1 4
vse 26 40021 8 1
vsb 26 40048 1 8
vsb 26 40048 1 10
vsb 26 40048 2 9
vsb 26 40048 3 7
vsb 26 40048 4 5
vsb 26 40048 6 6
vsb 26 40048 7 1
vsb 26 40048 7 2
vsb 26 40048 7 3
vsb 26 40048 8 4
vsn 27 40021 1 7
vsn 27 40021 3 6
vsn 27 40021 5 5
vsn 27 40021 6 4
vsn 27 40021 11 1
vse 27 40048 1 10
vse 27 40048 1 7
vse 27 40048 1 8
vse 27 40048 1 3
vse 27 40048 2 9
vse 27 40048 3 5
vse 27 40048 4 6
vse 27 40048 6 4
vse 27 40048 7 1
vse 27 40048 8 2
vsb 27 40009 1 10
vsb 27 40009 1 12
vsb 27 40009 2 5
vsb 27 40009 3 4
vsb 27 40009 4 1
vsb 27 40009 4 5
vsb 27 40009 4 6
vsb 27 40009 5 3
vsb 27 40009 5 11
vsb 27 40009 6 8
vsb 27 40009 6 7
vsb 27 40009 6 2
vsb 27 40009 7 9
