03-40009-n	8 7 6	8	8 6	10?	3 5	1 2 3 4	1						
03-40021	13 1		12 10		9	8?	3		4? 3 2	10?	7 5	5	1
03-40048	9 10	8	6? 7	2	1	6	3 5	4					
04-40009	6 7 1	2	3 5	9 7	6	1 2 3	7 9						
04-40021-e	2 7 11	11	2	2 7	2	7	3	3 4	9	1	5 10	5 10	3 4
04-40048-b	2 13 14 15	1 2 13 14	6 12	5 9 11	5 9 11	3 6	11 5 9	7 10					
05-40009-b													
05-40021-n	9 5	9 5	9 5	9 5		6 5		3 9	6 8	3	4 2 1	1	5
05-40048-e	3 8 5	7 5	1	2		8 2	2	4					
06-40009-e	1 3 26 14 15 26 18 4	2 4	22 24 25 21 12	14 15	15 19 7 6 5	23 22 20 16 13 11 10 8	21 8						
06-40021-b	2 6 7 9 20 22		10	9	8 10 11 15	5	12		12	14 24	17 18 2 1	18 19 2 1	3 4 6 20 21 22
06-40048-n	1 5 4	?	3	2 39	2	37	2 39	2					
07-40009-e	6	5	4	3	2	1							
07-40021-b	2	5	4	4	3	1							
07-40048-n	4	3	2			1							
08-40009-n	4	3	4		2								
08-40021-e	3	3											
08-40048-b	6 14 13	7 11	4 10			5	1 2 8 3 9						
09-40009-b	22 24	3 12 18	2 19 23	4 3 2 24	3 5 13 19	1 7 8 9 11 13 19 20 21 23	6 7 10 11 20 21 23						
09-40021-n	10	14 10	14	2	13 12 4?	6		1	8 6	9 15 16 14 5	7 5	11 7	16 14 10
09-40048-e	3 8 10 11 13 19 25 26 27 28 30 33 34 35? 37 39	13 27 28 30 33 34 35 37 39	8 14 22 30 36 38 39	6 22	1 2 7 20 21 22 23 31 32	9 22 24 29	4 5 12 15 16 17 18 22 23 31 32	1 2 7 16 18 20 21 22 23 31 32					
10-40009-b	8		1 7	6	5 4		2 3						
10-40048-e	5 6 7	9 10 8	4	1		3		3					
11-40009-e	15	13 12	7 2	12	9 8 11	6	5 4? 1						
11-40021-b	3 14	3 7	2 6 7	2	11	10		1	9	1	5 13 4	13 5 4	8 14 3 1
11-40048-n	13 12	12 3	10	8 9	2	6	5	1					
13-40009-n	12 13	2	7 6 10	11	9	9 10	12 3? 1						
13-40021-e	8 4	8 4	7		8		1 2			4 7	1 2	2	8 4?
13-40048-b	2 1 7	1	5 8 3	6 4	3	5	6 4	7 6 4					
14-40009	10	9	8	2	1	5 2	4						
14-40021	7 6	5	4	4		2	3	1		2	3	3	7 6
14-40048	8	8	6	5	1	3	2	4					
15-40009-e	7 8	1!			2	3 4 5 6							
15-40021-b	20	20	6 9		13	5 7 16		4 14	16		8 15 17 18	11 12 14	1 3
15-40048-n	9	8 5	2 4 7	1			3						
16-40009-e	15 16 11 9 12	4	3	4	5	1 2 8	14						
16-40021-b	2	2	8		4	3			3	2	1 7		2
16-40048-n	13 14	11	14 10	7	2	10	13 8 7 6	2					
17-40009-n	5 10	11 4	1 8 10	11 10	3	1 2	1 7? 9 5						
17-40021-e	5 3	10	1 5	5 3	10 11	4 7	3 1	3	4	9	7	4	8 10
17-40048-b	8 6	1 8 13	3	17 14	7 10 17	16 17	12 14						
18-40009-b	6 2		6	2	1 3	3 4 8	5						
18-40021-n	9	3 9	6	6	2 4	5			5	4	1		13
18-40048-e	1 8	12	10	11	3		2 6 7	6 9					
19-40009-b	8 5	8	2 6	8	7	2 3 4	1						
19-40021-n	2 3 4 7	3	7		1	3 5 8 10		2 4	10 8 6		9 4		4 7 2
19-40048-e	2 6 12 14	10 11	13	1 3	4	5 7 8	1 3	1 3					
20-40009-e	5		1 3		4	2 3	4 5						
20-40021-b	7 9 10 11 12		12	9	5	1	2 4 6	3	4 8	7 9 10 11		4 8	7 9 10 11
20-40048-n	1 3 9	1 8	10	5	4	6	2 7	5					
21-40009-n	13	12 11	1 3	13	7 10	10 9 8 5	7 6 2 4						
21-40021-e	20 19	18	17	19	17 13 11	14 15	15 12	16		11	2 3 1 5	9 3 6	20
21-40048-b	17 16	15	12 11 8	14	4 3	7	9 2 1	4 3					
22-40048-b	6 7	5	2	4		1	3						
22-40021-e	8	1	7		2 6	3				5	4		
22-40009-n	8	7	2	6	1	2 3 4	5						
23-40009-b	8	9 7	6	2	4	3	1						
23-40021-n	11 12 13 14		12	1	10	9	2	6		10	8	4	1
23-40048-e	10	8	7	3	4	5	3						
24-40048-n	1 6	1 6	10	9	2 4	11	3	2					
24-40021-b	11	11	7		10	2	12	6	1 6	5	9 3	6	11
24-40009-e	10		7	4	8	9 7 6 3	2 4 6 7 9 10						
25-40048-n	12 13	14 3	6	5	1	2	5 8	1					
25-40021-b	3	3	8		6	1 2	5		1	6	1	1	3
25-40009-e	4		2 5	3	8	8 9 1	7						
26-40009-n	6	4	4	4	3	1 2 5	2 5						
26-40021-e	2 3 4							1					
26-40048-b	8 10	9	7	5		6	1 2 3	4					
27-40021-n	7		6		5	4					1		
27-40048-e	10 7 8 3	9	5	6		4	1	2					
27-40009-b	10 12	5	4	1 5 6	3 11	8 7 2	9						
