vsn 03 535 5
vsn 03 536 10
vsn 03 537 10
vsn 03 538 10
vsn 03 539 12
vsn 03 540 11
vsn 03 541 5
vsn 03 542 12
vsn 03 543 12
vsn 03 544 11
vsn 04 545 7
vsn 04 546 0
vsn 04 547 7
vsn 04 548 7
vsn 04 549 0
vse 06 550 14
vse 06 551 11
vse 06 552 17
vse 06 553 17
vse 06 554 11
vse 06 555 14
vse 06 556 3
vse 06 557 5
vse 06 558 4
vse 06 559 15
vse 06 560 17
vse 06 561 17
vse 06 562 17
vse 06 563 7
vse 06 564 11
vse 06 565 3
vse 06 566 7
vse 06 567 15
vse 06 568 15
vse 06 569 6
vse 06 570 4
vse 07 571 2
vse 07 572 4
vsn 08 573 19
vsn 08 574 8
vsb 09 575 9
vsb 09 576 5
vsb 09 577 11
vsb 09 578 19
vsb 09 579 6
vsb 09 580 19
vsb 09 581 5
vsb 09 582 5
vsb 09 583 6
vsb 09 584 5
vsb 09 585 6
vsb 09 586 19
vsb 09 587 6
vsb 09 588 6
vsb 09 589 11
vsb 09 590 5
vsb 09 591 6
vsb 09 592 19
vsb 09 593 11
vsb 09 594 15
vsb 09 595 6
vsb 09 596 11
vsb 10 597 15
vsb 10 598 16
vse 11 599 15
vse 11 600 6
vse 11 601 13
vse 11 602 15
vse 11 603 5
vse 11 604 6
vse 11 605 1
vse 11 606 13
vsn 13 607 6
vsn 13 608 8
vsn 13 609 5
vsn 13 610 6
vsn 13 611 4
vsn 13 612 4
vsn 13 613 6
vsn 13 614 6
vsb 14 615 5
vsb 14 616 12
vsb 14 617 6
vsb 14 618 6
vsb 14 619 5
vsb 14 620 6
vse 15 621 5
vse 15 622 14
vse 15 623 3
vse 16 624 7
vse 16 625 8
vse 16 626 3
vse 16 627 13
vse 16 628 5
vse 16 629 16
vse 16 630 7
vse 16 631 16
vse 16 632 15
vse 16 633 15
vsn 17 634 7
vsn 17 635 16
vsn 17 636 6
vsn 17 637 16
vsn 17 638 6
vsn 17 639 16
vsn 17 640 7
vsb 18 641 5
vsb 18 642 15
vsb 18 643 14
vsb 18 644 10
vsb 19 645 18
vsb 19 646 15
vsb 19 647 6
vsn 21 648 7
vsn 21 649 6
vsn 21 650 6
vsn 21 651 10
vsn 21 652 7
vsn 21 653 5
vsn 21 654 5
vsn 21 655 5
vsn 21 656 3
vsn 21 657 16
vsn 21 658 16
vsn 22 659 13
vsn 22 660 6
vsn 22 661 18
vsn 22 662 6
vsn 22 663 10
vsn 22 664 17
vsn 22 665 3
vsb 23 666 9
vsb 23 667 18
vsb 23 668 6
vsb 23 669 15
vsb 23 670 13
vse 24 671 15
vse 24 672 6
vse 24 673 6
vse 24 674 15
vse 24 675 15
vse 24 676 3
vse 24 677 8
vse 24 678 6
vse 24 679 15
vse 24 680 15
vse 24 681 6
vse 25 682 19
vse 25 683 18
vse 25 684 18
vse 25 685 1
vse 25 686 16
vsn 26 687 3
vsn 26 688 6
vsn 26 689 16
vsn 26 690 5
vsn 26 691 16
vsn 26 692 5
vsn 26 693 16
vsb 27 694 8
vsb 27 695 15
vsb 27 696 8
vsb 27 697 14
vsb 27 698 15
vsb 27 699 19
vsb 27 700 4
vsb 27 701 7
vsb 28 702 7
vsb 28 703 6
vsb 28 704 6
vse 29 705 16
vse 29 706 5
vsn 30 707 15
vsn 30 708 18
vsn 30 709 15
vsn 30 710 15
vsn 30 711 6
vsn 30 712 18
vsn 30 713 15
vsn 30 714 17
vsn 30 715 6
vsn 30 716 7
vsn 30 717 6
vsn 30 718 6
vsn 31 719 6
vsn 31 720 6
vsn 31 721 9
vsn 31 722 6
vsn 31 723 6
vsn 31 724 7
vsb 32 725 12
vsb 32 726 5
vsb 32 727 19
vsb 32 728 19
vsb 32 729 0
vsb 32 730 16
vsb 32 731 19
vsb 32 732 3
vsb 32 733 15
vsb 32 734 9
vsb 32 735 12
vsb 32 736 15
vsb 32 737 12
vsb 32 738 1
vsb 32 739 0
vsb 32 740 9
vsb 32 741 19
vsb 32 742 4
vsb 32 743 15
vse 33 744 16
vse 33 745 10
vse 33 746 16
vse 33 747 3
vse 33 748 12
vse 33 749 6
vse 33 750 12
vse 33 751 16
vse 33 752 10
vse 33 753 6
vse 33 754 12
vse 33 755 16
vse 33 756 11
vse 33 757 1
vse 33 758 3
vse 33 759 6
vse 33 760 16
vse 33 761 8
vse 33 762 3
vse 33 763 16
vse 33 764 10
vse 33 765 16
vse 33 766 6
vse 33 767 17
vse 33 768 1
vse 33 769 8
vse 34 770 5
vse 34 771 5
vse 34 772 2
vse 34 773 1
vse 34 774 5
vse 34 775 1
vse 34 776 1
vse 34 777 5
vse 34 778 6
vse 34 779 5
vse 34 780 1
vse 34 781 7
vsn 35 782 19
vsn 35 783 6
vsn 35 784 13
vsn 35 785 0
vsn 35 786 7
vsn 35 787 7
vsn 35 788 18
vsn 35 789 1
vsn 35 790 7
vsn 35 791 15
vsb 36 792 11
vsb 36 793 19
vsb 36 794 15
vsb 36 795 6
vsb 36 796 3
vsb 36 797 7
vsb 36 798 15
vsb 37 799 7
vsb 37 800 18
vsb 37 801 4
vsb 37 802 7
vsb 37 803 6
vsb 37 804 7
vsb 37 805 4
vsb 37 806 19
vsb 37 807 13
vsb 37 808 17
vsb 37 809 15
vsb 37 810 6
vsb 37 811 0
vsb 37 812 7
