vsn 03 535 2
vsn 03 536 1
vsn 03 537 1
vsn 03 538 1
vsn 03 539 9
vsn 03 540 13
vsn 03 541 13
vsn 03 542 9
vsn 03 543 9
vsn 03 544 13
vsn 04 545 2
vsn 04 546 7
vsn 04 547 2
vsn 04 548 2
vsn 04 549 7
vse 06 550 2
vse 06 551 13
vse 06 552 6
vse 06 553 6
vse 06 554 13
vse 06 555 2
vse 06 556 11
vse 06 557 13
vse 06 558 7
vse 06 559 9
vse 06 560 6
vse 06 561 6
vse 06 562 6
vse 06 563 2
vse 06 564 13
vse 06 565 11
vse 06 566 8
vse 06 567 9
vse 06 568 9
vse 06 569 12
vse 06 570 7
vse 07 571 3
vse 07 572 13
vsn 08 573 1
vsn 08 574 12
vsb 09 575 14
vsb 09 576 13
vsb 09 577 13
vsb 09 578 1
vsb 09 579 12
vsb 09 580 1
vsb 09 581 0
vsb 09 582 13
vsb 09 583 12
vsb 09 584 13
vsb 09 585 11
vsb 09 586 1
vsb 09 587 12
vsb 09 588 11
vsb 09 589 4
vsb 09 590 0
vsb 09 591 11
vsb 09 592 1
vsb 09 593 12
vsb 09 594 9
vsb 09 595 11
vsb 09 596 12
vsb 10 597 9
vsb 10 598 4
vse 11 599 9
vse 11 600 12
vse 11 601 5
vse 11 602 9
vse 11 603 10
vse 11 604 11
vse 11 605 5
vse 11 606 8
vsn 13 607 11
vsn 13 608 4
vsn 13 609 2
vsn 13 610 6
vsn 13 611 13
vsn 13 612 13
vsn 13 613 6
vsn 13 614 11
vsb 14 615 4
vsb 14 616 11
vsb 14 617 12
vsb 14 618 12
vsb 14 619 13
vsb 14 620 12
vse 15 621 0
vse 15 622 2
vse 15 623 10
vse 16 624 8
vse 16 625 4
vse 16 626 10
vse 16 627 5
vse 16 628 2
vse 16 629 0
vse 16 630 11
vse 16 631 0
vse 16 632 4
vse 16 633 9
vsn 17 634 11
vsn 17 635 4
vsn 17 636 12
vsn 17 637 4
vsn 17 638 11
vsn 17 639 4
vsn 17 640 11
vsb 18 641 13
vsb 18 642 9
vsb 18 643 2
vsb 18 644 1
vsb 19 645 3
vsb 19 646 4
vsb 19 647 12
vsn 21 648 11
vsn 21 649 12
vsn 21 650 12
vsn 21 651 13
vsn 21 652 11
vsn 21 653 0
vsn 21 654 10
vsn 21 655 0
vsn 21 656 10
vsn 21 657 4
vsn 21 658 8
vsn 22 659 5
vsn 22 660 11
vsn 22 661 12
vsn 22 662 11
vsn 22 663 11
vsn 22 664 10
vsn 22 665 10
vsb 23 666 1
vsb 23 667 3
vsb 23 668 12
vsb 23 669 9
vsb 23 670 11
vse 24 671 9
vse 24 672 12
vse 24 673 12
vse 24 674 9
vse 24 675 9
vse 24 676 1
vse 24 677 4
vse 24 678 12
vse 24 679 9
vse 24 680 9
vse 24 681 12
vse 25 682 1
vse 25 683 3
vse 25 684 3
vse 25 685 6
vse 25 686 4
vsn 26 687 8
vsn 26 688 12
vsn 26 689 4
vsn 26 690 0
vsn 26 691 4
vsn 26 692 0
vsn 26 693 4
vsb 27 694 12
vsb 27 695 6
vsb 27 696 4
vsb 27 697 2
vsb 27 698 6
vsb 27 699 8
vsb 27 700 7
vsb 27 701 6
vsb 28 702 11
vsb 28 703 11
vsb 28 704 12
vse 29 705 4
vse 29 706 2
vsn 30 707 9
vsn 30 708 3
vsn 30 709 9
vsn 30 710 9
vsn 30 711 11
vsn 30 712 3
vsn 30 713 9
vsn 30 714 6
vsn 30 715 12
vsn 30 716 8
vsn 30 717 11
vsn 30 718 11
vsn 31 719 11
vsn 31 720 12
vsn 31 721 9
vsn 31 722 11
vsn 31 723 12
vsn 31 724 11
vsb 32 725 9
vsb 32 726 2
vsb 32 727 8
vsb 32 728 8
vsb 32 729 7
vsb 32 730 4
vsb 32 731 1
vsb 32 732 11
vsb 32 733 9
vsb 32 734 14
vsb 32 735 9
vsb 32 736 9
vsb 32 737 9
vsb 32 738 6
vsb 32 739 8
vsb 32 740 8
vsb 32 741 1
vsb 32 742 7
vsb 32 743 9
vse 33 744 4
vse 33 745 4
vse 33 746 8
vse 33 747 10
vse 33 748 11
vse 33 749 6
vse 33 750 11
vse 33 751 4
vse 33 752 4
vse 33 753 6
vse 33 754 11
vse 33 755 4
vse 33 756 13
vse 33 757 6
vse 33 758 10
vse 33 759 11
vse 33 760 4
vse 33 761 4
vse 33 762 10
vse 33 763 8
vse 33 764 4
vse 33 765 4
vse 33 766 11
vse 33 767 1
vse 33 768 6
vse 33 769 4
vse 34 770 2
vse 34 771 2
vse 34 772 9
vse 34 773 13
vse 34 774 2
vse 34 775 13
vse 34 776 13
vse 34 777 2
vse 34 778 11
vse 34 779 2
vse 34 780 13
vse 34 781 11
vsn 35 782 14
vsn 35 783 12
vsn 35 784 12
vsn 35 785 12
vsn 35 786 8
vsn 35 787 8
vsn 35 788 3
vsn 35 789 5
vsn 35 790 14
vsn 35 791 9
vsb 36 792 13
vsb 36 793 8
vsb 36 794 9
vsb 36 795 12
vsb 36 796 10
vsb 36 797 11
vsb 36 798 9
vsb 37 799 2
vsb 37 800 3
vsb 37 801 7
vsb 37 802 8
vsb 37 803 12
vsb 37 804 2
vsb 37 805 7
vsb 37 806 0
vsb 37 807 1
vsb 37 808 6
vsb 37 809 9
vsb 37 810 12
vsb 37 811 7
vsb 37 812 8
