vsn 03 535 1
vsn 03 536 8
vsn 03 537 8
vsn 03 538 8
vsn 03 539 6
vsn 03 540 8
vsn 03 541 4
vsn 03 542 6
vsn 03 543 6
vsn 03 544 8
vsn 04 545 3
vsn 04 546 3
vsn 04 547 3
vsn 04 548 3
vsn 04 549 3
vse 06 550 2
vse 06 551 6
vse 06 552 9
vse 06 553 9
vse 06 554 6
vse 06 555 2
vse 06 556 9
vse 06 557 4
vse 06 558 7
vse 06 559 7
vse 06 560 9
vse 06 561 9
vse 06 562 9
vse 06 563 9
vse 06 564 8
vse 06 565 9
vse 06 566 3
vse 06 567 7
vse 06 568 7
vse 06 569 6
vse 06 570 7
vse 07 571 5
vse 07 572 7
vsn 08 573 7
vsn 08 574 1
vsb 09 575 5
vsb 09 576 8
vsb 09 577 6
vsb 09 578 5
vsb 09 579 1
vsb 09 580 8
vsb 09 581 2
vsb 09 582 8
vsb 09 583 1
vsb 09 584 8
vsb 09 585 1
vsb 09 586 8
vsb 09 587 1
vsb 09 588 1
vsb 09 589 1
vsb 09 590 4
vsb 09 591 1
vsb 09 592 8
vsb 09 593 9
vsb 09 594 1
vsb 09 595 1
vsb 09 596 9
vsb 10 597 7
vsb 10 598 8
vse 11 599 7
vse 11 600 6
vse 11 601 0
vse 11 602 7
vse 11 603 2
vse 11 604 1
vse 11 605 4
vse 11 606 9
vsn 13 607 6
vsn 13 608 8
vsn 13 609 1
vsn 13 610 0
vsn 13 611 7
vsn 13 612 7
vsn 13 613 0
vsn 13 614 6
vsb 14 615 4
vsb 14 616 7
vsb 14 617 1
vsb 14 618 1
vsb 14 619 4
vsb 14 620 1
vse 15 621 6
vse 15 622 2
vse 15 623 4
vse 16 624 3
vse 16 625 8
vse 16 626 4
vse 16 627 0
vse 16 628 1
vse 16 629 8
vse 16 630 9
vse 16 631 8
vse 16 632 8
vse 16 633 7
vsn 17 634 9
vsn 17 635 8
vsn 17 636 1
vsn 17 637 8
vsn 17 638 6
vsn 17 639 8
vsn 17 640 9
vsb 18 641 8
vsb 18 642 7
vsb 18 643 2
vsb 18 644 8
vsb 19 645 1
vsb 19 646 8
vsb 19 647 1
vsn 21 648 9
vsn 21 649 1
vsn 21 650 1
vsn 21 651 8
vsn 21 652 9
vsn 21 653 8
vsn 21 654 6
vsn 21 655 8
vsn 21 656 4
vsn 21 657 8
vsn 21 658 3
vsn 22 659 0
vsn 22 660 1
vsn 22 661 1
vsn 22 662 1
vsn 22 663 8
vsn 22 664 4
vsn 22 665 4
vsb 23 666 5
vsb 23 667 1
vsb 23 668 6
vsb 23 669 8
vsb 23 670 9
vse 24 671 7
vse 24 672 6
vse 24 673 1
vse 24 674 7
vse 24 675 7
vse 24 676 7
vse 24 677 8
vse 24 678 6
vse 24 679 7
vse 24 680 7
vse 24 681 1
vse 25 682 7
vse 25 683 2
vse 25 684 2
vse 25 685 0
vse 25 686 8
vsn 26 687 4
vsn 26 688 1
vsn 26 689 8
vsn 26 690 2
vsn 26 691 8
vsn 26 692 2
vsn 26 693 8
vsb 27 694 9
vsb 27 695 0
vsb 27 696 8
vsb 27 697 2
vsb 27 698 0
vsb 27 699 1
vsb 27 700 7
vsb 27 701 9
vsb 28 702 9
vsb 28 703 1
vsb 28 704 6
vse 29 705 8
vse 29 706 9
vsn 30 707 7
vsn 30 708 1
vsn 30 709 7
vsn 30 710 7
vsn 30 711 1
vsn 30 712 1
vsn 30 713 7
vsn 30 714 9
vsn 30 715 6
vsn 30 716 3
vsn 30 717 1
vsn 30 718 1
vsn 31 719 1
vsn 31 720 1
vsn 31 721 5
vsn 31 722 1
vsn 31 723 1
vsn 31 724 9
vsb 32 725 6
vsb 32 726 1
vsb 32 727 4
vsb 32 728 4
vsb 32 729 3
vsb 32 730 8
vsb 32 731 7
vsb 32 732 9
vsb 32 733 8
vsb 32 734 5
vsb 32 735 6
vsb 32 736 8
vsb 32 737 6
vsb 32 738 0
vsb 32 739 1
vsb 32 740 5
vsb 32 741 7
vsb 32 742 7
vsb 32 743 8
vse 33 744 8
vse 33 745 8
vse 33 746 3
vse 33 747 4
vse 33 748 7
vse 33 749 0
vse 33 750 6
vse 33 751 8
vse 33 752 8
vse 33 753 0
vse 33 754 6
vse 33 755 8
vse 33 756 6
vse 33 757 0
vse 33 758 4
vse 33 759 1
vse 33 760 8
vse 33 761 8
vse 33 762 4
vse 33 763 3
vse 33 764 8
vse 33 765 8
vse 33 766 1
vse 33 767 2
vse 33 768 0
vse 33 769 8
vse 34 770 1
vse 34 771 1
vse 34 772 8
vse 34 773 6
vse 34 774 1
vse 34 775 6
vse 34 776 6
vse 34 777 1
vse 34 778 1
vse 34 779 1
vse 34 780 6
vse 34 781 9
vsn 35 782 5
vsn 35 783 9
vsn 35 784 6
vsn 35 785 6
vsn 35 786 3
vsn 35 787 9
vsn 35 788 1
vsn 35 789 0
vsn 35 790 3
vsn 35 791 7
vsb 36 792 6
vsb 36 793 4
vsb 36 794 6
vsb 36 795 6
vsb 36 796 4
vsb 36 797 9
vsb 36 798 7
vsb 37 799 9
vsb 37 800 1
vsb 37 801 7
vsb 37 802 3
vsb 37 803 6
vsb 37 804 9
vsb 37 805 7
vsb 37 806 5
vsb 37 807 7
vsb 37 808 9
vsb 37 809 7
vsb 37 810 6
vsb 37 811 3
vsb 37 812 3
