10051 vsn 31 40009 XIN20001014.1400.0087 0.9975186104218362 1
10050 vsn 31 40009 XIN20001029.2000.0106 1.0 1
10049 vsn 31 40009 XIN20001014.1400.0087 0.0 0
10048 vsn 31 40009 XIN20001014.1400.0087 1.0 0
10047 vsn 31 40009 ZBN20001030.0400.0009 1.0 0
10046 vsn 31 40009 AFA20010117.1800.0240 0.0 0
10045 vsn 31 40009 APW20001019.0539.0204 1.0 0
10044 vsn 31 40009 ZBN20001030.0400.0009 1.0 0
10043 vsn 31 40009 ZBN20001030.0400.0009 1.0 0
10042 vsn 31 40009 APW20001019.0539.0204 1.0 0
10041 vse 31 40021 CTS20010118.1300.0497 1.0 1
10040 vse 31 40021 VOM20010116.0700.0098 0.0 1
10038 vse 31 40021 CNN20010114.1400.0018 1.0 1
10037 vse 31 40021 ABC20010116.1830.1037 1.0 1
10036 vse 31 40021 XIN20010114.2000.0128 0.9824561403508771 1
10035 vse 31 40021 CBS20010121.0800.0231 1.0 1
10034 vse 31 40021 CTS20010115.2000.0008 1.0 1
10033 vse 31 40021 XIN20010117.2000.0179 1.0 1
10032 vse 31 40021 XIN20010114.2000.0139 0.0 1
10031 vse 31 40021 XIN20010117.2000.0179 1.0 1
10030 vse 31 40021 APW20010114.0543.0230 1.0 0
10029 vse 31 40021 ABC20010114.1830.0045 0.0 0
10028 vsb 31 40048 APW20001111.0851.0294 1.0 1
10027 vsb 31 40048 APW20001111.1611.0427 1.0 1
10026 vsb 31 40048 CBS20001114.1000.0691 1.0 1
10025 vsb 31 40048 CBS20001114.1000.0691 1.0 1
10024 vsb 31 40048 CBS20001114.1000.0691 1.0 1
10023 vsb 31 40048 XIN20001112.0200.0028 0.9942857142857143 1
10022 vsb 31 40048 CBS20001114.1000.0691 1.0 1
10021 vsb 31 40048 NYT20001111.1525.0144 1.0 1
10020 vsb 31 40048 NYT20001111.1525.0144 1.0 1
10019 vsb 31 40048 NYT20001112.1903.0110 1.0 0
10018 vsb 31 40048 NYT20001112.1903.0110 1.0 0
10017 vsb 31 40048 NYT20001112.1903.0110 1.0 0
10003 vsn 37 40021 VAR20010114.1100.0825 1.0 1
10002 vsn 37 40021 XIN20010117.2000.0179 0.0 1
10001 vsn 37 40021 XIN20010117.2000.0179 0.8806584362139918 1
10000 vsn 37 40021 AFA20010113.1800.0160 0.0 1
9999 vsn 37 40021 APW20010114.0543.0317 0.0 1
9998 vsn 37 40021 APW20010114.0543.0317 1.0 1
9997 vsn 37 40021 APW20010114.0543.0317 1.0 1
9996 vsn 37 40021 CTS20010115.2000.0008 1.0 1
9995 vsn 37 40021 CTS20010118.1300.0497 1.0 1
9994 vsn 37 40021 CNN20010114.0900.0182 1.0 1
9993 vsn 37 40021 VOM20010114.0700.0373 1.0 1
9992 vsn 37 40021 VOM20010114.0700.0373 1.0 1
9991 vsn 37 40021 XIN20010115.1400.0118 1.0 1
9990 vsn 37 40021 XIN20010115.1400.0118 1.0 1
9989 vsn 37 40021 XIN20010115.2000.0144 1.0 1
9988 vsn 37 40021 VOM20010116.0700.2014 1.0 1
9987 vsn 37 40021 XIN20010117.2000.0179 1.0 1
9986 vsn 37 40021 XIN20010117.2000.0179 1.0 1
9985 vsn 37 40021 ZBN20010115.0400.0014 1.0 0
9984 vsn 37 40021 ZBN20010115.0400.0014 1.0 0
9983 vsn 37 40021 ZBN20010115.0400.0014 0.0 0
9982 vsn 37 40021 ZBN20010115.0400.0014 1.0 0
9981 vsn 37 40021 ZBN20010115.0400.0014 1.0 0
9980 vsn 37 40021 ZBN20010115.0400.0014 1.0 0
9979 vse 37 40048 VAR20001111.1200.0706 1.0 1
9978 vse 37 40048 APW20001111.0851.0294 0.0 1
9977 vse 37 40048 ALH20001113.1300.0080 0.9974619289340102 1
9976 vse 37 40048 APW20001112.1831.0448 1.0 1
9975 vse 37 40048 VAR20001111.1200.0706 0.9918367346938776 1
9974 vse 37 40048 VAR20001111.1200.0706 1.0 1
9973 vse 37 40048 ZBN20001112.1300.0037 1.0 1
9972 vse 37 40048 APW20001111.0851.0303 0.7480314960629921 1
9971 vse 37 40048 APW20001111.0851.0303 0.7480314960629921 1
9970 vse 37 40048 APW20001111.0851.0303 1.0 1
9969 vse 37 40048 APW20001111.0851.0303 1.0 1
9968 vse 37 40048 APW20001207.1122.0418 0.0 1
9967 vse 37 40048 APW20001207.1122.0418 1.0 1
9966 vse 37 40048 APW20001112.1831.0439 1.0 0
9965 vse 37 40048 APW20001112.1831.0439 1.0 0
9964 vse 37 40048 APW20001112.1831.0439 1.0 0
9963 vse 37 40048 APW20001112.1831.0439 1.0 0
9962 vse 37 40048 APW20001112.1831.0439 1.0 0
9961 vse 37 40048 APW20001112.1831.0439 1.0 0
9960 vsb 37 40009 NYT20001204.0926.0050 1.0 1
9959 vsb 37 40009 NYT20001204.0926.0049 0.0 1
9958 vsb 37 40009 NYT20001204.0926.0049 1.0 1
9957 vsb 37 40009 APW20010117.2147.0916 0.0 1
9956 vsb 37 40009 AFA20010117.1800.0240 0.0 1
9955 vsb 37 40009 VOA20001018.2100.2160 1.0 1
9954 vsb 37 40009 VOA20001018.2100.2160 1.0 1
9953 vsb 37 40009 VOA20001018.2100.2160 1.0 1
9952 vsb 37 40009 XIN20001014.1400.0087 0.0 1
9951 vsb 37 40009 XIN20001014.1400.0087 0.0 1
9950 vsb 37 40009 XIN20001110.2000.0156 0.0 1
9949 vsb 37 40009 XIN20001110.2000.0156 0.0 1
9948 vsb 37 40009 VOA20001109.2100.3072 1.0 1
9947 vsb 37 40009 XIN20001029.2000.0106 1.0 1
9946 vsb 37 40009 AFA20001109.1800.0150 0.0 1
9945 vsb 37 40009 XIN20001014.1400.0087 0.0 1
9944 vsb 37 40009 VOA20001018.2100.2160 1.0 0
9943 vsb 37 40009 VOA20001018.2100.2160 1.0 0
9942 vsb 37 40009 VOA20001018.2100.2160 1.0 0
9905 vse 36 40048 ZBN20001112.1300.0037 1.0 1
9904 vse 36 40048 ZBN20001112.1300.0037 1.0 1
9903 vse 36 40048 ZBN20001112.1300.0037 1.0 1
9902 vse 36 40048 CBS20001111.1000.0659 1.0 1
9901 vse 36 40048 CBS20001111.1000.0659 1.0 1
9900 vse 36 40048 CBS20001112.1000.0176 1.0 1
9899 vse 36 40048 NYT20001112.1903.0110 1.0 0
9898 vse 36 40048 NYT20001112.1903.0110 1.0 0
9897 vse 36 40048 NYT20001112.1903.0110 1.0 0
9896 vse 36 40048 NYT20001112.1903.0110 1.0 0
9895 vsb 36 40009 AFA20001018.1800.0227 1.0 1
9894 vsb 36 40009 APW20001019.0539.0204 1.0 1
9893 vsb 36 40009 CNN20001018.1400.0577 1.0 1
9892 vsb 36 40009 VOA20001018.2100.2160 1.0 1
9891 vsb 36 40009 VOA20001018.2100.2160 1.0 1
9890 vsb 36 40009 VOA20001018.2100.2160 1.0 1
9889 vsb 36 40009 VOA20001018.2100.2160 1.0 0
9888 vsn 36 40021 CNN20010114.1400.0018 1.0 1
9887 vsn 36 40021 ZBN20010115.0400.0014 1.0 1
9886 vsn 36 40021 AFA20010114.0000.0003 1.0 1
9885 vsn 36 40021 APW20010125.0333.0172 1.0 1
9883 vsn 36 40021 AFA20010114.1000.0063 0.9922178988326849 1
9882 vsn 36 40021 APW20010125.0333.0172 1.0 1
9881 vsn 36 40021 AFA20010114.1000.0022 2.0 1
9880 vsn 36 40021 AFA20010114.1000.0063 0.0 1
9879 vsn 36 40021 APW20010117.1432.0519 1.0 1
9878 vsn 36 40021 AFA20010115.1400.0138 1.0 1
9877 vsn 36 40021 APW20010114.0543.0275 1.0 1
9876 vsn 36 40021 AFA20010114.1000.0063 1.0 0
9849 vsb 35 40048 APW20001112.1831.0439 1.0 1
9848 vsb 35 40048 APW20001112.1831.0439 1.0 1
9847 vsb 35 40048 APW20001112.1831.0439 1.0 1
9846 vsb 35 40048 APW20001112.0900.0320 1.0 1
9845 vsb 35 40048 CBS20001114.1000.0691 1.0 1
9844 vsb 35 40048 APW20001111.1611.0427 1.0 1
9843 vsb 35 40048 APW20001111.1611.0427 1.0 1
9842 vsb 35 40048 APW20001112.2139.0556 1.0 1
9841 vsb 35 40048 NYT20001111.1525.0144 1.0 0
9839 vsb 35 40048 NYT20001112.1903.0110 0.0 0
9838 vsb 35 40048 NYT20001112.1903.0110 1.0 0
9837 vsb 35 40048 NYT20001112.1903.0110 1.0 0
9836 vsb 35 40048 NYT20001112.1903.0110 1.0 0
9835 vsb 35 40048 NYT20001112.1903.0110 1.0 0
9834 vsn 35 40009 VOA20001018.2100.2160 1.0 1
9833 vsn 35 40009 VOA20001018.2100.2160 0.0 1
9832 vsn 35 40009 VOA20001018.2100.2160 0.0 1
9831 vsn 35 40009 VOA20001018.2100.2160 0.0 1
9830 vsn 35 40009 VOA20001018.2100.2160 1.0 1
9829 vsn 35 40009 VOA20001018.2100.2160 1.0 1
9828 vsn 35 40009 VOA20001018.2100.2160 1.0 1
9827 vsn 35 40009 VOA20001018.2100.2160 1.0 1
9826 vsn 35 40009 VOA20001018.2100.2160 1.0 1
9825 vsn 35 40009 AFA20010117.1800.0240 0.0 1
9824 vsn 35 40009 AFA20010117.1800.0240 0.0 1
9823 vsn 35 40009 APW20001018.1350.0468 0.0 1
9822 vsn 35 40009 VOA20001006.2100.0364 1.0 0
9821 vsn 35 40009 VOA20001006.2100.0364 1.0 0
9820 vsn 35 40009 XIN20001029.2000.0106 1.0 0
9818 vsn 35 40009 NYT20001204.0926.0049 1.0 0
9816 vse 35 40021 APW20010114.0219.0099 1.0 1
9815 vse 35 40021 APW20010129.0525.0157 1.0 1
9814 vse 35 40021 APW20010114.0543.0230 1.0 1
9813 vse 35 40021 APW20010114.0543.0230 1.0 1
9812 vse 35 40021 APW20010129.0525.0157 1.0 1
9811 vse 35 40021 APW20010129.0525.0157 0.7256637168141593 1
9810 vse 35 40021 APW20010129.0525.0157 1.0 1
9809 vse 35 40021 APW20010115.2023.0562 0.0 1
9806 vse 35 40021 APW20010114.0543.0317 1.0 0
9786 vsn 34 40048 CBS20001114.1000.0691 1.0 1
9785 vsn 34 40048 CBS20001114.1000.0691 1.0 1
9784 vsn 34 40048 APW20001112.0900.0308 1.0 1
9783 vsn 34 40048 APW20001112.0900.0308 0.9910714285714286 1
9782 vsn 34 40048 CBS20001114.1000.0691 1.0 1
9781 vsn 34 40048 CBS20001113.1000.0822 1.0 1
9780 vsn 34 40048 APW20001113.1340.0344 1.0 1
9779 vsn 34 40048 APW20001113.1340.0344 1.0 1
9778 vsn 34 40048 APW20001113.1340.0344 1.0 1
9777 vsn 34 40048 APW20001113.1340.0344 1.0 1
9776 vsn 34 40048 NYT20001112.1903.0110 1.0 0
9775 vse 34 40009 VOA20001028.2100.0233 1.0 1
9774 vse 34 40009 VOA20001028.2100.0233 1.0 1
9773 vse 34 40009 NYT20001006.2228.0359 1.0 0
9772 vse 34 40009 NYT20001006.2228.0359 1.0 0
9771 vse 34 40009 VOA20001028.2100.0233 1.0 0
9770 vse 34 40009 VOA20001028.2100.0233 1.0 0
9769 vse 34 40009 APW20001019.0539.0204 1.0 0
9768 vsb 34 40021 ZBN20010115.0400.0014 0.5977011494252874 1
9767 vsb 34 40021 XIN20010117.2000.0179 1.0 1
9766 vsb 34 40021 CBS20010115.1000.0930 0.9866071428571429 1
9765 vsb 34 40021 ZBN20010115.0400.0014 1.0 1
9764 vsb 34 40021 CTS20010115.2000.0008 0.7389162561576355 1
9763 vsb 34 40021 APW20010114.0543.0230 1.0 1
9762 vsb 34 40021 APW20010114.0543.0230 1.0 1
9761 vsb 34 40021 APW20010114.0543.0230 1.0 1
9760 vsb 34 40021 ZBN20010116.0400.0007 1.0 1
9759 vsb 34 40021 AFA20010114.1000.0063 1.0 0
9732 vse 33 40009 ALH20001020.1300.0093 1.0 1
9731 vse 33 40009 ALH20001020.1300.0093 1.0 1
9730 vse 33 40009 ALH20001020.1300.0093 1.0 1
9729 vse 33 40009 APW20001016.1724.0512 1.0 1
9728 vse 33 40009 APW20001016.1724.0512 1.0 1
9727 vse 33 40009 APW20001016.1724.0512 1.0 1
9726 vse 33 40009 CNN20001019.1400.0598 1.0 1
9725 vse 33 40009 CNN20001019.1400.0598 1.0 1
9724 vse 33 40009 CNN20001019.1400.0598 1.0 1
9723 vse 33 40009 XIN20001014.1400.0087 1.0 1
9722 vse 33 40009 XIN20001014.1400.0087 0.0 1
9721 vse 33 40009 XIN20001014.1400.0087 0.0 1
9720 vse 33 40009 XIN20001014.1400.0087 0.0 1
9719 vse 33 40009 APW20001018.1350.0468 1.0 0
9718 vse 33 40009 APW20001018.1350.0468 1.0 0
9717 vse 33 40009 APW20001018.1350.0468 1.0 0
9716 vse 33 40009 APW20001018.1350.0468 1.0 0
9715 vse 33 40009 APW20001018.1350.0468 1.0 0
9714 vsb 33 40021 VOA20010115.2000.1835 0.32831325301204817 1
9713 vsb 33 40021 VOA20010115.2000.1835 1.0 1
9712 vsb 33 40021 VOA20010115.2000.1835 1.0 1
9711 vsb 33 40021 VOA20010115.2000.1835 1.0 1
9710 vsb 33 40021 ZBN20010115.0400.0014 0.0 1
9709 vsb 33 40021 ZBN20010115.0400.0014 1.0 1
9708 vsb 33 40021 APW20010114.0543.0317 1.0 1
9707 vsb 33 40021 APW20010114.0543.0317 1.0 1
9706 vsb 33 40021 APW20010114.0543.0317 1.0 1
9705 vsb 33 40021 APW20010116.1521.0424 1.0 1
9704 vsb 33 40021 APW20010116.1521.0424 1.0 1
9703 vsb 33 40021 APW20010116.1521.0424 1.0 1
9702 vsb 33 40021 CNN20010114.1400.0018 1.0 1
9701 vsb 33 40021 CNN20010114.1400.0018 1.0 1
9700 vsb 33 40021 APW20010114.0219.0099 1.0 1
9699 vsb 33 40021 APW20010114.0219.0099 0.9915966386554622 1
9698 vsb 33 40021 CTS20010115.2000.0008 0.9946666666666667 0
9697 vsb 33 40021 CTS20010115.2000.0008 0.0 0
9696 vsb 33 40021 CTS20010115.2000.0008 0.0 0
9695 vsb 33 40021 CTS20010115.2000.0008 1.0 0
9694 vsb 33 40021 CTS20010115.2000.0008 0.9861111111111112 0
9693 vsn 33 40048 APW20001111.0851.0294 1.0 1
9692 vsn 33 40048 NYT20001112.1903.0110 1.0 1
9691 vsn 33 40048 NYT20001112.1903.0110 0.0 1
9690 vsn 33 40048 ZBN20001113.0400.0019 1.0 1
9689 vsn 33 40048 ZBN20001113.0400.0019 1.0 1
9688 vsn 33 40048 ZBN20001112.1300.0037 1.0 0
9687 vsn 33 40048 ZBN20001112.1300.0037 1.0 0
9670 vsb 32 40009 AFA20010117.1800.0240 0.0 1
9669 vsb 32 40009 AFA20001018.1800.0227 1.0 1
9668 vsb 32 40009 VOA20001028.2100.0233 1.0 1
9667 vsb 32 40009 CNN20001018.1400.0577 1.0 1
9666 vsb 32 40009 XIN20001110.1400.0088 1.0 1
9665 vsb 32 40009 NYT20001204.0926.0050 1.0 1
9664 vsb 32 40009 NYT20001204.0926.0050 0.0 1
9663 vsb 32 40009 NYT20001204.0926.0050 1.0 1
9662 vsb 32 40009 AFA20001018.1800.0227 1.0 1
9661 vsb 32 40009 AFA20010118.1800.0147 0.0 1
9660 vsb 32 40009 APW20001016.1724.0512 0.0 0
9659 vsb 32 40009 APW20001016.1724.0512 1.0 0
9658 vsb 32 40009 APW20001016.1724.0512 1.0 0
9657 vsb 32 40009 APW20001016.1724.0512 1.0 0
9656 vsb 32 40009 XIN20001014.1400.0087 0.0 0
9655 vsb 32 40009 XIN20001014.1400.0087 1.0 0
9654 vsb 32 40009 XIN20001014.1400.0087 0.0 0
9653 vsb 32 40009 XIN20001014.1400.0087 1.0 0
9652 vsb 32 40009 XIN20001014.1400.0087 1.0 0
9651 vsb 32 40009 XIN20001014.1400.0087 1.0 0
9650 vsb 32 40009 VOA20001018.2100.2160 1.0 0
9649 vsb 32 40009 VOA20001018.2100.2160 1.0 0
9648 vsn 32 40021 CNN20010114.0900.0182 1.0 1
9647 vsn 32 40021 ABC20010113.1830.0239 1.0 1
9646 vsn 32 40021 APW20010114.0543.0317 1.0 1
9645 vsn 32 40021 ABC20010116.1830.1037 1.0 1
9644 vsn 32 40021 ABC20010116.1830.1037 1.0 1
9643 vsn 32 40021 CTS20010116.1300.0512 1.0 1
9642 vsn 32 40021 CTS20010116.1300.0512 0.9850746268656716 1
9641 vsn 32 40021 CTS20010116.1300.0512 0.0 1
9640 vsn 32 40021 CNN20010114.1400.0018 1.0 1
9639 vsn 32 40021 CTS20010115.2000.0008 1.0 1
9638 vsn 32 40021 AFA20010113.1800.0160 1.0 1
9637 vsn 32 40021 CTS20010123.1300.1023 1.0 1
9636 vsn 32 40021 CTS20010123.1300.1023 1.0 1
9635 vsn 32 40021 ZBN20010116.0400.0007 0.0 1
9634 vsn 32 40021 CTS20010115.2000.0008 0.9946380697050938 1
9633 vsn 32 40021 CTS20010123.1300.1023 1.0 1
9632 vsn 32 40021 ZBN20010116.0400.0007 0.0 1
9631 vsn 32 40021 XIN20010115.2000.0144 0.0 1
9630 vsn 32 40021 XIN20010114.2000.0128 1.0 1
9629 vsn 32 40021 APW20010115.0943.0278 1.0 1
9628 vsn 32 40021 AFA20010114.1000.0063 1.0 0
9627 vse 32 40048 APW20001112.1831.0448 1.0 1
9626 vse 32 40048 APW20001112.0900.0320 0.38461538461538464 1
9625 vse 32 40048 VOA20001114.2000.0217 1.0 1
9624 vse 32 40048 VOA20001114.2000.0217 0.0 1
9623 vse 32 40048 VOA20001114.2000.0217 1.0 1
9622 vse 32 40048 ZBN20001113.0400.0019 1.0 1
9621 vse 32 40048 APW20001111.1611.0427 1.0 1
9620 vse 32 40048 ZBN20001112.1300.0037 1.0 1
9619 vse 32 40048 CBS20001114.1000.0691 0.9862068965517241 1
9618 vse 32 40048 ZBN20001113.0400.0019 1.0 1
9617 vse 32 40048 ZBN20001113.0400.0019 1.0 1
9616 vse 32 40048 APW20001113.1340.0344 1.0 1
9615 vse 32 40048 AFA20001101.1800.0206 0.0 1
9614 vse 32 40048 AFA20001112.1000.0061 1.0 1
9613 vse 32 40048 APW20001112.1831.0439 1.0 1
9612 vse 32 40048 ANN20001113.1500.0065 1.0 0
9611 vse 32 40048 ANN20001113.1500.0065 1.0 0
9593 vse 30 40021 AFA20010116.0000.0003 0.0 1
9592 vse 30 40021 AFA20010116.1800.0183 0.0 1
9591 vse 30 40021 AFA20010117.1400.0194 0.5907473309608541 1
9590 vse 30 40021 XIN20010115.2000.0144 0.0 1
9589 vse 30 40021 XIN20010115.2000.0144 1.0 1
9588 vse 30 40021 XIN20010115.2000.0144 1.0 1
9587 vse 30 40021 CNN20010114.0900.0182 1.0 1
9586 vse 30 40021 CTS20010118.1300.0497 0.0 1
9585 vse 30 40021 CTS20010118.1300.0497 0.995 1
9584 vse 30 40021 CTS20010118.1300.0497 0.0 1
9583 vse 30 40021 CTS20010115.2000.0008 0.5117647058823529 0
9582 vse 30 40021 CTS20010115.2000.0008 1.0 0
9581 vse 30 40021 CTS20010115.2000.0008 1.0 0
9580 vse 30 40021 CTS20010115.2000.0008 1.0 0
9579 vse 30 40021 CTS20010115.2000.0008 0.6826923076923077 0
9578 vse 30 40021 CTS20010115.2000.0008 0.78099173553719 0
9577 vse 30 40021 APW20010117.1432.0519 1.0 0
9576 vse 30 40021 APW20010117.1432.0519 1.0 0
9575 vse 30 40021 APW20010117.1432.0519 1.0 0
9574 vse 30 40021 APW20010117.1432.0519 1.0 0
9572 vsb 30 40048 APW20001111.0851.0294 1.0 1
9571 vsb 30 40048 AFA20001111.1800.0174 1.0 1
9570 vsb 30 40048 APW20001111.0851.0294 1.0 1
9569 vsb 30 40048 ZBN20001113.0400.0019 1.0 1
9568 vsb 30 40048 ZBN20001113.0400.0019 1.0 1
9567 vsb 30 40048 ZBN20001113.0400.0019 1.0 1
9566 vsb 30 40048 ZBN20001112.1300.0037 1.0 0
9565 vsb 30 40048 ZBN20001112.1300.0037 0.9986282578875172 0
9564 vsb 30 40048 ZBN20001112.1300.0037 0.9733333333333334 0
9563 vsb 30 40048 ZBN20001112.1300.0037 0.9782608695652174 0
9562 vsb 30 40048 ZBN20001112.1300.0037 1.0 0
9561 vsn 30 40009 XIN20001019.0200.0015 1.0 1
9560 vsn 30 40009 XIN20010128.2000.0072 1.0 1
9559 vsn 30 40009 XIN20001029.2000.0106 1.0 1
9558 vsn 30 40009 VOA20001018.2100.2160 0.9954648526077098 0
9557 vsn 30 40009 VOA20001018.2100.2160 1.0 0
9556 vsn 30 40009 VOA20001018.2100.2160 1.0 0
9555 vsn 30 40009 VOA20001018.2100.2160 1.0 0
9554 vsn 30 40009 VOA20001018.2100.2160 1.0 0
9553 vsn 30 40009 VOA20001018.2100.2160 1.0 0
9536 vsb 29 40021 AFA20010114.1000.0022 2.0 1
9535 vsb 29 40021 AFA20010114.1000.0022 2.0 1
9534 vsb 29 40021 ZBN20010115.0400.0014 0.31115731115731116 1
9533 vsb 29 40021 AFA20010114.1000.0022 3.888888888888889 1
9532 vsb 29 40021 AFA20010114.1000.0022 1.7607655502392345 1
9531 vsb 29 40021 APW20010114.0543.0317 1.0 1
9530 vsb 29 40021 AFA20010114.1000.0063 1.0 0
9529 vsn 29 40048 CNR20010115.1700.0843 0.0 1
9528 vsn 29 40048 APW20001111.0851.0294 1.0 1
9527 vsn 29 40048 ZBN20001113.0400.0019 0.6491228070175439 1
9526 vsn 29 40048 PRI20001113.2000.1255 1.0 1
9525 vsn 29 40048 ZBN20001113.0400.0019 0.7955056179775281 0
9524 vse 29 40009 AFA20010102.1000.0053 0.0 1
9523 vse 29 40009 CBS20010113.0800.0178 0.0 1
9522 vse 29 40009 ALH20001019.0700.0052 0.0 1
9521 vse 29 40009 AFA20010104.1800.0122 0.0 1
9520 vse 29 40009 ANN20001108.0900.0059 0.0 1
9519 vse 29 40009 AFA20001122.1000.0067 0.0 1
9518 vse 29 40009 XIN20001226.2000.0141 0.0 1
9517 vse 29 40009 XIN20001226.2000.0141 0.0 1
9516 vse 29 40009 AFA20001016.1000.0103 0.0 1
9515 vse 29 40009 AFA20001026.1400.0082 0.0 1
9514 vse 29 40009 ALH20001028.1300.0074 0.0 1
9513 vse 29 40009 APW20001110.1844.0451 1.0 1
9512 vse 29 40009 APW20001110.1844.0451 1.0 1
9511 vse 29 40009 CTV20001011.1330.1068 0.0 1
9510 vse 29 40009 XIN20001101.1400.0144 0.0 1
9509 vse 29 40009 ALH20001020.1300.0093 0.996937212863706 1
9508 vse 29 40009 ALH20001020.1300.0093 0.996937212863706 0
9507 vse 29 40009 XIN20001110.1400.0088 0.0 0
9506 vse 29 40009 XIN20001110.1400.0088 0.6606538895152199 0
9491 vsn 28 40021 APW20010129.0525.0157 0.3006993006993007 1
9490 vsn 28 40021 APW20010129.0525.0157 1.0 1
9489 vsn 28 40021 APW20010129.0525.0157 0.8551401869158879 1
9488 vsn 28 40021 APW20010129.0525.0157 1.0 1
9487 vsn 28 40021 AFA20010114.0000.0003 0.9943502824858758 1
9486 vsn 28 40021 ABC20010114.1830.0045 0.0 1
9485 vsn 28 40021 ABC20010114.1830.0045 0.0 1
9484 vsn 28 40021 XIN20010117.2000.0179 0.0 0
9483 vsn 28 40021 XIN20010117.2000.0179 1.0 0
9482 vsn 28 40021 ZBN20010115.0400.0014 0.5780346820809249 0
9481 vsn 28 40021 ZBN20010115.0400.0014 0.9912472647702407 0
9480 vsn 28 40021 ZBN20010115.0400.0014 1.0 0
9479 vse 28 40048 APW20001111.1611.0427 0.3231441048034934 1
9478 vse 28 40048 APW20001111.1611.0427 1.0 1
9477 vse 28 40048 APW20001111.0851.0294 1.0 1
9476 vse 28 40048 APW20001111.0851.0294 0.944973544973545 1
9475 vse 28 40048 VOA20001111.2100.1891 1.0 1
9474 vse 28 40048 NYT20001112.1903.0110 1.0 0
9473 vse 28 40048 NYT20001112.1903.0110 0.376 0
9472 vse 28 40048 NYT20001112.1903.0110 1.0 0
9471 vse 28 40048 NYT20001112.1903.0110 0.9965337954939342 0
9470 vse 28 40048 NYT20001112.1903.0110 1.0 0
9469 vse 28 40048 NYT20001112.1903.0110 1.0 0
9468 vsb 28 40009 VOA20001018.2100.2160 0.9954545454545455 0
9467 vsb 28 40009 VOA20001018.2100.2160 0.8413547237076648 0
9466 vsb 28 40009 VOA20001018.2100.2160 0.0 0
9465 vsb 28 40009 VOA20001018.2100.2160 0.9970238095238095 0
9464 vsb 28 40009 VOA20001018.2100.2160 0.0 0
9463 vsb 28 40009 VOA20001018.2100.2160 1.0 0
9462 vsb 28 40009 VOA20001018.2100.2160 1.0 0
9461 vsb 28 40009 VOA20001018.2100.2160 0.9864864864864865 0
9460 vsb 28 40009 APW20001019.0539.0204 0.0 0
9459 vsb 28 40009 APW20001019.0539.0204 0.6800766283524904 0
9458 vsb 28 40009 APW20001019.0539.0204 1.0 0
9457 vsb 28 40009 APW20001019.0539.0204 1.0 0
9427 vsn 22 40009 VOA20001018.2100.2160 1.0 1
9426 vsn 22 40009 APW20001018.1350.0468 0.6134453781512605 1
9425 vsn 22 40009 NYT20001006.2228.0359 0.0 1
9424 vsn 22 40009 APW20001016.1724.0512 1.0 1
9423 vsn 22 40009 ALH20001020.1300.0093 1.0 1
9422 vsn 22 40009 NYT20001006.2228.0359 1.0 1
9421 vsn 22 40009 ZBN20001030.0400.0009 1.0 0
9420 vsn 22 40009 ZBN20001030.0400.0009 1.0 0
9419 vse 22 40021 AFA20010114.1400.0094 1.0 1
9418 vse 22 40021 AFA20010114.1400.0094 1.0 1
9417 vse 22 40021 AFA20010114.1000.0063 1.0 1
9416 vse 22 40021 AFA20010114.1000.0063 1.0 1
9415 vse 22 40021 AFA20010114.1000.0063 0.0 1
9414 vse 22 40021 AFA20010114.1000.0063 1.0 1
9413 vse 22 40021 AFA20010114.1000.0063 1.0 1
9412 vse 22 40021 AFA20010114.1000.0063 1.0 0
9410 vsb 22 40048 NYT20001112.1903.0110 1.0 1
9409 vsb 22 40048 NYT20001112.1903.0110 1.0 1
9408 vsb 22 40048 NYT20001112.1903.0110 1.0 1
9407 vsb 22 40048 NYT20001112.1903.0110 1.0 1
9405 vsb 22 40048 APW20001112.1831.0448 0.9941002949852508 1
9402 vsb 22 40048 APW20001112.1831.0448 1.0 1
9401 vsb 22 40048 APW20001112.1831.0439 1.0 0
9379 vse 27 40048 APW20001119.1232.0369 0.0 0
9377 vse 27 40048 ZBN20001112.1300.0037 1.0 0
9376 vse 27 40048 APW20001111.0851.0303 1.0 0
9375 vse 27 40048 APW20001111.0851.0294 1.0 0
9374 vse 27 40048 NYT20001111.1525.0144 1.0 0
9373 vse 27 40048 NYT20001111.1525.0144 0.995049504950495 0
9372 vse 27 40048 NYT20001111.1525.0144 1.0 0
9371 vse 27 40048 NYT20001112.1903.0110 1.0 0
9370 vse 27 40048 NYT20001112.1903.0110 1.0 0
9369 vse 27 40048 CBS20001114.1000.0691 1.0 0
9368 vsb 27 40009 ZBN20001030.0400.0009 1.0 1
9367 vsb 27 40009 XIN20001014.1400.0087 0.0 1
9366 vsb 27 40009 XIN20001014.1400.0087 0.0 1
9365 vsb 27 40009 XIN20001029.2000.0106 1.0 1
9364 vsb 27 40009 XIN20001029.2000.0106 1.0 1
9363 vsb 27 40009 VOA20001109.2100.3072 0.0 1
9362 vsb 27 40009 AFA20001109.1800.0150 0.0 1
9361 vsb 27 40009 CNN20001019.1400.0598 1.0 1
9360 vsb 27 40009 CNN20001019.1400.0598 1.0 1
9359 vsb 27 40009 AFA20001109.1800.0150 0.0 1
9358 vsb 27 40009 VOA20001018.2100.2160 1.0 1
9357 vsb 27 40009 NYT20001202.1028.0024 1.0 0
9356 vsn 27 40021 VAR20010114.1100.0825 0.9930313588850174 1
9355 vsn 27 40021 ZBN20010115.0400.0014 0.9716312056737588 1
9354 vsn 27 40021 AFA20010116.0000.0003 1.0 1
9353 vsn 27 40021 CTS20010115.2000.0008 0.9946666666666667 1
9352 vsn 27 40021 ABC20010114.1830.0045 0.0 1
9351 vsn 27 40021 ZBN20010117.0400.0003 1.0 1
9350 vsn 27 40021 ZBN20010115.0400.0014 0.9912472647702407 1
9349 vsn 27 40021 APW20010114.0543.0230 1.0 0
9333 vsb 26 40048 APW20001111.1611.0427 0.9920634920634921 1
9332 vsb 26 40048 CBS20001114.1000.0691 1.0 1
9331 vsb 26 40048 CBS20001114.1000.0691 1.0 1
9330 vsb 26 40048 CBS20001114.1000.0691 0.9942028985507246 1
9329 vsb 26 40048 NYT20001111.1525.0144 1.0 1
9328 vsb 26 40048 CBS20001111.1000.0659 1.0 1
9327 vsb 26 40048 NYT20001111.1525.0144 0.9956521739130435 1
9326 vsb 26 40048 APW20001112.1831.0448 1.0 0
9325 vsb 26 40048 APW20001112.1831.0448 1.0 0
9324 vsb 26 40048 APW20001112.1831.0448 1.0 0
9323 vsn 26 40009 APW20001016.1724.0512 1.0 1
9322 vsn 26 40009 APW20001016.1724.0512 1.0 1
9321 vsn 26 40009 XIN20001014.1400.0087 0.0 1
9320 vsn 26 40009 ZBN20001030.0400.0009 1.0 1
9319 vsn 26 40009 ZBN20001030.0400.0009 1.0 1
9318 vsn 26 40009 APW20001018.1350.0468 1.0 0
9317 vse 26 40021 VAR20010114.1100.0825 1.0 1
9316 vse 26 40021 XIN20010115.1400.0118 0.7333333333333333 1
9315 vse 26 40021 CTS20010115.2000.0008 0.9861111111111112 1
9314 vse 26 40021 CTS20010116.1300.0512 0.9968553459119497 0
9301 vsn 25 40048 AFA20001111.1800.0160 1.0 1
9300 vsn 25 40048 VOA20001114.2000.0217 1.0 0
9299 vsn 25 40048 NYT20001111.1525.0144 1.0 0
9298 vsn 25 40048 NYT20001111.1525.0144 1.0 0
9297 vsn 25 40048 ZBN20001112.1300.0037 1.0 0
9296 vsn 25 40048 ZBN20001112.1300.0037 1.0 0
9295 vsn 25 40048 ZBN20001112.1300.0037 1.0 0
9294 vsn 25 40048 APW20001111.0851.0294 1.0 0
9293 vsn 25 40048 XIN20001111.0200.0012 1.0 0
9292 vsn 25 40048 XIN20001111.0200.0012 0.9921259842519685 0
9291 vsn 25 40048 XIN20001111.0200.0012 1.0 0
9290 vsn 25 40048 XIN20001111.0200.0012 1.0 0
9289 vsn 25 40048 ZBN20001113.0400.0019 1.0 0
9288 vsn 25 40048 ZBN20001113.0400.0019 1.0 0
9287 vse 25 40009 APW20001018.1350.0468 1.0 1
9286 vse 25 40009 APW20001018.1350.0468 1.0 1
9285 vse 25 40009 APW20001018.1350.0468 1.0 1
9284 vse 25 40009 APW20001018.1350.0468 1.0 1
9283 vse 25 40009 APW20001018.1350.0468 0.0 1
9282 vse 25 40009 APW20010117.2147.0916 0.0 1
9281 vse 25 40009 XIN20001014.1400.0087 1.0 1
9280 vse 25 40009 XIN20001014.1400.0087 0.0 1
9279 vse 25 40009 APW20010117.2147.0916 0.0 0
9278 vsb 25 40021 CTS20010115.2000.0008 1.0 1
9277 vsb 25 40021 CTS20010115.2000.0008 1.0 1
9276 vsb 25 40021 XIN20010117.2000.0179 1.0 1
9275 vsb 25 40021 CTS20010116.1300.0512 1.0 1
9274 vsb 25 40021 XIN20010115.2000.0144 1.0 1
9273 vsb 25 40021 XIN20010115.2000.0144 0.0 1
9272 vsb 25 40021 AFA20010113.1800.0169 0.9930795847750865 1
9271 vsb 25 40021 XIN20010114.2000.0128 1.0 1
9270 vsb 25 40021 AFA20010114.1000.0063 1.0 0
9253 vse 24 40009 ZBN20001030.0400.0009 0.0 1
9252 vse 24 40009 ZBN20001030.0400.0009 1.0 1
9251 vse 24 40009 APW20010117.2147.0916 0.0 1
9250 vse 24 40009 VOA20001018.2100.2160 1.0 1
9249 vse 24 40009 VOA20001018.2100.2160 1.0 1
9248 vse 24 40009 VOA20001018.2100.2160 0.9969418960244648 1
9247 vse 24 40009 VOA20001018.2100.2160 1.0 1
9245 vse 24 40009 VOA20001018.2100.2160 1.0 1
9244 vse 24 40009 VOA20001018.2100.0775 1.0 1
9243 vse 24 40009 VOA20001018.2100.0775 1.0 1
9241 vsb 24 40021 CNN20010114.0900.0182 0.9971014492753624 1
9240 vsb 24 40021 CNN20010114.0900.0182 0.6782334384858044 1
9239 vsb 24 40021 VOM20010116.0700.2014 1.0 1
9238 vsb 24 40021 AFA20010114.0000.0003 0.0 0
9237 vsb 24 40021 AFA20010114.0000.0003 0.9885057471264368 0
9236 vsb 24 40021 AFA20010114.0000.0003 0.9976162097735399 0
9235 vsb 24 40021 ZBN20010115.0400.0014 0.4977578475336323 0
9234 vsb 24 40021 ZBN20010115.0400.0014 0.0 0
9233 vsb 24 40021 ZBN20010115.0400.0014 1.0 0
9232 vsb 24 40021 AFA20010114.1000.0063 0.0 0
9231 vsb 24 40021 AFA20010114.1000.0063 1.0 0
9230 vsb 24 40021 AFA20010114.1000.0063 1.0 0
9229 vsb 24 40021 ZBN20010115.0400.0014 1.0 0
9224 vsn 24 40048 VOA20001112.2100.2621 1.0 1
9223 vsn 24 40048 VOA20001112.2100.2621 1.0 1
9222 vsn 24 40048 VOA20001112.2100.2621 1.0 1
9221 vsn 24 40048 CBS20001111.1000.0659 0.0 1
9220 vsn 24 40048 CBS20001112.1000.0176 1.0 1
9219 vsn 24 40048 CBS20001112.1000.0176 1.0 1
9217 vsn 24 40048 APW20001112.0900.0320 1.0 1
9216 vsn 24 40048 APW20001112.0900.0320 1.0 1
9215 vsn 24 40048 CBS20001111.1000.0659 1.0 0
9214 vsn 24 40048 CBS20001111.1000.0659 1.0 0
9213 vsn 24 40048 CBS20001111.1000.0659 1.0 0
9198 vsb 23 40009 XIN20001029.2000.0106 1.0 1
9197 vsb 23 40009 ZBN20001030.0400.0009 1.0 0
9196 vsb 23 40009 VOA20001018.2100.2160 0.6808866583019657 0
9195 vsb 23 40009 VOA20001018.2100.2160 0.998212689901698 0
9194 vsb 23 40009 VOA20001018.2100.2160 1.0 0
9193 vsb 23 40009 VOA20001018.2100.2160 0.9983726606997559 0
9192 vsb 23 40009 VOA20001018.2100.2160 1.0 0
9191 vsb 23 40009 VOA20001018.2100.2160 1.0 0
9190 vsb 23 40009 VOA20001018.2100.2160 1.0 0
9189 vsn 23 40021 XIN20010115.2000.0144 1.0 1
9188 vsn 23 40021 XIN20010115.2000.0144 1.0 1
9187 vsn 23 40021 XIN20010115.2000.0144 1.0 1
9186 vsn 23 40021 AFA20010114.0000.0003 0.9976162097735399 1
9185 vsn 23 40021 AFA20010114.0000.0003 1.0 1
9184 vsn 23 40021 VAR20010114.1100.0825 1.0 1
9183 vsn 23 40021 CTS20010123.1300.1023 1.0 1
9182 vsn 23 40021 CTS20010115.2000.0008 0.7252124645892352 1
9181 vsn 23 40021 CTS20010115.2000.0008 0.9963201471941122 1
9180 vsn 23 40021 AFA20010114.1000.0063 0.0 0
9179 vsn 23 40021 AFA20010114.1000.0063 1.0 0
9178 vsn 23 40021 ZBN20010115.0400.0014 1.0 0
9177 vsn 23 40021 ZBN20010115.0400.0014 1.0 0
9176 vsn 23 40021 ZBN20010115.0400.0014 1.0 0
9175 vse 23 40048 XIN20001112.0200.0028 1.0 1
9174 vse 23 40048 NYT20001111.1525.0144 1.0 1
9173 vse 23 40048 NYT20001111.1525.0144 1.0 1
9172 vse 23 40048 APW20001111.1611.0427 0.0 1
9171 vse 23 40048 APW20001111.1611.0427 1.0 1
9170 vse 23 40048 APW20001114.1245.0373 0.9969325153374233 0
9169 vse 23 40048 NYT20001111.1525.0144 1.0 0
9168 vse 23 40048 NYT20001111.1525.0144 1.0 0
9167 vse 23 40048 NYT20001111.1525.0144 0.9975247524752475 0
9166 vse 23 40048 NYT20001111.1525.0144 1.0 0
9120 vsn 01 40021 APW20010114.1733.0443 0.9914163090128756 1
9119 vsn 01 40021 XIN20010117.2000.0179 1.0 1
9118 vsn 01 40021 ZBN20010117.0400.0003 1.0 1
9117 vsn 01 40021 ZBN20010117.0400.0003 1.0 1
9116 vsn 01 40021 ZBN20010116.0400.0007 0.5475 1
9115 vsn 01 40021 AFA20010114.1000.0063 1.0 0
9114 vsn 01 40021 ZBN20010115.0400.0014 0.9944649446494465 0
9112 vse 12 40021 XIN20010114.2000.0139 0.0 1
9111 vse 12 40021 VOA20010115.2000.1835 1.0 1
9110 vse 12 40021 ZBN20010116.0400.0007 0.0 1
9109 vse 12 40021 VAR20010114.1100.0825 1.0 1
9108 vse 12 40021 VAR20010114.1100.0825 1.0 1
9107 vse 12 40021 ZBN20010116.0400.0007 0.0 1
9106 vse 12 40021 ZBN20010116.0400.0007 1.0 1
9105 vse 12 40021 ZBN20010116.0400.0007 1.0 1
9104 vse 12 40021 ZBN20010116.0400.0007 1.0 1
9102 vse 12 40021 AFA20010114.1000.0063 1.0 0
9101 vse 12 40021 APW20010114.0543.0317 1.0 0
9099 vse 12 40021 APW20010114.0543.0317 1.0 0
9098 vsb 12 40048 CBS20001114.1000.0691 1.0 1
9097 vsb 12 40048 CBS20001111.1000.0659 1.0 1
9096 vsb 12 40048 CBS20001111.1000.0659 1.0 1
9095 vsb 12 40048 APW20001207.1122.0418 1.0 1
9094 vsb 12 40048 VOA20001112.2100.2621 0.9973154362416108 1
9093 vsb 12 40048 APW20001112.0900.0320 0.47985347985347987 1
9092 vsb 12 40048 APW20001112.0900.0320 0.0 1
9091 vsb 12 40048 APW20001112.1831.0439 1.0 0
9090 vsb 12 40048 APW20001112.1831.0439 1.0 0
9089 vsb 12 40048 APW20001112.1831.0439 1.0 0
9088 vsb 12 40048 APW20001112.1831.0439 0.9983974358974359 0
9087 vsb 12 40048 APW20001112.1831.0439 1.0 0
9085 vsn 12 40009 AFA20001018.1800.0227 1.0 1
9084 vsn 12 40009 XIN20001029.2000.0106 1.0 1
9083 vsn 12 40009 XIN20001014.1400.0087 0.9987179487179487 1
9082 vsn 12 40009 CNN20001019.1400.0598 0.9945054945054945 1
9081 vsn 12 40009 VOA20001018.2100.0775 0.9945205479452055 1
9080 vsn 12 40009 APW20001019.0539.0204 1.0 0
9053 vse 21 40021 CNN20010115.0900.0296 1.0 1
9052 vse 21 40021 CNN20010115.0900.0296 0.0 1
9051 vse 21 40021 ZBN20010116.0400.0007 1.0 1
9050 vse 21 40021 CTS20010116.1300.0512 1.0 1
9049 vse 21 40021 CTS20010116.1300.0512 1.0 1
9048 vse 21 40021 AFA20010114.0000.0003 1.0 1
9047 vse 21 40021 CNN20010114.1400.0018 1.0 1
9046 vse 21 40021 XIN20010115.2000.0144 1.0 1
9045 vse 21 40021 AFA20010114.1000.0063 0.9933993399339934 1
9044 vse 21 40021 AFA20010114.1000.0063 1.0 1
9043 vse 21 40021 AFA20010114.1000.0063 0.0 1
9042 vse 21 40021 AFA20010114.1000.0063 1.0 1
9041 vse 21 40021 XIN20010114.2000.0128 1.0 1
9040 vse 21 40021 ZBN20010116.0400.0007 1.0 1
9039 vse 21 40021 ZBN20010116.0400.0007 0.0 1
9038 vse 21 40021 CTS20010119.1300.0854 1.0 1
9037 vse 21 40021 XIN20010114.2000.0139 0.0 1
9036 vse 21 40021 ZBN20010116.0400.0007 1.0 0
9035 vse 21 40021 ZBN20010116.0400.0007 1.0 0
9034 vse 21 40021 ZBN20010116.0400.0007 1.0 0
9033 vsb 21 40048 APW20001114.1245.0373 1.0 1
9032 vsb 21 40048 NYT20001112.1903.0110 1.0 1
9031 vsb 21 40048 APW20001111.1611.0427 0.993421052631579 1
9030 vsb 21 40048 XIN20001111.0200.0012 1.0 1
9029 vsb 21 40048 XIN20001111.0200.0012 1.0 1
9028 vsb 21 40048 APW20001111.0851.0291 0.0 1
9027 vsb 21 40048 CBS20001112.1000.0176 0.9867549668874173 1
9026 vsb 21 40048 APW20001111.0851.0294 1.0 1
9025 vsb 21 40048 APW20001111.0851.0294 1.0 1
9024 vsb 21 40048 CBS20001114.1000.0691 1.0 1
9023 vsb 21 40048 CBS20001114.1000.0691 1.0 1
9022 vsb 21 40048 NYT20001112.1903.0110 1.0 0
9021 vsb 21 40048 NYT20001112.1903.0110 1.0 0
9020 vsb 21 40048 NYT20001112.1903.0110 1.0 0
9019 vsb 21 40048 CBS20001113.1000.0822 1.0 0
9018 vsb 21 40048 NYT20001112.1903.0110 1.0 0
9017 vsb 21 40048 NYT20001112.1903.0110 1.0 0
9016 vsn 21 40009 APW20001019.0539.0204 1.0 1
9015 vsn 21 40009 ZBN20001030.0400.0009 0.0 1
9014 vsn 21 40009 ZBN20001030.0400.0009 1.0 1
9013 vsn 21 40009 ZBN20001030.0400.0009 0.0 1
9012 vsn 21 40009 XIN20001029.2000.0106 0.5573770491803278 1
9011 vsn 21 40009 CNN20001019.1400.0598 0.991304347826087 1
9010 vsn 21 40009 CNN20001019.1400.0598 1.0 1
9009 vsn 21 40009 CNN20001019.1400.0598 1.0 1
9008 vsn 21 40009 APW20001016.1724.0512 1.0 1
9007 vsn 21 40009 APW20001016.1724.0512 1.0 1
9006 vsn 21 40009 APW20001016.1724.0512 1.0 1
9005 vsn 21 40009 APW20001016.1724.0512 1.0 1
9004 vsn 21 40009 ZBN20001030.0400.0009 1.0 0
8986 vsn 19 40021 AFA20010114.0000.0003 1.0 1
8985 vsn 19 40021 XIN20010117.2000.0179 1.0 1
8984 vsn 19 40021 APW20010114.1733.0443 1.0 1
8983 vsn 19 40021 APW20010114.1733.0443 1.0 1
8982 vsn 19 40021 CNN20010115.1400.0111 1.0 1
8981 vsn 19 40021 ZBN20010116.0400.0007 1.0 1
8980 vsn 19 40021 ZBN20010116.0400.0007 1.0 1
8979 vsn 19 40021 APW20010114.0543.0317 1.0 0
8978 vsn 19 40021 APW20010114.0543.0317 1.0 0
8977 vsn 19 40021 APW20010114.0543.0317 1.0 0
8976 vse 19 40048 ZBN20001112.1300.0037 1.0 1
8975 vse 19 40048 APW20001111.0851.0303 1.0 1
8974 vse 19 40048 APW20001111.0851.0303 1.0 1
8973 vse 19 40048 XIN20001111.0200.0012 1.0 1
8972 vse 19 40048 XIN20001114.2000.0107 1.0 1
8971 vse 19 40048 CBS20001113.1000.0822 1.0 1
8970 vse 19 40048 NYT20001112.1903.0110 1.0 0
8969 vse 19 40048 NYT20001112.1903.0110 1.0 0
8968 vse 19 40048 APW20001112.1831.0448 1.0 0
8967 vse 19 40048 APW20001112.1831.0448 1.0 0
8966 vse 19 40048 APW20001112.1831.0448 1.0 0
8965 vse 19 40048 APW20001112.1831.0448 1.0 0
8964 vse 19 40048 APW20001112.1831.0448 1.0 0
8963 vse 19 40048 APW20001112.1831.0448 1.0 0
8962 vsb 19 40009 NYT20001202.1028.0024 0.0 1
8961 vsb 19 40009 CNN20001019.1400.0598 0.9922555663117134 1
8960 vsb 19 40009 VOA20001018.2100.0775 0.9945205479452055 0
8958 vsb 19 40009 XIN20001029.2000.0106 0.5573770491803278 0
8957 vsb 19 40009 VOA20001018.2100.0775 1.0 0
8956 vsb 19 40009 XIN20001029.2000.0106 1.0 0
8955 vsb 19 40009 VOA20001018.2100.2160 0.998212689901698 0
8954 vsb 19 40009 ZBN20001030.0400.0009 1.0 0
8923 vse 18 40048 APW20001207.1122.0418 0.9900990099009901 1
8922 vse 18 40048 APW20001112.0900.0308 1.0 1
8921 vse 18 40048 APW20001112.0900.0308 0.0 1
8920 vse 18 40048 CBS20001114.1000.0691 1.0 1
8919 vse 18 40048 PRI20001113.2000.1925 0.6893424036281179 1
8917 vse 18 40048 APW20001112.1831.0439 1.0 0
8916 vse 18 40048 APW20001112.1831.0439 1.0 0
8915 vse 18 40048 APW20001112.1831.0439 1.0 0
8913 vse 18 40048 NYT20001112.1903.0110 0.0 0
8912 vse 18 40048 NYT20001112.1903.0110 1.0 0
8910 vse 18 40048 NYT20001112.1903.0110 1.0 0
8909 vse 18 40048 NYT20001112.1903.0110 1.0 0
8908 vsb 18 40009 VOA20001018.2100.2160 1.0 0
8907 vsb 18 40009 NYT20001202.1028.0024 1.0 0
8906 vsb 18 40009 NYT20001202.1028.0024 0.8596908442330559 0
8905 vsb 18 40009 NYT20001202.1028.0024 0.0 0
8904 vsb 18 40009 XIN20001110.1400.0088 1.0 0
8903 vsb 18 40009 VOA20001018.2100.2160 1.0 0
8902 vsb 18 40009 VOA20001018.2100.2160 0.997907949790795 0
8901 vsb 18 40009 ZBN20001030.0400.0009 0.998109640831758 0
8900 vsb 18 40009 ZBN20001030.0400.0009 1.0 0
8899 vsn 18 40021 APW20010114.0543.0317 1.0 1
8898 vsn 18 40021 ZBN20010115.0400.0014 0.0 1
8897 vsn 18 40021 APW20010125.0333.0172 1.0 1
8896 vsn 18 40021 APW20010125.0333.0172 1.0 1
8895 vsn 18 40021 APW20010114.0543.0317 1.0 1
8894 vsn 18 40021 ZBN20010116.0400.0007 1.0 1
8893 vsn 18 40021 ZBN20010116.0400.0007 1.0 1
8892 vsn 18 40021 ZBN20010116.0400.0007 1.0 1
8891 vsn 18 40021 ZBN20010116.0400.0007 1.0 1
8871 vsb 17 40048 NBC20001112.1830.1225 0.9973614775725593 1
8870 vsb 17 40048 CBS20001112.1000.0176 0.5617021276595745 1
8869 vsb 17 40048 APW20001207.1122.0418 0.5876923076923077 1
8868 vsb 17 40048 CBS20001114.1000.0691 1.0 1
8867 vsb 17 40048 APW20001111.0851.0294 1.0 1
8866 vsb 17 40048 APW20001112.1831.0448 1.0 0
8865 vsb 17 40048 APW20001112.1831.0448 0.4673913043478261 0
8864 vsb 17 40048 APW20001112.1831.0448 0.7433784579164214 0
8863 vsb 17 40048 APW20001112.1831.0448 1.0 0
8862 vsb 17 40048 APW20001112.1831.0448 1.0 0
8861 vsb 17 40048 NYT20001112.1903.0110 0.661522633744856 0
8860 vsb 17 40048 NYT20001112.1903.0110 0.9168949771689497 0
8859 vsb 17 40048 NYT20001112.1903.0110 0.9980657640232108 0
8858 vsb 17 40048 NYT20001112.1903.0110 0.7827868852459017 0
8857 vsb 17 40048 NYT20001112.1903.0110 0.0 0
8856 vsb 17 40048 NYT20001112.1903.0110 0.9978046103183315 0
8855 vsb 17 40048 NYT20001112.1903.0110 0.9973958333333334 0
8854 vsn 17 40009 CNN20001018.1400.0577 0.9964601769911504 1
8853 vsn 17 40009 XIN20001029.2000.0106 1.0 1
8852 vsn 17 40009 XIN20001014.1400.0087 0.6519083969465649 1
8851 vsn 17 40009 APW20001019.0539.0204 0.0 1
8850 vsn 17 40009 APW20001019.0539.0204 0.0 1
8849 vsn 17 40009 APW20001019.0539.0204 0.0 1
8848 vsn 17 40009 APW20001019.0539.0204 0.8494623655913979 1
8847 vsn 17 40009 APW20001019.0539.0204 1.0 1
8846 vsn 17 40009 APW20001019.0539.0204 1.0 1
8845 vsn 17 40009 VOA20001018.2100.0775 0.9946200403496974 1
8844 vsn 17 40009 ZBN20001030.0400.0009 1.0 1
8843 vsn 17 40009 APW20001018.1350.0468 1.0 0
8842 vsn 17 40009 APW20001018.1350.0468 1.0 0
8841 vse 17 40021 XIN20010115.2000.0144 1.0 1
8840 vse 17 40021 XIN20010115.1400.0118 0.9911111111111112 1
8839 vse 17 40021 XIN20010115.1400.0118 0.9046052631578947 1
8838 vse 17 40021 CBS20010115.1000.0930 0.9977997799779978 1
8837 vse 17 40021 XIN20010115.2000.0144 1.0 1
8836 vse 17 40021 ZBN20010115.0400.0014 0.6812227074235808 1
8835 vse 17 40021 ZBN20010115.0400.0014 1.0 1
8834 vse 17 40021 ZBN20010115.0400.0014 0.9905437352245863 1
8833 vse 17 40021 XIN20010114.2000.0139 1.0 0
8832 vse 17 40021 CTS20010115.2000.0008 0.24567474048442905 0
8831 vse 17 40021 CTS20010115.2000.0008 1.0 0
8807 vsn 16 40048 APW20001111.0851.0290 0.9925373134328358 1
8806 vsn 16 40048 APW20001111.0851.0290 0.9 1
8805 vsn 16 40048 ZBN20001112.1300.0037 0.0 1
8804 vsn 16 40048 APW20001207.1122.0418 1.0 1
8803 vsn 16 40048 APW20001111.0851.0290 1.0 1
8802 vsn 16 40048 NYT20001111.1525.0144 1.0 0
8801 vsn 16 40048 NYT20001111.1525.0144 0.995049504950495 0
8800 vsn 16 40048 NYT20001111.1525.0144 0.8269230769230769 0
8799 vsn 16 40048 NYT20001111.1525.0144 0.0 0
8798 vsn 16 40048 NYT20001111.1525.0144 1.0 0
8797 vsn 16 40048 NYT20001111.1525.0144 1.0 0
8796 vsn 16 40048 NYT20001111.1525.0144 0.9937304075235109 0
8795 vsn 16 40048 NYT20001111.1525.0144 0.9975247524752475 0
8794 vsn 16 40048 NYT20001111.1525.0144 1.0 0
8793 vse 16 40009 VOA20001018.2100.2160 1.0 1
8792 vse 16 40009 VOA20001018.2100.2160 0.0 1
8791 vse 16 40009 VOA20001018.2100.2160 1.0 1
8790 vse 16 40009 ZBN20001030.0400.0009 1.0 1
8789 vse 16 40009 VOA20001018.2100.2160 1.0 1
8788 vse 16 40009 VOA20001018.2100.0775 1.0 1
8787 vse 16 40009 ALH20001020.1300.0093 0.0 1
8786 vse 16 40009 VOA20001018.2100.0775 1.0 1
8785 vse 16 40009 VOA20001018.2100.0775 1.0 1
8784 vse 16 40009 APW20001019.0539.0204 1.0 0
8783 vse 16 40009 APW20001019.0539.0204 1.0 0
8782 vse 16 40009 APW20001019.0539.0204 1.0 0
8781 vse 16 40009 APW20001019.0539.0204 0.37089201877934275 0
8780 vse 16 40009 APW20001019.0539.0204 1.0 0
8779 vse 16 40009 APW20001019.0539.0204 1.0 0
8778 vse 16 40009 APW20001019.0539.0204 1.0 0
8777 vsb 16 40021 XIN20010114.2000.0128 1.0 1
8776 vsb 16 40021 XIN20010115.1400.0118 1.0 1
8775 vsb 16 40021 AFA20010114.1000.0063 1.0 1
8774 vsb 16 40021 AFA20010114.0000.0003 1.0 0
8773 vsb 16 40021 ABC20010114.1830.0045 0.0 0
8772 vsb 16 40021 ZBN20010115.0400.0014 0.0 0
8771 vsb 16 40021 ZBN20010115.0400.0014 1.0 0
8770 vsb 16 40021 ZBN20010115.0400.0014 1.0 0
8769 vsb 16 40021 ZBN20010115.0400.0014 1.0 0
8768 vsb 16 40021 ZBN20010115.0400.0014 1.0 0
8767 vsb 16 40021 ZBN20010115.0400.0014 1.0 0
8740 vse 15 40009 CNN20001019.1400.0598 1.0 1
8739 vse 15 40009 AFA20010117.1800.0240 0.0 1
8738 vse 15 40009 CNN20001018.1400.0577 1.0 1
8737 vse 15 40009 AFA20001109.1800.0150 0.0 1
8736 vse 15 40009 XIN20001110.1400.0088 0.0 1
8735 vse 15 40009 XIN20001110.1400.0088 0.0 1
8734 vse 15 40009 AFA20001018.1800.0227 0.9952038369304557 1
8733 vse 15 40009 NYT20001202.1028.0024 1.0 0
8732 vsb 15 40021 APW20010116.1521.0424 1.0 1
8731 vsb 15 40021 APW20010114.0543.0230 1.0 1
8730 vsb 15 40021 CTS20010115.2000.0008 1.0 1
8729 vsb 15 40021 AFA20010113.1800.0158 0.7679180887372014 1
8728 vsb 15 40021 VOM20010114.0700.0373 1.0 1
8727 vsb 15 40021 VOM20010114.0700.0373 1.0 1
8726 vsb 15 40021 ZBN20010116.0400.0007 0.0 1
8725 vsb 15 40021 ZBN20010116.0400.0007 1.0 1
8724 vsb 15 40021 ZBN20010116.0400.0007 1.0 1
8723 vsb 15 40021 ZBN20010116.0400.0007 1.0 1
8722 vsb 15 40021 ZBN20010116.0400.0007 0.9942857142857143 1
8721 vsb 15 40021 ZBN20010116.0400.0007 1.0 1
8720 vsb 15 40021 AFA20010114.1000.0022 2.0 0
8719 vsb 15 40021 VAR20010114.1100.0825 1.0 0
8718 vsb 15 40021 CTS20010115.2000.0008 1.0 0
8717 vsb 15 40021 CTS20010115.2000.0008 1.0 0
8716 vsb 15 40021 CBS20010115.1000.0930 1.0 0
8715 vsb 15 40021 AFA20010114.1000.0063 1.0 0
8714 vsb 15 40021 AFA20010114.1000.0063 1.0 0
8713 vsb 15 40021 AFA20010114.1000.0063 1.0 0
8712 vsn 15 40048 NYT20001112.1903.0110 1.0 1
8711 vsn 15 40048 APW20001112.1831.0439 0.0 1
8710 vsn 15 40048 APW20001113.1340.0344 1.0 1
8709 vsn 15 40048 NYT20001111.1525.0144 1.0 1
8708 vsn 15 40048 NYT20001111.1525.0144 1.0 1
8707 vsn 15 40048 NYT20001111.1525.0144 1.0 1
8706 vsn 15 40048 NYT20001111.1525.0144 1.0 1
8705 vsn 15 40048 APW20001112.1831.0439 1.0 0
8704 vsn 15 40048 APW20001112.1831.0439 1.0 0
8689 vsb 14 40009 XIN20001014.1400.0087 0.0 1
8688 vsb 14 40009 ALH20001020.1300.0093 0.3649025069637883 1
8687 vsb 14 40009 ALH20001020.1300.0093 1.0 1
8686 vsb 14 40009 ALH20001020.1300.0093 1.0 1
8685 vsb 14 40009 XIN20001029.2000.0106 1.0 1
8684 vsb 14 40009 XIN20001029.2000.0106 0.5573770491803278 1
8683 vsb 14 40009 AFA20001018.1800.0227 1.0 1
8682 vsb 14 40009 APW20001216.0556.0272 0.0 1
8680 vsb 14 40009 APW20001216.0556.0272 0.0 1
8679 vsb 14 40009 ZBN20001030.0400.0009 1.0 0
8678 vsb 14 40009 ZBN20001030.0400.0009 1.0 0
8677 vsn 14 40021 AFA20010114.1800.0155 0.9967845659163987 1
8676 vsn 14 40021 AFA20010114.1000.0022 1.7296898079763663 1
8675 vsn 14 40021 VAR20010114.1100.0825 1.0 1
8674 vsn 14 40021 XIN20010114.2000.0139 1.0 1
8673 vsn 14 40021 VOA20010115.2000.1835 1.0 1
8672 vsn 14 40021 APW20010114.0543.0230 1.0 1
8671 vsn 14 40021 AFA20010114.1000.0063 1.0 0
8669 vse 14 40048 APW20001111.1611.0427 0.5606060606060606 1
8668 vse 14 40048 CBS20001114.1000.0691 0.9350553505535055 1
8667 vse 14 40048 CBS20001111.1000.0659 0.9919354838709677 1
8666 vse 14 40048 CBS20001114.1000.0691 0.9942028985507246 1
8665 vse 14 40048 CBS20001114.1000.0691 1.0 1
8664 vse 14 40048 APW20001111.1611.0418 1.0 1
8663 vse 14 40048 APW20001113.1340.0344 0.9967845659163987 1
8662 vse 14 40048 NYT20001112.1903.0110 1.0 0
8649 vsn 13 40009 VOA20001018.2100.0775 1.0 1
8648 vsn 13 40009 APW20001016.1724.0512 1.0 1
8647 vsn 13 40009 APW20001016.1724.0512 0.0 1
8646 vsn 13 40009 APW20001016.1724.0512 1.0 1
8645 vsn 13 40009 APW20010117.0520.0259 1.0 1
8644 vsn 13 40009 VOA20001028.2100.0233 1.0 1
8643 vsn 13 40009 VOA20001028.2100.0233 1.0 1
8642 vsn 13 40009 XIN20001029.2000.0106 0.997289972899729 1
8641 vsn 13 40009 APW20001016.1724.0512 1.0 0
8640 vsn 13 40009 APW20001016.1724.0512 0.9971181556195965 0
8639 vsn 13 40009 APW20001016.1724.0512 0.9984 0
8638 vsn 13 40009 APW20001016.1724.0512 0.9921259842519685 0
8637 vsn 13 40009 APW20001016.1724.0512 0.9973718791064389 0
8636 vse 13 40021 XIN20010131.1400.0097 0.0 1
8635 vse 13 40021 VOM20010131.0700.0152 0.0 1
8634 vse 13 40021 XIN20010115.1400.0118 1.0 1
8633 vse 13 40021 XIN20010115.1400.0118 0.714859437751004 1
8632 vse 13 40021 APW20001218.1535.0417 0.0 1
8631 vse 13 40021 XIN20010117.2000.0179 1.0 0
8630 vse 13 40021 XIN20010117.2000.0179 0.9979317476732161 0
8629 vse 13 40021 XIN20010117.2000.0179 1.0 0
8628 vsb 13 40048 XIN20001114.2000.0107 1.0 1
8627 vsb 13 40048 VOA20001111.2100.0206 1.0 1
8626 vsb 13 40048 APW20001111.0851.0294 1.0 1
8625 vsb 13 40048 APW20001111.0851.0294 1.0 1
8624 vsb 13 40048 ZBN20001112.1300.0037 1.0 1
8622 vsb 13 40048 XIN20001111.0200.0012 1.0 0
8621 vsb 13 40048 AFA20001111.1800.0160 1.0 0
8620 vsb 13 40048 ZBN20001113.0400.0019 1.0 0
8602 vse 06 40009 AFA20001018.1800.0227 1.0 1
8601 vse 06 40009 AFA20001018.1800.0227 0.0 1
8600 vse 06 40009 AFA20001018.1800.0227 1.0 1
8599 vse 06 40009 AFA20001018.1800.0227 1.0 1
8597 vse 06 40009 VOA20001018.2100.2160 1.0 0
8595 vse 06 40009 VOA20001018.2100.2160 1.0 0
8594 vse 06 40009 VOA20001018.2100.2160 0.997979797979798 0
8592 vse 06 40009 VOA20001018.2100.2160 0.0 0
8591 vse 06 40009 VOA20001018.2100.2160 0.0 0
8590 vse 06 40009 VOA20001018.2100.2160 1.0 0
8589 vse 06 40009 VOA20001018.2100.2160 1.0 0
8588 vse 06 40009 VOA20001018.2100.2160 1.0 0
8587 vse 06 40009 VOA20001018.2100.2160 1.0 0
8586 vse 06 40009 VOA20001018.2100.2160 1.0 0
8585 vse 06 40009 VOA20001018.2100.2160 1.0 0
8582 vse 06 40009 VOA20001018.2100.2160 1.0 0
8581 vse 06 40009 VOA20001018.2100.2160 1.0 0
8580 vse 06 40009 VOA20001018.2100.2160 1.0 0
8579 vse 06 40009 VOA20001018.2100.2160 0.9977426636568849 0
8578 vse 06 40009 NYT20001202.1028.0024 0.0 0
8575 vse 06 40009 NYT20001202.1028.0024 0.0 0
8574 vse 06 40009 NYT20001202.1028.0024 1.0 0
8572 vse 06 40009 NYT20001202.1028.0024 0.0 0
8569 vse 06 40009 NYT20001202.1028.0024 0.0 0
8568 vse 06 40009 NYT20001202.1028.0024 1.0 0
8566 vse 06 40009 NYT20001202.1028.0024 1.0 0
8565 vsb 06 40021 AFA20010114.0000.0003 1.0 1
8564 vsb 06 40021 AFA20010114.0000.0003 1.0 1
8563 vsb 06 40021 ABC20010114.1830.0045 0.0 1
8562 vsb 06 40021 ABC20010114.1830.0045 0.0 1
8561 vsb 06 40021 XIN20010115.2000.0144 1.0 1
8560 vsb 06 40021 XIN20010115.2000.0144 1.0 1
8559 vsb 06 40021 CTS20010115.2000.0008 0.3837837837837838 1
8558 vsb 06 40021 CTS20010115.2000.0008 0.0 1
8557 vsb 06 40021 XIN20010114.2000.0139 1.0 1
8556 vsb 06 40021 XIN20010114.2000.0139 0.0 1
8555 vsb 06 40021 AFA20010114.1000.0063 0.0 1
8554 vsb 06 40021 AFA20010114.1000.0063 0.9933110367892977 1
8553 vsb 06 40021 AFA20010114.1000.0063 1.0 1
8552 vsb 06 40021 ZBN20010115.0400.0014 1.0 1
8551 vsb 06 40021 ZBN20010115.0400.0014 0.0 1
8550 vsb 06 40021 ZBN20010115.0400.0014 0.0 1
8549 vsb 06 40021 ZBN20010115.0400.0014 1.0 1
8548 vsb 06 40021 ZBN20010115.0400.0014 1.0 1
8547 vsb 06 40021 ZBN20010115.0400.0014 1.0 1
8546 vsb 06 40021 ZBN20010115.0400.0014 1.0 1
8545 vsb 06 40021 ZBN20010115.0400.0014 1.0 1
8544 vsb 06 40021 ZBN20010115.0400.0014 1.0 1
8543 vsb 06 40021 XIN20010117.2000.0179 0.0 0
8542 vsb 06 40021 XIN20010117.2000.0179 0.0 0
8541 vsn 06 40048 ZBN20001113.0400.0019 1.0 1
8539 vsn 06 40048 ZBN20001112.1300.0037 1.0 1
8538 vsn 06 40048 ZBN20001112.1300.0037 1.0 1
8537 vsn 06 40048 ZBN20001112.1300.0037 1.0 1
8536 vsn 06 40048 ZBN20001112.1300.0037 1.0 1
8535 vsn 06 40048 ZBN20001113.0400.0019 1.0 0
8533 vsn 06 40048 ZBN20001113.0400.0019 1.0 0
8511 vse 09 40048 APW20001111.0851.0294 0.0 1
8510 vse 09 40048 APW20001111.0851.0294 0.6859504132231405 1
8509 vse 09 40048 APW20001111.0851.0294 1.0 1
8508 vse 09 40048 ZBN20001112.1300.0037 1.0 1
8507 vse 09 40048 ZBN20001112.1300.0037 1.0 1
8506 vse 09 40048 ZBN20001112.1300.0037 1.0 1
8505 vse 09 40048 ZBN20001112.1300.0037 1.0 1
8504 vse 09 40048 ZBN20001112.1300.0037 0.0 1
8503 vse 09 40048 ZBN20001112.1300.0037 1.0 1
8502 vse 09 40048 ZBN20001112.1300.0037 1.0 1
8501 vse 09 40048 ZBN20001112.1300.0037 1.0 1
8500 vse 09 40048 APW20001207.1122.0418 0.0 1
8499 vse 09 40048 APW20001207.1122.0418 1.0 1
8498 vse 09 40048 XIN20001111.0200.0012 1.0 1
8497 vse 09 40048 XIN20001111.0200.0012 1.0 1
8496 vse 09 40048 XIN20001111.0200.0012 1.0 1
8495 vse 09 40048 APW20001111.0851.0294 1.0 1
8494 vse 09 40048 APW20001111.0851.0294 0.0 1
8493 vse 09 40048 CBS20001114.1000.0691 1.0 1
8492 vse 09 40048 CBS20001114.1000.0691 1.0 1
8491 vse 09 40048 APW20001111.0851.0294 0.0 1
8490 vse 09 40048 APW20001111.0851.0294 0.9161425576519916 1
8489 vse 09 40048 APW20001111.1611.0427 0.9933993399339934 1
8488 vse 09 40048 APW20001111.1611.0427 1.0 1
8487 vse 09 40048 APW20001111.1611.0427 1.0 1
8486 vse 09 40048 APW20001111.1611.0427 1.0 1
8485 vse 09 40048 APW20001111.1611.0427 1.0 1
8484 vse 09 40048 APW20001111.1611.0427 1.0 1
8483 vse 09 40048 APW20001207.1122.0418 1.0 1
8482 vse 09 40048 APW20001207.1122.0418 0.984251968503937 1
8481 vse 09 40048 NYT20001111.1525.0144 1.0 0
8480 vse 09 40048 NYT20001111.1525.0144 1.0 0
8479 vse 09 40048 NYT20001111.1525.0144 1.0 0
8478 vse 09 40048 NYT20001111.1525.0144 1.0 0
8477 vse 09 40048 NYT20001111.1525.0144 1.0 0
8476 vse 09 40048 NYT20001111.1525.0144 1.0 0
8475 vse 09 40048 NYT20001111.1525.0144 1.0 0
8474 vse 09 40048 NYT20001111.1525.0144 1.0 0
8473 vse 09 40048 NYT20001111.1525.0144 1.0 0
8472 vsb 09 40009 XIN20001112.2000.0124 0.0 1
8471 vsb 09 40009 APW20010111.1817.0705 0.0 1
8470 vsb 09 40009 APW20010111.1817.0705 1.0 1
8469 vsb 09 40009 APW20010111.1817.0705 0.0 1
8468 vsb 09 40009 APW20010111.1817.0705 1.0 1
8467 vsb 09 40009 XIN20001110.1400.0088 1.0 1
8466 vsb 09 40009 XIN20001110.1400.0088 1.0 1
8465 vsb 09 40009 XIN20001110.1400.0088 1.0 1
8464 vsb 09 40009 XIN20001110.1400.0088 1.0 1
8463 vsb 09 40009 XIN20001019.0200.0015 1.0 1
8462 vsb 09 40009 ALH20001020.1300.0093 1.0 1
8461 vsb 09 40009 ALH20001020.1300.0093 1.0 1
8460 vsb 09 40009 ALH20001020.1300.0093 1.0 1
8459 vsb 09 40009 AFA20001109.1800.0150 0.0 1
8458 vsb 09 40009 AFA20001109.1800.0150 0.0 1
8457 vsb 09 40009 AFA20001018.1800.0227 1.0 1
8456 vsb 09 40009 AFA20001018.1800.0227 1.0 1
8455 vsb 09 40009 ZBN20001030.0400.0009 1.0 0
8454 vsb 09 40009 ZBN20001030.0400.0009 1.0 0
8453 vsb 09 40009 ZBN20001030.0400.0009 0.002898550724637681 0
8452 vsb 09 40009 ZBN20001030.0400.0009 1.0 0
8451 vsb 09 40009 ZBN20001030.0400.0009 1.0 0
8450 vsb 09 40009 ZBN20001030.0400.0009 1.0 0
8449 vsb 09 40009 ZBN20001030.0400.0009 1.0 0
8448 vsn 09 40021 XIN20010115.2000.0144 1.0 1
8447 vsn 09 40021 CTS20010115.2000.0008 1.0 1
8446 vsn 09 40021 XIN20010114.2000.0139 0.0 1
8445 vsn 09 40021 XIN20010115.2000.0144 0.0 1
8444 vsn 09 40021 CTS20010123.1300.1023 1.0 1
8443 vsn 09 40021 CTS20010123.1300.1023 1.0 1
8442 vsn 09 40021 CBS20010121.0800.0231 1.0 1
8441 vsn 09 40021 CBS20010121.0800.0231 1.0 1
8440 vsn 09 40021 XIN20010114.2000.0128 1.0 1
8439 vsn 09 40021 VOM20010116.0700.0098 1.0 1
8437 vsn 09 40021 CTS20010115.2000.0008 1.0 0
8436 vsn 09 40021 CTS20010115.2000.0008 1.0 0
8435 vsn 09 40021 CTS20010115.2000.0008 0.0 0
8434 vsn 09 40021 CTS20010115.2000.0008 1.0 0
8433 vsn 09 40021 CTS20010115.2000.0008 0.0 0
8432 vsn 09 40021 CTS20010115.2000.0008 1.0 0
8411 vsb 08 40048 APW20001113.1340.0344 1.0 1
8410 vsb 08 40048 NYT20001111.1525.0144 1.0 1
8409 vsb 08 40048 NYT20001111.1525.0144 1.0 1
8408 vsb 08 40048 APW20001112.0900.0308 1.0 1
8407 vsb 08 40048 APW20001112.0900.0308 0.0 1
8406 vsb 08 40048 APW20001112.0900.0308 0.975 1
8405 vsb 08 40048 APW20001112.0900.0308 1.0 1
8404 vsb 08 40048 APW20001112.1831.0439 1.0 1
8403 vsb 08 40048 APW20001112.1831.0439 1.0 1
8402 vsb 08 40048 APW20001207.1122.0418 1.0 1
8401 vsb 08 40048 XIN20001112.0200.0028 1.0 1
8400 vsb 08 40048 APW20001207.1122.0418 1.0 1
8399 vsb 08 40048 ZBN20001116.0400.0016 1.0 0
8398 vsb 08 40048 APW20001112.1831.0439 0.0 0
8397 vsn 08 40009 AFA20001109.1800.0150 0.0 1
8396 vsn 08 40009 VOA20001018.2100.0775 1.0 1
8395 vsn 08 40009 NBC20001018.1830.1213 1.0 1
8394 vsn 08 40009 AFA20001109.1800.0150 0.0 1
8393 vsn 08 40009 XIN20001014.1400.0087 1.0 1
8392 vsn 08 40009 XIN20001014.1400.0087 1.0 1
8391 vsn 08 40009 VOA20001018.2100.2160 1.0 0
8390 vse 08 40021 VOA20010115.2000.1079 0.0 1
8389 vse 08 40021 XIN20010117.2000.0179 1.0 1
8388 vse 08 40021 APW20010114.0543.0317 1.0 1
8387 vse 08 40021 XIN20010115.2000.0144 1.0 1
8386 vse 08 40021 ZBN20010115.0400.0014 1.0 0
8385 vse 08 40021 ZBN20010115.0400.0014 1.0 0
8368 vsn 07 40048 ZBN20001113.0400.0019 0.5465346534653466 1
8367 vsn 07 40048 APW20001207.1122.0418 0.724669603524229 1
8365 vsn 07 40048 APW20001113.1340.0344 1.0 1
8363 vsn 07 40048 ANN20001113.1500.0065 1.0 0
8362 vse 07 40009 AFA20001109.1800.0150 0.0 1
8361 vse 07 40009 XIN20001019.0200.0015 1.0 1
8360 vse 07 40009 XIN20001014.1400.0087 0.9987179487179487 1
8359 vse 07 40009 XIN20001014.1400.0087 0.0 1
8358 vse 07 40009 APW20010117.0520.0259 1.0 1
8357 vse 07 40009 AFA20001109.1800.0150 0.0 0
8356 vsb 07 40021 ZBN20010116.0400.0007 0.0 1
8355 vsb 07 40021 XIN20010117.2000.0179 1.0 1
8354 vsb 07 40021 XIN20010114.2000.0139 0.0 1
8353 vsb 07 40021 XIN20010115.1400.0118 0.8416945373467113 1
8351 vsb 07 40021 APW20010114.1733.0443 1.0 1
8333 vsb 05 40009 VOA20001109.2100.3072 0.9994539994539995 0
8332 vsb 05 40009 NYT20001204.0926.0049 0.0 0
8331 vsb 05 40009 NYT20001204.0926.0049 0.0 0
8330 vsb 05 40009 XIN20001110.1400.0088 0.6606538895152199 0
8329 vsb 05 40009 VOA20001028.2100.0233 1.0 0
8328 vsb 05 40009 VOA20001018.2100.0775 0.9938271604938271 0
8327 vsb 05 40009 CNN20001019.1400.0598 0.9975 0
8326 vsb 05 40009 VOA20001018.2100.2160 1.0 0
8325 vsb 05 40009 VOA20001018.2100.2160 1.0 0
8324 vsb 05 40009 VOA20001018.2100.2160 1.0 0
8323 vsb 05 40009 VOA20001018.2100.2160 1.0 0
8322 vsb 05 40009 VOA20001018.2100.2160 0.998212689901698 0
8318 vsn 05 40021 CNN20010115.0900.0296 1.0 1
8317 vsn 05 40021 ZBN20010115.0400.0014 1.0 1
8316 vsn 05 40021 ZBN20010115.0400.0014 1.0 1
8315 vsn 05 40021 CNN20010114.0900.0182 0.9982905982905983 1
8314 vsn 05 40021 CNN20010114.1400.0018 1.0 1
8313 vsn 05 40021 CTS20010115.2000.0008 0.9946666666666667 0
8312 vsn 05 40021 CTS20010115.2000.0008 1.0 0
8311 vsn 05 40021 APW20010114.0543.0230 1.0 0
8310 vsn 05 40021 APW20010114.0543.0230 1.0 0
8309 vse 05 40048 XIN20001114.2000.0107 0.0 1
8308 vse 05 40048 APW20001111.0851.0294 1.0 1
8307 vse 05 40048 APW20001111.0851.0294 1.0 1
8306 vse 05 40048 CBS20001114.1000.0691 1.0 1
8305 vse 05 40048 PRI20001113.2000.1255 1.0 1
8304 vse 05 40048 PRI20001113.2000.1255 0.6872852233676976 1
8303 vse 05 40048 APW20001112.1831.0448 1.0 0
8302 vse 05 40048 APW20001112.1831.0448 1.0 0
8301 vse 05 40048 APW20001112.1831.0448 1.0 0
8281 vsn 04 40009 NYT20001204.0926.0050 1.0 1
8280 vsn 04 40009 NYT20001204.0926.0050 0.0 1
8279 vsn 04 40009 VOA20001006.2100.0364 1.0 1
8278 vsn 04 40009 VOA20001006.2100.0364 0.996551724137931 1
8277 vsn 04 40009 VOM20010124.0700.0972 0.0 1
8276 vsn 04 40009 VOM20010124.0700.0972 0.0 1
8275 vsn 04 40009 APW20001018.1350.0468 0.995880535530381 0
8274 vsn 04 40009 XIN20001110.1400.0088 0.0 0
8273 vsn 04 40009 ZBN20001030.0400.0009 0.6455910340452526 0
8272 vse 04 40021 APW20010114.0219.0099 0.2290249433106576 1
8271 vse 04 40021 APW20010114.0219.0078 0.9963855421686747 1
8270 vse 04 40021 CTS20010115.2000.0008 0.7206632653061225 1
8269 vse 04 40021 CTS20010117.1300.0493 0.6014492753623188 1
8268 vse 04 40021 ZBN20010115.0400.0014 1.0 1
8267 vse 04 40021 ZBN20010115.0400.0014 0.8590998043052838 1
8266 vse 04 40021 AFA20010114.1000.0063 0.8629422718808194 1
8265 vse 04 40021 APW20010114.0543.0317 0.47114375655823715 1
8264 vse 04 40021 APW20010114.0543.0317 0.999002493765586 1
8263 vse 04 40021 ZBN20010117.0400.0003 1.0 1
8262 vse 04 40021 ZBN20010117.0400.0003 0.9137844611528823 1
8261 vse 04 40021 CTS20010115.2000.0008 0.78099173553719 0
8260 vsb 04 40048 NBC20001112.1830.1225 1.0 1
8259 vsb 04 40048 XIN20001114.2000.0107 0.9969325153374233 1
8258 vsb 04 40048 APW20001111.0851.0291 0.6254416961130742 1
8257 vsb 04 40048 ZBN20001112.1300.0037 0.0 1
8256 vsb 04 40048 ZBN20001112.1300.0037 1.0 1
8255 vsb 04 40048 ZBN20001112.1300.0037 1.0 1
8254 vsb 04 40048 NYT20001112.1903.0110 0.5263157894736842 1
8253 vsb 04 40048 NYT20001111.1525.0144 0.0 0
8252 vsb 04 40048 NYT20001111.1525.0144 1.0 0
8251 vsb 04 40048 NYT20001111.1525.0144 0.0 0
8250 vsb 04 40048 ZBN20001112.1300.0037 1.0 0
8249 vsb 04 40048 XIN20001112.0200.0028 1.0 0
8248 vsb 04 40048 NYT20001112.1903.0110 1.0 0
8247 vsb 04 40048 XIN20001112.0200.0028 1.0 0
8246 vsb 04 40048 XIN20001112.0200.0028 1.0 0
8236 vsb 20 40021 ZBN20010116.0400.0007 1.0 1
8235 vsb 20 40021 ZBN20010115.0400.0014 1.0 1
8234 vsb 20 40021 APW20010114.0543.0317 0.5 1
8233 vsb 20 40021 CTS20010115.2000.0008 1.0 1
8232 vsb 20 40021 CTS20010115.2000.0008 0.8590425531914894 1
8231 vsb 20 40021 AFA20010114.0000.0003 0.9948979591836735 1
8230 vsb 20 40021 XIN20010114.2000.0139 0.9923809523809524 1
8229 vsb 20 40021 APW20010114.0543.0317 1.0 1
8228 vsb 20 40021 AFA20010114.1000.0063 0.9970887918486172 0
8227 vsb 20 40021 ZBN20010115.0400.0014 0.5567765567765568 0
8226 vsb 20 40021 ZBN20010115.0400.0014 0.508298755186722 0
8225 vsb 20 40021 ZBN20010115.0400.0014 0.9967558799675588 0
8224 vsn 20 40048 APW20001113.1340.0344 1.0 1
8223 vsn 20 40048 APW20001112.1831.0439 1.0 1
8222 vsn 20 40048 APW20001112.1831.0439 1.0 1
8221 vsn 20 40048 NYT20001111.1525.0144 0.0 1
8220 vsn 20 40048 NYT20001111.1525.0144 0.5311720698254364 1
8219 vsn 20 40048 NYT20001111.1525.0144 1.0 1
8218 vsn 20 40048 NYT20001111.1525.0144 0.997134670487106 1
8217 vsn 20 40048 NYT20001111.1525.0144 0.9983660130718954 1
8216 vsn 20 40048 NYT20001111.1525.0144 1.0 1
8215 vsn 20 40048 NYT20001111.1525.0144 0.9956521739130435 0
8213 vse 20 40009 ZBN20001030.0400.0009 0.6746666666666666 1
8212 vse 20 40009 XIN20001029.2000.0106 0.9975594874923734 1
8210 vse 20 40009 APW20001018.1350.0468 0.35 0
8209 vse 20 40009 APW20001016.1724.0512 0.9985449254274281 0
8208 vse 20 40009 ZBN20001030.0400.0009 0.9971264367816092 0
8194 vse 03 40021 CNN20010114.1400.0018 1.0 1
8193 vse 03 40021 CNN20010114.1400.0018 1.0 1
8192 vse 03 40021 AFA20010114.1000.0063 0.9933993399339934 1
8191 vse 03 40021 CTS20010115.2000.0008 0.9946666666666667 1
8190 vse 03 40021 ZBN20010115.0400.0014 0.7030075187969925 1
8189 vse 03 40021 ZBN20010115.0400.0014 0.0 1
8188 vse 03 40021 ZBN20010115.0400.0014 0.6533333333333333 1
8187 vse 03 40021 ZBN20010115.0400.0014 0.0 1
8186 vse 03 40021 ZBN20010115.0400.0014 0.0 1
8185 vse 03 40021 ZBN20010115.0400.0014 1.0 1
8184 vse 03 40021 CTV20010116.1330.1565 0.9827586206896551 1
8183 vse 03 40021 XIN20010114.2000.0128 1.0 1
8182 vse 03 40021 XIN20010114.2000.0128 1.0 0
8181 vsb 03 40048 APW20001112.0900.0320 0.02631578947368421 0
8180 vsb 03 40048 NYT20001112.1903.0110 1.0 0
8179 vsb 03 40048 NYT20001112.1903.0110 0.9979166666666667 0
8178 vsb 03 40048 NYT20001112.1903.0110 0.0 0
8177 vsb 03 40048 APW20001112.1831.0439 1.0 0
8176 vsb 03 40048 APW20001112.1831.0439 1.0 0
8175 vsb 03 40048 APW20001112.1831.0439 0.0 0
8174 vsb 03 40048 APW20001112.1831.0439 1.0 0
8173 vsb 03 40048 APW20001112.1831.0439 1.0 0
8172 vsb 03 40048 APW20001112.1831.0439 1.0 0
8171 vsn 03 40009 XIN20001014.1400.0087 0.9976635514018691 1
8170 vsn 03 40009 VOA20001028.2100.0233 1.0 1
8169 vsn 03 40009 XIN20001110.1400.0088 1.0 1
8168 vsn 03 40009 XIN20001110.1400.0088 0.5524861878453039 1
8167 vsn 03 40009 AFA20001018.1800.0227 1.0 1
8166 vsn 03 40009 AFA20001018.1800.0227 1.0 1
8165 vsn 03 40009 AFA20001018.1800.0227 1.0 1
8164 vsn 03 40009 AFA20001018.1800.0227 1.0 0
8145 vsb 11 40021 APW20010114.0543.0230 1.0 1
8144 vsb 11 40021 APW20010114.0543.0230 0.6929824561403509 1
8143 vsb 11 40021 ABC20010114.1830.0045 0.0 1
8142 vsb 11 40021 APW20010115.2023.0562 0.9801980198019802 1
8141 vsb 11 40021 ZBN20010116.0400.0007 0.9942857142857143 1
8140 vsb 11 40021 ZBN20010117.0400.0003 1.0 1
8139 vsb 11 40021 ZBN20010117.0400.0003 1.0 1
8138 vsb 11 40021 ZBN20010115.0400.0014 1.0 1
8137 vsb 11 40021 AFA20010114.1000.0063 0.9933774834437086 0
8136 vsb 11 40021 AFA20010114.1000.0063 0.9933333333333333 0
8135 vsb 11 40021 AFA20010114.1000.0063 1.0 0
8134 vsb 11 40021 AFA20010114.1000.0063 1.0 0
8133 vsb 11 40021 AFA20010114.1000.0063 1.0 0
8132 vsb 11 40021 AFA20010114.1000.0063 1.0 0
8131 vsn 11 40048 CBS20001113.1000.0822 1.0 1
8130 vsn 11 40048 NYT20001112.1903.0110 0.9168949771689497 1
8129 vsn 11 40048 NYT20001112.1903.0110 1.0 1
8128 vsn 11 40048 APW20001114.1245.0373 1.0 1
8127 vsn 11 40048 APW20001114.1245.0373 1.0 1
8126 vsn 11 40048 APW20001114.1245.0373 0.0 1
8125 vsn 11 40048 APW20001114.1245.0373 1.0 1
8124 vsn 11 40048 NYT20001111.1525.0144 1.0 1
8123 vsn 11 40048 NYT20001111.1525.0144 0.9302325581395349 1
8122 vsn 11 40048 NYT20001111.1525.0144 1.0 1
8121 vsn 11 40048 APW20001112.1831.0448 1.0 1
8120 vsn 11 40048 APW20001112.1831.0448 1.0 1
8119 vsn 11 40048 APW20001112.1831.0448 1.0 0
8118 vse 11 40009 APW20001018.1350.0468 0.35 1
8117 vse 11 40009 APW20001018.1350.0468 0.0 1
8116 vse 11 40009 VOA20001018.2100.2160 0.37333333333333335 1
8115 vse 11 40009 VOA20001018.2100.2160 0.0 1
8114 vse 11 40009 VOA20001018.2100.2160 0.0 1
8113 vse 11 40009 VOA20001018.2100.2160 1.0 1
8112 vse 11 40009 VOA20001018.2100.2160 1.0 1
8111 vse 11 40009 VOA20001018.2100.2160 1.0 1
8110 vse 11 40009 VOA20001018.2100.2160 1.0 1
8109 vse 11 40009 ZBN20001030.0400.0009 0.2182410423452769 1
8108 vse 11 40009 ZBN20001030.0400.0009 1.0 1
8107 vse 11 40009 XIN20001110.1400.0088 1.0 1
8106 vse 11 40009 VOA20001224.0500.0524 1.0 1
8105 vse 11 40009 VOA20001224.0500.0524 1.0 1
8104 vse 11 40009 VOA20001018.2100.2160 1.0 1
8103 vse 11 40009 VOA20001018.2100.2160 1.0 0
8084 vse 10 40048 APW20001111.0851.0303 1.0 1
8083 vse 10 40048 ZBN20001112.1300.0037 0.0 1
8082 vse 10 40048 APW20001111.0851.0294 1.0 1
8081 vse 10 40048 APW20001112.1831.0448 1.0 1
8080 vse 10 40048 APW20001112.1831.0448 1.0 1
8079 vse 10 40048 APW20001112.1831.0439 1.0 1
8078 vse 10 40048 APW20001112.1831.0439 1.0 1
8077 vse 10 40048 APW20001112.1831.0439 0.991869918699187 1
8076 vse 10 40048 APW20001112.1831.0439 0.9968404423380727 1
8075 vse 10 40048 APW20001112.1831.0439 1.0 0
8074 vsb 10 40009 APW20001110.1844.0451 0.6744186046511628 1
8073 vsb 10 40009 VOA20001018.2100.2160 1.0 1
8072 vsb 10 40009 APW20001110.1844.0451 1.0 1
8071 vsb 10 40009 XIN20001014.1400.0087 0.0 1
8070 vsb 10 40009 XIN20001014.1400.0087 0.0 1
8069 vsb 10 40009 XIN20001014.1400.0087 0.0 1
8068 vsb 10 40009 XIN20001029.2000.0106 0.9971264367816092 1
8067 vsb 10 40009 VOA20001018.2100.2160 0.8337912087912088 0
8055 vsb 02 40026 NTV20010126.1530.1413 1.0 1
8054 vsb 02 40026 AFA20010127.1800.0165 1.0 1
8053 vsb 02 40026 AFA20010127.1800.0165 1.0 1
8052 vsb 02 40026 VOA20010127.2000.0245 0.0 1
8051 vsb 02 40026 AFA20010107.1400.0102 0.5076923076923077 1
8050 vsb 02 40026 AFA20010121.1000.0050 1.0 1
8049 vsb 02 40026 AFA20010121.1000.0050 1.0 1
8048 vsb 02 40026 AFA20010121.1000.0050 1.0 1
8047 vsb 02 40026 AFA20010121.1000.0050 1.0 1
8046 vsb 02 40026 AFA20010121.1000.0050 1.0 1
8045 vsb 02 40026 APW20010128.1853.0410 1.0 0
8044 vsb 02 40026 APW20010128.1853.0410 1.0 0
8043 vsb 02 40026 APW20010128.1853.0410 1.0 0
8042 vsb 02 40026 APW20010128.1853.0410 0.9968676585747847 0
8041 vsb 02 40026 APW20010128.1853.0410 1.0 0
8040 vsb 02 40026 APW20010128.1853.0410 0.9980487804878049 0
8039 vsb 02 40026 APW20010128.1853.0410 1.0 0
8038 vse 02 40002 XIN20001207.1400.0088 0.0 1
8037 vse 02 40002 XIN20001127.0800.0071 1.0 1
8036 vse 02 40002 XIN20001127.0800.0071 1.0 1
8035 vse 02 40002 XIN20001208.1400.0117 1.0 1
8034 vse 02 40002 AFA20001222.0000.0025 0.0 1
8033 vse 02 40002 AFA20001222.0000.0025 0.0 1
8032 vse 02 40002 ALH20001223.0700.0038 0.0 1
8031 vse 02 40002 ALH20001223.0700.0038 0.0 0
8030 vsb 02 40048 ZBN20001112.1300.0037 1.0 1
8029 vsb 02 40048 APW20001111.0851.0303 0.0 1
8028 vsb 02 40048 APW20001111.0851.0291 0.5287958115183246 1
8027 vsb 02 40048 APW20001111.0851.0291 1.0 1
8026 vsb 02 40048 XIN20001114.2000.0107 0.967741935483871 1
8025 vsb 02 40048 XIN20001114.2000.0107 1.0 1
8024 vsb 02 40048 CBS20001114.1000.0691 1.0 1
8023 vsb 02 40048 CBS20001114.1000.0691 1.0 1
8022 vsb 02 40048 APW20001111.0851.0303 0.900990099009901 1
8021 vsb 02 40048 NYT20001111.1525.0144 1.0 1
8020 vsb 02 40048 NYT20001111.1525.0144 0.0 1
8019 vsb 02 40048 NYT20001111.1525.0144 0.7978436657681941 1
8018 vsb 02 40048 CBS20001114.1000.0691 1.0 1
8017 vsb 02 40048 NYT20001111.1525.0144 1.0 0
8016 vsb 02 40048 NYT20001111.1525.0144 1.0 0
8015 vsb 02 40048 APW20001113.1340.0344 1.0 0
8014 vsb 02 40048 APW20001113.1340.0344 1.0 0
8013 vsb 02 40048 APW20001113.1340.0344 1.0 0
8012 vse 02 40009 XIN20001015.2000.0117 0.3641851106639839 1
8011 vse 02 40009 XIN20001015.2000.0117 1.0 1
8010 vse 02 40009 XIN20001014.1400.0087 0.0 1
8009 vse 02 40009 XIN20001014.1400.0087 0.0 1
8008 vse 02 40009 ZBN20001030.0400.0009 1.0 1
8007 vse 02 40009 APW20001110.0319.0151 0.0 1
8006 vse 02 40009 ZBN20001006.0400.0027 0.0 1
8005 vse 02 40009 VOA20001018.2100.2160 1.0 1
8004 vse 02 40009 ZBN20001030.0400.0009 1.0 0
8003 vse 02 40009 ZBN20001030.0400.0009 1.0 0
7992 vse 01 40026 APW20010128.1853.0410 1.0 1
7991 vse 01 40026 APW20010128.0242.0080 1.0 1
7990 vse 01 40026 VOA20010127.2000.0245 1.0 1
7989 vse 01 40026 APW20010128.1853.0410 1.0 1
7988 vse 01 40026 APW20010128.1853.0410 1.0 1
7987 vse 01 40026 APW20010128.0242.0080 1.0 0
7986 vsb 01 40002 XIN20001127.0800.0071 0.3214814814814815 1
7985 vsb 01 40002 VOA20001125.2000.0271 1.0 1
7984 vsb 01 40002 VOA20001125.2000.0271 0.5043859649122807 1
7983 vsb 01 40002 XIN20001126.2000.0083 0.2607879924953096 1
7982 vsb 01 40002 ALH20001115.0100.0001 1.0 1
7981 vsb 01 40002 ALH20001124.1900.0133 1.0 1
7980 vsb 01 40002 XIN20001127.0800.0071 1.0 0
7979 vsb 01 40002 XIN20001127.0800.0071 1.0 0
7978 vse 01 40048 ANN20001113.1500.0065 1.0 1
7977 vse 01 40048 ZBN20001114.0400.0009 0.9936102236421726 1
7976 vse 01 40048 ZBN20001112.1300.0037 1.0 1
7975 vse 01 40048 PRI20001113.2000.1255 1.0 1
7974 vse 01 40048 PRI20001113.2000.1255 1.0 1
7973 vse 01 40048 ZBN20001113.0400.0019 1.0 1
7972 vse 01 40048 ZBN20001113.0400.0019 0.9940476190476191 0
7971 vsb 01 40009 VOA20001018.2100.2160 0.0 1
7970 vsb 01 40009 VOA20001018.2100.2160 0.0 1
7969 vsb 01 40009 VOA20001018.2100.2160 0.0 1
7968 vsb 01 40009 VOA20001018.2100.2160 1.0 1
7967 vsb 01 40009 ZBN20001030.0400.0009 1.0 1
7966 vsb 01 40009 VOA20001018.2100.2160 0.0 1
7965 vsb 01 40009 VOA20001018.2100.2160 1.0 0
