vse 40002 02 0.0
vse 40002 02 1.0
vse 40002 02 0.0
vse 40002 02 0.755102040816
vse 40002 02 1.0
vse 40002 02 1.0
vse 40002 02 0.0816326530612
vse 40002 02 0.0816326530612
vse 40002 02 1.0
vse 40009 02 0.390625
vse 40009 02 0.0
vse 40009 02 0.0
vse 40009 02 0.0
vse 40009 02 0.0
vse 40009 02 0.0540540540541
vse 40009 02 0.2
vse 40009 02 0.2
vse 40009 02 0.444444444444
vse 40021 13 0.888888888889
vse 40021 13 1.0
vse 40021 13 1.0
vse 40021 13 0.0
vse 40021 13 0.0
vse 40021 13 1.0
vse 40021 13 0.928571428571
vse 40048 14 0.615384615385
vse 40048 14 0.823529411765
vse 40048 14 0.875
vse 40048 14 0.431818181818
vse 40048 14 0.904761904762
vse 40048 14 1.0
vse 40048 14 1.0
vse 40048 14 0.583333333333
vse 40048 14 0.583333333333
vse 40048 14 1.0
vse 40009 16 0.75
vse 40009 16 0.666666666667
vse 40009 16 0.666666666667
vse 40009 16 0.666666666667
vse 40021 17 1.0
vse 40021 17 0.4
vse 40021 17 0.8
vse 40021 17 0.411764705882
vse 40021 17 0.571428571429
vse 40021 21 1.0
vse 40021 21 1.0
vse 40021 21 1.0
vse 40021 21 1.0
vse 40021 21 1.0
vse 40021 21 1.0
vse 40021 21 1.0
vse 40021 22 0.166666666667
vse 40021 22 0.166666666667
vse 40021 22 0.166666666667
vse 40048 28 1.0
vse 40048 28 1.0
vse 40048 28 1.0
vse 40048 28 1.0
vse 40048 28 1.0
vse 40048 28 1.0
vse 40048 28 1.0
vse 40048 28 1.0
vse 40048 28 0.0
vse 40048 28 0.0
vse 40048 28 1.0
vse 40048 28 1.0
vse 40048 28 0.0
vse 40048 28 0.0
vse 40048 28 0.0
vse 40048 28 0.0
vse 40048 28 1.0
vse 40048 28 1.0
vse 40048 28 1.0
vse 40048 28 1.0
vse 40009 29 1.0
vse 40009 29 1.0
vse 40009 29 1.0
vse 40009 29 1.0
vse 40009 29 1.0
vse 40009 29 1.0
vse 40009 29 1.0
vse 40009 29 1.0
vse 40009 29 0
vse 40009 29 0
vse 40009 29 1.0
vse 40009 29 1.0
vse 40009 29 0
vse 40009 29 0
vse 40009 29 1.0
vse 40009 29 1.0
vse 40009 29 0
vse 40009 29 1.0
vse 40009 29 1.0
vse 40009 29 0
vse 40009 29 0.0
vse 40009 29 0.0
vse 40009 29 0.0
vse 40009 29 0.0
vse 40009 29 0
vse 40009 29 0.0
vse 40009 29 0.0
vse 40009 29 0.0
vse 40009 29 0.0
vse 40009 29 0
vse 40009 29 0.0
vse 40009 29 0.0
vse 40009 29 0
vse 40009 29 0.0
vse 40009 29 0.0
vse 40009 29 0
vse 40009 29 0.0
vse 40009 29 0.0
vse 40009 29 0.0
vse 40009 29 0.0
vse 40009 29 0.0
vse 40009 29 0.0
vse 40009 29 0
vse 40009 29 0.0
vse 40009 29 0.0
vse 40009 29 0.0
vse 40009 29 0.0
vse 40009 29 0.0
vse 40009 29 0.0
vse 40009 29 0.0
vse 40009 29 0.0
vse 40009 29 0
vse 40009 29 0.0
vse 40009 29 0.0
vse 40009 29 0.0
vse 40009 29 0.0
vse 40009 29 0.0
vse 40009 29 0.0
vse 40009 29 0
vse 40009 29 0.0
vse 40009 29 0.0
vse 40009 29 0
vse 40021 30 1.0
vse 40021 30 1.0
vse 40021 30 1.0
vse 40021 30 1.0
vse 40021 30 0.0
vse 40021 30 0.0
vse 40021 30 1.0
vse 40021 30 1.0
vse 40021 30 1.0
vse 40021 30 1.0
vse 40021 30 1.0
vse 40021 30 1.0
vse 40021 30 1.0
vse 40021 30 1.0
vse 40021 30 1.0
vse 40021 30 1.0
vse 40021 30 1.0
vse 40021 30 1.0
vse 40021 30 1.0
vse 40021 30 1.0
vse 40021 30 1.0
vse 40021 30 1.0
vse 40021 30 1.0
vse 40021 30 1.0
vse 40021 30 1.0
vse 40021 30 1.0
vse 40021 30 1.0
vse 40021 30 1.0
vse 40021 30 1.0
vse 40021 30 1.0
vse 40021 30 1.0
vse 40021 30 1.0
vse 40021 30 1.0
vse 40021 30 1.0
vse 40021 30 1.0
vse 40021 30 1.0
vse 40021 30 1.0
vse 40021 30 1.0
vse 40021 30 1.0
vse 40021 30 1.0
vse 40021 30 1.0
vse 40021 30 1.0
vse 40021 30 1.0
vse 40021 30 1.0
vse 40021 30 1.0
vse 40021 30 1.0
vse 40021 30 1.0
vse 40021 30 1.0
vse 40021 30 1.0
vse 40021 30 1.0
vse 40021 30 1.0
vse 40021 31 1.0
vse 40021 31 1.0
vse 40021 31 0.0
vse 40021 31 0.0
vse 40021 31 1.0
vse 40021 31 1.0
vse 40021 31 1.0
vse 40021 31 1.0
vse 40021 31 1.0
vse 40021 31 1.0
vse 40021 31 0.0
vse 40021 31 0.0
vse 40021 31 0.0
vse 40021 31 0.0
vse 40021 31 0.0
vse 40021 31 0.0
vse 40021 31 1.0
vse 40021 31 1.0
vse 40021 31 1.0
vse 40021 31 1.0
vse 40021 31 1.0
vse 40021 31 0.0
vse 40021 31 1.0
vse 40021 31 1.0
vse 40021 31 1.0
vse 40021 31 0.0
vse 40021 31 0.0
vse 40021 31 1.0
vse 40021 31 1.0
vse 40021 31 1.0
vse 40021 31 1.0
vse 40021 31 1.0
vse 40021 31 1.0
vse 40021 31 1.0
vse 40021 31 1.0
vse 40021 31 1.0
vse 40021 31 1.0
vse 40021 31 1.0
vse 40021 31 1.0
vse 40021 31 1.0
vse 40021 31 1.0
vse 40021 31 0.0
vse 40021 31 1.0
vse 40021 31 1.0
vse 40021 31 1.0
vse 40021 31 1.0
vse 40021 31 1.0
vse 40021 31 1.0
vse 40021 31 0.0
vse 40021 31 0.0
vse 40021 31 1.0
vse 40021 31 1.0
vse 40021 31 1.0
vse 40021 31 1.0
vse 40021 31 1.0
vse 40021 31 1.0
vse 40021 31 1.0
vse 40021 31 1.0
vse 40021 31 1.0
vse 40021 31 1.0
vse 40021 31 1.0
vse 40021 31 1.0
vse 40021 31 1.0
vse 40021 31 1.0
vse 40021 31 1.0
vse 40021 31 1.0
vse 40021 31 1.0
vse 40021 31 1.0
vse 40021 31 1.0
vse 40021 31 1.0
vse 40021 31 1.0
vse 40021 31 1.0
vse 40021 31 1.0
vse 40021 31 1.0
vse 40021 31 1.0
vse 40021 31 1.0
vse 40021 31 1.0
vse 40021 31 0.0
vse 40021 31 1.0
vse 40021 31 0.0
vse 40021 31 0.0
vse 40021 31 0.0
vse 40021 31 0
vse 40021 31 1.0
vse 40021 31 1.0
vse 40021 31 1.0
vse 40021 31 1.0
vse 40021 31 1.0
vse 40021 31 1.0
vse 40021 31 0.0
vse 40021 31 0.0
vse 40021 31 1.0
vse 40021 31 1.0
vse 40021 31 1.0
vse 40021 31 1.0
vse 40021 31 1.0
vse 40021 31 1.0
vse 40048 32 1.0
vse 40048 32 1.0
vse 40048 32 1.0
vse 40048 32 1.0
vse 40048 32 1.0
vse 40048 32 1.0
vse 40048 32 1.0
vse 40048 32 1.0
vse 40048 32 1.0
vse 40048 32 1.0
vse 40048 32 1.0
vse 40048 32 1.0
vse 40048 32 1.0
vse 40048 32 1.0
vse 40048 32 0.0
vse 40048 32 0.0
vse 40048 32 0
vse 40048 32 0.0
vse 40048 32 0.0
vse 40048 32 0.0
vse 40048 32 0.0
vse 40048 32 0.0
vse 40048 32 0.0
vse 40048 32 0
vse 40048 32 1.0
vse 40048 32 1.0
vse 40048 32 1.0
vse 40048 32 1.0
vse 40048 32 1.0
vse 40048 32 1.0
vse 40048 32 1.0
vse 40048 32 1.0
vse 40048 32 1.0
vse 40048 32 1.0
vse 40048 32 0.0
vse 40048 32 0.0
vse 40048 32 1.0
vse 40048 32 1.0
vse 40048 32 1.0
vse 40048 32 1.0
vse 40048 32 1.0
vse 40048 32 1.0
vse 40048 32 0.0
vse 40048 32 0.0
vse 40048 32 1.0
vse 40048 32 1.0
vse 40048 32 1.0
vse 40048 32 1.0
vse 40048 32 1.0
vse 40048 32 1.0
vse 40048 32 1.0
vse 40048 32 1.0
vse 40048 32 1.0
vse 40048 32 1.0
vse 40048 32 1.0
vse 40048 32 1.0
vse 40048 32 1.0
vse 40048 32 1.0
vse 40048 32 1.0
vse 40048 32 1.0
vse 40048 32 1.0
vse 40048 32 1.0
vse 40048 32 1.0
vse 40048 32 1.0
vse 40048 32 1.0
vse 40048 32 1.0
vse 40048 32 1.0
vse 40048 32 1.0
vse 40048 32 1.0
vse 40048 32 1.0
vse 40048 32 1.0
vse 40048 32 1.0
vse 40048 32 0.0
vse 40048 32 0.0
vse 40048 32 1.0
vse 40048 32 1.0
vse 40048 32 1.0
vse 40048 32 1.0
vse 40048 32 1.0
vse 40048 32 1.0
vse 40048 32 1.0
vse 40048 32 1.0
vse 40048 32 1.0
vse 40048 32 1.0
vse 40048 32 1.0
vse 40048 32 1.0
vse 40048 32 1.0
vse 40048 32 1.0
vse 40009 33 1.0
vse 40009 33 1.0
vse 40009 33 1.0
vse 40009 33 1.0
vse 40009 33 1.0
vse 40009 33 1.0
vse 40009 33 1.0
vse 40009 33 1.0
vse 40009 33 1.0
vse 40009 33 1.0
vse 40009 33 1.0
vse 40009 33 1.0
vse 40009 33 1.0
vse 40009 33 1.0
vse 40009 33 1.0
vse 40009 33 1.0
vse 40009 34 0.0
vse 40009 34 0.0
vse 40009 34 0
vse 40009 34 1.0
vse 40009 34 1.0
vse 40009 34 1.0
vse 40009 34 1.0
vse 40009 34 1.0
vse 40009 34 1.0
vse 40009 34 1.0
vse 40009 34 1.0
vse 40009 34 0.0
vse 40009 34 1.0
vse 40009 34 1.0
vse 40009 34 1.0
vse 40009 34 1.0
vse 40021 35 1.0
vse 40021 35 1.0
vse 40021 35 1.0
vse 40021 35 1.0
vse 40021 35 1.0
vse 40021 35 1.0
vse 40021 35 1.0
vse 40021 35 1.0
vse 40021 35 1.0
vse 40021 35 1.0
vse 40021 35 1.0
vse 40021 35 1.0
vse 40021 35 1.0
vse 40021 35 1.0
vse 40021 35 1.0
vse 40021 35 1.0
vse 40021 35 1.0
vse 40021 35 1.0
vse 40021 35 1.0
vse 40021 35 1.0
vse 40021 35 1.0
vse 40021 35 1.0
vse 40021 35 1.0
vse 40021 35 1.0
vse 40021 35 1.0
vse 40021 35 1.0
vse 40021 35 1.0
vse 40021 35 1.0
vse 40021 35 1.0
vse 40021 35 1.0
vse 40021 35 1.0
vse 40021 35 1.0
vse 40021 35 1.0
vse 40021 35 1.0
vse 40048 36 1.0
vse 40048 36 1.0
vse 40048 36 1.0
vse 40048 36 1.0
vse 40048 36 0.0
vse 40048 36 0.0
vse 40048 36 0
vse 40048 36 0
vse 40048 36 0
vse 40048 36 1.0
vse 40048 36 1.0
vse 40048 36 1.0
vse 40048 36 1.0
vse 40048 36 1.0
vse 40048 36 1.0
vse 40048 36 1.0
vse 40048 36 1.0
vse 40048 36 1.0
vse 40048 36 1.0
vse 40048 36 1.0
vse 40048 36 1.0
vse 40048 36 1.0
vse 40048 36 1.0
vse 40048 36 1.0
vse 40048 36 1.0
vse 40048 36 1.0
vse 40048 36 1.0
vse 40048 36 1.0
vse 40048 36 1.0
vse 40048 36 1.0
vse 40048 36 1.0
vse 40048 37 0.0
vse 40048 37 0.0
vse 40048 37 0.0
vse 40048 37 0.0
vse 40048 37 1.0
vse 40048 37 1.0
vse 40048 37 1.0
vse 40048 37 1.0
vse 40048 37 1.0
vse 40048 37 1.0
vse 40048 37 1.0
vse 40048 37 1.0
vse 40048 37 1.0
vse 40048 37 1.0
vse 40048 37 1.0
vse 40048 37 1.0
vse 40048 37 1.0
vse 40048 37 1.0
vse 40048 37 1.0
vse 40048 37 1.0
vse 40048 37 1.0
vse 40048 37 1.0
vse 40048 37 0.0
vse 40048 37 0.0
vse 40048 37 1.0
vse 40048 37 1.0
vse 40048 37 1.0
vse 40048 37 1.0
vse 40048 37 1.0
vse 40048 37 1.0
vse 40048 37 1.0
vse 40048 37 1.0
vse 40048 37 0.0
vse 40048 37 0.0
vse 40048 37 0.0
vse 40048 37 0.0
vse 40048 37 1.0
vse 40048 37 1.0
vse 40048 37 0.0
vse 40048 37 0.0
vse 40048 37 1.0
vse 40048 37 1.0
vse 40048 37 1.0
vse 40048 37 1.0
vse 40048 37 1.0
vse 40048 37 1.0
vse 40048 37 1.0
vse 40048 37 1.0
vse 40048 37 0.0
vse 40048 37 0.0
vse 40048 37 1.0
vse 40048 37 1.0
vsn 40009 03 0.666666666667
vsn 40009 03 1.0
vsn 40009 03 0.234234234234
vsn 40009 03 1.0
vsn 40009 03 1.0
vsn 40009 03 1.0
vsn 40009 03 1.0
vsn 40009 03 0.0
vsn 40009 03 1.0
vsn 40009 03 0.0
vsn 40009 03 0.0
vsn 40009 13 0.181818181818
vsn 40009 13 0.0
vsn 40009 13 1.0
vsn 40009 13 0.0
vsn 40021 14 0.892857142857
vsn 40021 14 0.892857142857
vsn 40021 14 0.892857142857
vsn 40021 14 0.6
vsn 40021 14 0.714285714286
vsn 40048 15 0.333333333333
vsn 40048 15 1.0
vsn 40048 16 1.0
vsn 40048 16 0.8
vsn 40048 16 0.8
vsn 40009 17 0.5
vsn 40009 17 1.0
vsn 40009 17 0.6
vsn 40009 21 0.111538461538
vsn 40009 22 0.236363636364
vsn 40021 28 1.0
vsn 40021 28 1.0
vsn 40021 28 1.0
vsn 40021 28 1.0
vsn 40021 28 1.0
vsn 40021 28 1.0
vsn 40021 28 1.0
vsn 40021 28 1.0
vsn 40021 28 1.0
vsn 40021 28 1.0
vsn 40021 28 1.0
vsn 40021 28 1.0
vsn 40021 28 1.0
vsn 40021 28 1.0
vsn 40021 28 1.0
vsn 40021 28 1.0
vsn 40021 28 1.0
vsn 40021 28 1.0
vsn 40021 28 1.0
vsn 40021 28 1.0
vsn 40021 28 1.0
vsn 40021 28 1.0
vsn 40021 28 1.0
vsn 40021 28 1.0
vsn 40021 28 1.0
vsn 40021 28 1.0
vsn 40021 28 1.0
vsn 40021 28 1.0
vsn 40021 28 1.0
vsn 40021 28 1.0
vsn 40021 28 1.0
vsn 40021 28 1.0
vsn 40021 28 1.0
vsn 40021 28 1.0
vsn 40021 28 1.0
vsn 40021 28 1.0
vsn 40021 28 1.0
vsn 40021 28 1.0
vsn 40021 28 1.0
vsn 40021 28 1.0
vsn 40021 28 1.0
vsn 40021 28 1.0
vsn 40021 28 1.0
vsn 40048 29 1.0
vsn 40048 29 1.0
vsn 40048 29 1.0
vsn 40048 29 1.0
vsn 40048 29 1.0
vsn 40048 29 1.0
vsn 40048 29 1.0
vsn 40048 29 1.0
vsn 40048 29 1.0
vsn 40048 29 1.0
vsn 40048 29 1.0
vsn 40048 29 1.0
vsn 40048 29 1.0
vsn 40048 29 1.0
vsn 40048 29 1.0
vsn 40048 29 1.0
vsn 40048 29 1.0
vsn 40048 29 1.0
vsn 40048 29 1.0
vsn 40048 29 1.0
vsn 40048 29 1.0
vsn 40048 29 1.0
vsn 40048 29 1.0
vsn 40048 29 1.0
vsn 40048 29 1.0
vsn 40048 29 1.0
vsn 40048 29 1.0
vsn 40048 29 1.0
vsn 40048 29 1.0
vsn 40048 29 1.0
vsn 40048 29 0.0
vsn 40048 29 0.0
vsn 40048 29 0.0
vsn 40048 29 0.0
vsn 40048 29 0
vsn 40048 29 1.0
vsn 40048 29 1.0
vsn 40048 29 0.0
vsn 40048 29 0.0
vsn 40048 29 1.0
vsn 40048 29 1.0
vsn 40048 29 1.0
vsn 40048 29 1.0
vsn 40048 29 1.0
vsn 40048 29 1.0
vsn 40048 29 1.0
vsn 40048 29 1.0
vsn 40048 29 0.0
vsn 40048 29 0.0
vsn 40048 29 0.0
vsn 40048 29 0.0
vsn 40048 29 0.0
vsn 40048 29 0.0
vsn 40009 30 1.0
vsn 40009 30 1.0
vsn 40009 30 1.0
vsn 40009 30 1.0
vsn 40009 30 1.0
vsn 40009 30 1.0
vsn 40009 30 1.0
vsn 40009 30 1.0
vsn 40009 30 0.0
vsn 40009 30 0.0
vsn 40009 30 0.0
vsn 40009 30 0.0
vsn 40009 30 1.0
vsn 40009 30 1.0
vsn 40009 30 0
vsn 40009 30 1.0
vsn 40009 30 1.0
vsn 40009 30 1.0
vsn 40009 30 1.0
vsn 40009 30 1.0
vsn 40009 30 1.0
vsn 40009 30 1.0
vsn 40009 30 1.0
vsn 40009 30 1.0
vsn 40009 30 1.0
vsn 40009 30 1.0
vsn 40009 30 0.0
vsn 40009 30 0.0
vsn 40009 30 0.0
vsn 40009 30 1.0
vsn 40009 30 1.0
vsn 40009 30 0.0
vsn 40009 30 1.0
vsn 40009 30 1.0
vsn 40009 30 1.0
vsn 40009 30 1.0
vsn 40009 30 1.0
vsn 40009 30 1.0
vsn 40009 31 1.0
vsn 40009 31 1.0
vsn 40009 31 1.0
vsn 40009 31 1.0
vsn 40009 31 0.0
vsn 40009 31 0.0
vsn 40009 31 1.0
vsn 40009 31 1.0
vsn 40009 31 1.0
vsn 40009 31 1.0
vsn 40009 31 1.0
vsn 40009 31 1.0
vsn 40009 31 1.0
vsn 40009 31 1.0
vsn 40009 31 0
vsn 40009 31 1.0
vsn 40009 31 1.0
vsn 40009 31 1.0
vsn 40009 31 1.0
vsn 40009 31 1.0
vsn 40009 31 1.0
vsn 40009 31 0.0
vsn 40009 31 0.0
vsn 40009 31 0.0
vsn 40009 31 0.0
vsn 40009 31 0.0
vsn 40009 31 0.0
vsn 40009 31 0.0
vsn 40009 31 0.0
vsn 40009 31 1.0
vsn 40009 31 1.0
vsn 40009 31 1.0
vsn 40009 31 1.0
vsn 40009 31 0.0
vsn 40009 31 0.0
vsn 40009 31 1.0
vsn 40009 31 1.0
vsn 40009 31 1.0
vsn 40009 31 1.0
vsn 40009 31 0.0
vsn 40009 31 0.0
vsn 40009 31 1.0
vsn 40009 31 1.0
vsn 40009 31 1.0
vsn 40009 31 1.0
vsn 40009 31 0.0
vsn 40009 31 0.0
vsn 40009 31 1.0
vsn 40009 31 1.0
vsn 40009 31 0.0
vsn 40009 31 0.0
vsn 40009 31 1.0
vsn 40009 31 1.0
vsn 40009 31 1.0
vsn 40009 31 1.0
vsn 40009 31 1.0
vsn 40009 31 1.0
vsn 40009 31 1.0
vsn 40009 31 1.0
vsn 40009 31 1.0
vsn 40009 31 1.0
vsn 40009 31 1.0
vsn 40009 31 1.0
vsn 40009 31 1.0
vsn 40009 31 1.0
vsn 40009 31 1.0
vsn 40009 31 1.0
vsn 40009 31 1.0
vsn 40009 31 1.0
vsn 40009 31 1.0
vsn 40009 31 1.0
vsn 40009 31 1.0
vsn 40009 31 1.0
vsn 40009 31 1.0
vsn 40009 31 1.0
vsn 40009 31 1.0
vsn 40009 31 1.0
vsn 40009 31 0.0
vsn 40009 31 0.0
vsn 40009 31 1.0
vsn 40009 31 1.0
vsn 40009 31 1.0
vsn 40009 31 1.0
vsn 40009 31 1.0
vsn 40009 31 1.0
vsn 40009 31 1.0
vsn 40009 31 1.0
vsn 40009 31 0.0
vsn 40009 31 0.0
vsn 40009 31 1.0
vsn 40009 31 1.0
vsn 40009 31 1.0
vsn 40009 31 1.0
vsn 40009 31 1.0
vsn 40009 31 1.0
vsn 40009 31 1.0
vsn 40009 31 1.0
vsn 40009 31 1.0
vsn 40009 31 1.0
vsn 40009 31 1.0
vsn 40009 31 1.0
vsn 40009 31 0.0
vsn 40009 31 0.0
vsn 40021 32 1.0
vsn 40021 32 1.0
vsn 40021 32 0.0
vsn 40021 32 0.0
vsn 40021 32 0.0
vsn 40021 32 0.0
vsn 40021 32 1.0
vsn 40021 32 1.0
vsn 40021 32 1.0
vsn 40021 32 1.0
vsn 40021 32 1.0
vsn 40021 32 1.0
vsn 40021 32 1.0
vsn 40021 32 1.0
vsn 40021 32 1.0
vsn 40021 32 1.0
vsn 40021 32 1.0
vsn 40021 32 1.0
vsn 40021 32 1.0
vsn 40021 32 1.0
vsn 40021 32 1.0
vsn 40021 32 1.0
vsn 40021 32 1.0
vsn 40021 32 1.0
vsn 40021 32 1.0
vsn 40021 32 1.0
vsn 40021 32 1.0
vsn 40021 32 1.0
vsn 40021 32 1.0
vsn 40021 32 1.0
vsn 40021 32 1.0
vsn 40021 32 1.0
vsn 40021 32 1.0
vsn 40021 32 1.0
vsn 40021 32 1.0
vsn 40021 32 1.0
vsn 40021 32 1.0
vsn 40021 32 1.0
vsn 40021 32 1.0
vsn 40021 32 1.0
vsn 40021 32 1.0
vsn 40021 32 1.0
vsn 40021 32 1.0
vsn 40021 32 1.0
vsn 40021 32 1.0
vsn 40021 32 1.0
vsn 40021 32 1.0
vsn 40021 32 0.0
vsn 40021 32 0.0
vsn 40021 32 1.0
vsn 40021 32 1.0
vsn 40021 32 1.0
vsn 40021 32 1.0
vsn 40021 32 0.0
vsn 40021 32 0.0
vsn 40021 32 1.0
vsn 40021 32 1.0
vsn 40021 32 1.0
vsn 40021 32 1.0
vsn 40021 32 1.0
vsn 40021 32 1.0
vsn 40021 32 1.0
vsn 40021 32 1.0
vsn 40021 32 1.0
vsn 40021 32 1.0
vsn 40021 32 1.0
vsn 40021 32 1.0
vsn 40021 32 1.0
vsn 40021 32 1.0
vsn 40021 32 1.0
vsn 40021 32 1.0
vsn 40021 32 1.0
vsn 40021 32 1.0
vsn 40021 32 1.0
vsn 40021 32 1.0
vsn 40021 32 1.0
vsn 40021 32 1.0
vsn 40021 32 1.0
vsn 40021 32 1.0
vsn 40021 32 1.0
vsn 40021 32 1.0
vsn 40021 32 1.0
vsn 40021 32 1.0
vsn 40021 32 1.0
vsn 40021 32 1.0
vsn 40021 32 1.0
vsn 40021 32 1.0
vsn 40021 32 1.0
vsn 40021 32 1.0
vsn 40048 33 1.0
vsn 40048 33 1.0
vsn 40048 33 1.0
vsn 40048 33 1.0
vsn 40048 33 1.0
vsn 40048 33 1.0
vsn 40048 33 1.0
vsn 40048 33 1.0
vsn 40048 33 1.0
vsn 40048 33 1.0
vsn 40048 33 1.0
vsn 40048 33 1.0
vsn 40048 33 1.0
vsn 40048 33 1.0
vsn 40048 33 1.0
vsn 40048 33 1.0
vsn 40048 33 1.0
vsn 40048 33 1.0
vsn 40048 33 1.0
vsn 40048 33 1.0
vsn 40048 33 1.0
vsn 40048 33 1.0
vsn 40048 33 1.0
vsn 40048 33 1.0
vsn 40048 33 0.0
vsn 40048 33 0.0
vsn 40048 33 1.0
vsn 40048 33 1.0
vsn 40048 33 1.0
vsn 40048 33 1.0
vsn 40048 33 1.0
vsn 40048 33 1.0
vsn 40048 33 1.0
vsn 40048 33 1.0
vsn 40048 33 0.0
vsn 40048 33 0.0
vsn 40048 33 0.0
vsn 40048 33 0.0
vsn 40048 33 1.0
vsn 40048 33 1.0
vsn 40048 33 1.0
vsn 40048 33 1.0
vsn 40048 33 1.0
vsn 40048 33 1.0
vsn 40048 33 0
vsn 40048 33 1.0
vsn 40048 33 1.0
vsn 40048 33 1.0
vsn 40048 33 1.0
vsn 40048 33 1.0
vsn 40048 33 1.0
vsn 40048 33 1.0
vsn 40048 33 1.0
vsn 40048 33 1.0
vsn 40048 33 1.0
vsn 40048 33 0
vsn 40048 33 1.0
vsn 40048 33 1.0
vsn 40048 33 1.0
vsn 40048 33 1.0
vsn 40048 34 0.0
vsn 40048 34 0.0
vsn 40048 34 0.0
vsn 40048 34 0.0
vsn 40048 34 0.0
vsn 40048 34 0.0
vsn 40048 34 0.0
vsn 40048 34 0.0
vsn 40048 34 0
vsn 40048 34 0.0
vsn 40048 34 0.0
vsn 40048 34 0.0
vsn 40048 34 0.0
vsn 40048 34 0.0
vsn 40048 34 0.0
vsn 40048 34 0.0
vsn 40048 34 0.0
vsn 40048 34 0.0
vsn 40048 34 0.0
vsn 40048 34 0.0
vsn 40048 34 0.0
vsn 40048 34 1.0
vsn 40048 34 1.0
vsn 40048 34 1.0
vsn 40048 34 1.0
vsn 40048 34 1.0
vsn 40048 34 1.0
vsn 40048 34 1.0
vsn 40048 34 1.0
vsn 40048 34 1.0
vsn 40048 34 1.0
vsn 40048 34 1.0
vsn 40048 34 1.0
vsn 40009 35 1.0
vsn 40009 35 1.0
vsn 40009 35 1.0
vsn 40009 35 1.0
vsn 40009 35 1.0
vsn 40009 35 1.0
vsn 40009 35 1.0
vsn 40009 35 1.0
vsn 40009 35 1.0
vsn 40009 35 1.0
vsn 40009 35 1.0
vsn 40009 35 1.0
vsn 40009 35 1.0
vsn 40009 35 1.0
vsn 40009 35 1.0
vsn 40009 35 1.0
vsn 40009 35 1.0
vsn 40009 35 1.0
vsn 40009 35 1.0
vsn 40009 35 1.0
vsn 40009 35 1.0
vsn 40009 35 1.0
vsn 40009 35 1.0
vsn 40009 35 1.0
vsn 40009 35 1.0
vsn 40009 35 1.0
vsn 40009 35 1.0
vsn 40009 35 1.0
vsn 40021 36 1.0
vsn 40021 36 1.0
vsn 40021 36 1.0
vsn 40021 36 1.0
vsn 40021 36 1.0
vsn 40021 36 1.0
vsn 40021 36 1.0
vsn 40021 36 1.0
vsn 40021 36 1.0
vsn 40021 36 1.0
vsn 40021 36 1.0
vsn 40021 36 1.0
vsn 40021 36 0.0
vsn 40021 36 0.0
vsn 40021 36 1.0
vsn 40021 36 1.0
vsn 40021 36 1.0
vsn 40021 36 1.0
vsn 40021 36 1.0
vsn 40021 36 1.0
vsn 40021 36 1.0
vsn 40021 36 1.0
vsn 40021 36 1.0
vsn 40021 36 1.0
vsn 40021 36 1.0
vsn 40021 36 1.0
vsn 40021 36 1.0
vsn 40021 36 1.0
vsn 40021 36 1.0
vsn 40021 36 1.0
vsn 40021 36 1.0
vsn 40021 36 1.0
vsn 40021 36 1.0
vsn 40021 36 1.0
vsn 40021 36 1.0
vsn 40021 36 0
vsn 40021 36 1.0
vsn 40021 36 0.0
vsn 40021 36 0.0
vsn 40021 36 0.0
vsn 40021 36 0.0
vsn 40021 36 0.0
vsn 40021 36 0.0
vsn 40021 36 1.0
vsn 40021 36 1.0
vsn 40021 36 1.0
vsn 40021 36 1.0
vsn 40021 36 1.0
vsn 40021 36 1.0
vsn 40021 36 1.0
vsn 40021 36 1.0
vsn 40021 36 1.0
vsn 40021 36 1.0
vsn 40021 36 1.0
vsn 40021 36 1.0
vsn 40021 36 1.0
vsn 40021 36 1.0
vsn 40021 36 1.0
vsn 40021 36 1.0
vsn 40021 36 1.0
vsn 40021 36 1.0
vsn 40021 36 1.0
vsn 40021 36 0
vsn 40021 36 1.0
vsn 40021 36 1.0
vsn 40021 36 1.0
vsn 40021 36 0.0
vsn 40021 36 0.0
vsn 40021 36 1.0
vsn 40021 36 0
vsn 40021 36 1.0
vsn 40021 36 1.0
vsn 40021 36 1.0
vsn 40021 36 0.0
vsn 40021 36 0.0
vsn 40021 37 1.0
vsn 40021 37 1.0
vsn 40021 37 1.0
vsn 40021 37 1.0
vsn 40021 37 1.0
vsn 40021 37 1.0
vsn 40021 37 1.0
vsn 40021 37 1.0
vsn 40021 37 1.0
vsn 40021 37 1.0
vsn 40021 37 1.0
vsn 40021 37 1.0
vsn 40021 37 1.0
vsn 40021 37 1.0
vsn 40021 37 1.0
vsn 40021 37 1.0
vsn 40021 37 1.0
vsn 40021 37 1.0
vsn 40021 37 1.0
vsn 40021 37 1.0
vsn 40021 37 1.0
vsn 40021 37 1.0
vsn 40021 37 1.0
vsn 40021 37 1.0
vsn 40021 37 1.0
vsn 40021 37 1.0
vsn 40021 37 1.0
vsn 40021 37 1.0
vsn 40021 37 1.0
vsn 40021 37 1.0
vsn 40021 37 1.0
vsn 40021 37 1.0
vsn 40021 37 1.0
vsn 40021 37 1.0
