10 40009 vsn 03 535 1
10 40009 vsn 03 536 8
10 40009 vsn 03 537 8
10 40009 vsn 03 538 8
10 40009 vsn 03 539 6
10 40009 vsn 03 540 8
10 40009 vsn 03 541 4
10 40009 vsn 03 542 6
10 40009 vsn 03 543 6
10 40009 vsn 03 544 8
10 40009 vsn 04 545 3
10 40009 vsn 04 546 3
10 40009 vsn 04 547 3
10 40009 vsn 04 548 3
10 40009 vsn 04 549 3
10 40009 vse 06 550 2
10 40009 vse 06 551 6
10 40009 vse 06 552 9
10 40009 vse 06 553 9
10 40009 vse 06 554 6
10 40009 vse 06 555 2
10 40009 vse 06 556 9
10 40009 vse 06 557 4
10 40009 vse 06 558 7
10 40009 vse 06 559 7
10 40009 vse 06 560 9
10 40009 vse 06 561 9
10 40009 vse 06 562 9
10 40009 vse 06 563 9
10 40009 vse 06 564 8
10 40009 vse 06 565 9
10 40009 vse 06 566 3
10 40009 vse 06 567 7
10 40009 vse 06 568 7
10 40009 vse 06 569 6
10 40009 vse 06 570 7
10 40009 vse 07 571 5
10 40009 vse 07 572 7
10 40009 vsn 08 573 7
10 40009 vsn 08 574 1
10 40009 vsb 09 575 5
10 40009 vsb 09 576 8
10 40009 vsb 09 577 6
10 40009 vsb 09 578 5
10 40009 vsb 09 579 1
10 40009 vsb 09 580 8
10 40009 vsb 09 581 2
10 40009 vsb 09 582 8
10 40009 vsb 09 583 1
10 40009 vsb 09 584 8
10 40009 vsb 09 585 1
10 40009 vsb 09 586 8
10 40009 vsb 09 587 1
10 40009 vsb 09 588 1
10 40009 vsb 09 589 1
10 40009 vsb 09 590 4
10 40009 vsb 09 591 1
10 40009 vsb 09 592 8
10 40009 vsb 09 593 9
10 40009 vsb 09 594 1
10 40009 vsb 09 595 1
10 40009 vsb 09 596 9
10 40009 vsb 10 597 7
10 40009 vsb 10 598 8
10 40009 vse 11 599 7
10 40009 vse 11 600 6
10 40009 vse 11 601 0
10 40009 vse 11 602 7
10 40009 vse 11 603 2
10 40009 vse 11 604 1
10 40009 vse 11 605 4
10 40009 vse 11 606 9
10 40009 vsn 13 607 6
10 40009 vsn 13 608 8
10 40009 vsn 13 609 1
10 40009 vsn 13 610 0
10 40009 vsn 13 611 7
10 40009 vsn 13 612 7
10 40009 vsn 13 613 0
10 40009 vsn 13 614 6
10 40009 vsb 14 615 4
10 40009 vsb 14 616 7
10 40009 vsb 14 617 1
10 40009 vsb 14 618 1
10 40009 vsb 14 619 4
10 40009 vsb 14 620 1
10 40009 vse 15 621 6
10 40009 vse 15 622 2
10 40009 vse 15 623 4
10 40009 vse 16 624 3
10 40009 vse 16 625 8
10 40009 vse 16 626 4
10 40009 vse 16 627 0
10 40009 vse 16 628 1
10 40009 vse 16 629 8
10 40009 vse 16 630 9
10 40009 vse 16 631 8
10 40009 vse 16 632 8
10 40009 vse 16 633 7
10 40009 vsn 17 634 9
10 40009 vsn 17 635 8
10 40009 vsn 17 636 1
10 40009 vsn 17 637 8
10 40009 vsn 17 638 6
10 40009 vsn 17 639 8
10 40009 vsn 17 640 9
10 40009 vsb 18 641 8
10 40009 vsb 18 642 7
10 40009 vsb 18 643 2
10 40009 vsb 18 644 8
10 40009 vsb 19 645 1
10 40009 vsb 19 646 8
10 40009 vsb 19 647 1
10 40009 vsn 21 648 9
10 40009 vsn 21 649 1
10 40009 vsn 21 650 1
10 40009 vsn 21 651 8
10 40009 vsn 21 652 9
10 40009 vsn 21 653 8
10 40009 vsn 21 654 6
10 40009 vsn 21 655 8
10 40009 vsn 21 656 4
10 40009 vsn 21 657 8
10 40009 vsn 21 658 3
10 40009 vsn 22 659 0
10 40009 vsn 22 660 1
10 40009 vsn 22 661 1
10 40009 vsn 22 662 1
10 40009 vsn 22 663 8
10 40009 vsn 22 664 4
10 40009 vsn 22 665 4
10 40009 vsb 23 666 5
10 40009 vsb 23 667 1
10 40009 vsb 23 668 6
10 40009 vsb 23 669 8
10 40009 vsb 23 670 9
10 40009 vse 24 671 7
10 40009 vse 24 672 6
10 40009 vse 24 673 1
10 40009 vse 24 674 7
10 40009 vse 24 675 7
10 40009 vse 24 676 7
10 40009 vse 24 677 8
10 40009 vse 24 678 6
10 40009 vse 24 679 7
10 40009 vse 24 680 7
10 40009 vse 24 681 1
10 40009 vse 25 682 7
10 40009 vse 25 683 2
10 40009 vse 25 684 2
10 40009 vse 25 685 0
10 40009 vse 25 686 8
10 40009 vsn 26 687 4
10 40009 vsn 26 688 1
10 40009 vsn 26 689 8
10 40009 vsn 26 690 2
10 40009 vsn 26 691 8
10 40009 vsn 26 692 2
10 40009 vsn 26 693 8
10 40009 vsb 27 694 9
10 40009 vsb 27 695 0
10 40009 vsb 27 696 8
10 40009 vsb 27 697 2
10 40009 vsb 27 698 0
10 40009 vsb 27 699 1
10 40009 vsb 27 700 7
10 40009 vsb 27 701 9
10 40009 vsb 28 702 9
10 40009 vsb 28 703 1
10 40009 vsb 28 704 6
10 40009 vse 29 705 8
10 40009 vse 29 706 9
10 40009 vsn 30 707 7
10 40009 vsn 30 708 1
10 40009 vsn 30 709 7
10 40009 vsn 30 710 7
10 40009 vsn 30 711 1
10 40009 vsn 30 712 1
10 40009 vsn 30 713 7
10 40009 vsn 30 714 9
10 40009 vsn 30 715 6
10 40009 vsn 30 716 3
10 40009 vsn 30 717 1
10 40009 vsn 30 718 1
10 40009 vsn 31 719 1
10 40009 vsn 31 720 1
10 40009 vsn 31 721 5
10 40009 vsn 31 722 1
10 40009 vsn 31 723 1
10 40009 vsn 31 724 9
10 40009 vsb 32 725 6
10 40009 vsb 32 726 1
10 40009 vsb 32 727 4
10 40009 vsb 32 728 4
10 40009 vsb 32 729 3
10 40009 vsb 32 730 8
10 40009 vsb 32 731 7
10 40009 vsb 32 732 9
10 40009 vsb 32 733 8
10 40009 vsb 32 734 5
10 40009 vsb 32 735 6
10 40009 vsb 32 736 8
10 40009 vsb 32 737 6
10 40009 vsb 32 738 0
10 40009 vsb 32 739 1
10 40009 vsb 32 740 5
10 40009 vsb 32 741 7
10 40009 vsb 32 742 7
10 40009 vsb 32 743 8
10 40009 vse 33 744 8
10 40009 vse 33 745 8
10 40009 vse 33 746 3
10 40009 vse 33 747 4
10 40009 vse 33 748 7
10 40009 vse 33 749 0
10 40009 vse 33 750 6
10 40009 vse 33 751 8
10 40009 vse 33 752 8
10 40009 vse 33 753 0
10 40009 vse 33 754 6
10 40009 vse 33 755 8
10 40009 vse 33 756 6
10 40009 vse 33 757 0
10 40009 vse 33 758 4
10 40009 vse 33 759 1
10 40009 vse 33 760 8
10 40009 vse 33 761 8
10 40009 vse 33 762 4
10 40009 vse 33 763 3
10 40009 vse 33 764 8
10 40009 vse 33 765 8
10 40009 vse 33 766 1
10 40009 vse 33 767 2
10 40009 vse 33 768 0
10 40009 vse 33 769 8
10 40009 vse 34 770 1
10 40009 vse 34 771 1
10 40009 vse 34 772 8
10 40009 vse 34 773 6
10 40009 vse 34 774 1
10 40009 vse 34 775 6
10 40009 vse 34 776 6
10 40009 vse 34 777 1
10 40009 vse 34 778 1
10 40009 vse 34 779 1
10 40009 vse 34 780 6
10 40009 vse 34 781 9
10 40009 vsn 35 782 5
10 40009 vsn 35 783 9
10 40009 vsn 35 784 6
10 40009 vsn 35 785 6
10 40009 vsn 35 786 3
10 40009 vsn 35 787 9
10 40009 vsn 35 788 1
10 40009 vsn 35 789 0
10 40009 vsn 35 790 3
10 40009 vsn 35 791 7
10 40009 vsb 36 792 6
10 40009 vsb 36 793 4
10 40009 vsb 36 794 6
10 40009 vsb 36 795 6
10 40009 vsb 36 796 4
10 40009 vsb 36 797 9
10 40009 vsb 36 798 7
10 40009 vsb 37 799 9
10 40009 vsb 37 800 1
10 40009 vsb 37 801 7
10 40009 vsb 37 802 3
10 40009 vsb 37 803 6
10 40009 vsb 37 804 9
10 40009 vsb 37 805 7
10 40009 vsb 37 806 5
10 40009 vsb 37 807 7
10 40009 vsb 37 808 9
10 40009 vsb 37 809 7
10 40009 vsb 37 810 6
10 40009 vsb 37 811 3
10 40009 vsb 37 812 3
10 40048 vsb 03 734 7
10 40048 vsb 03 735 7
10 40048 vsb 03 736 5
10 40048 vsb 03 737 0
10 40048 vsb 03 738 7
10 40048 vsb 03 739 6
10 40048 vsb 03 740 1
10 40048 vsb 04 741 6
10 40048 vsb 04 742 8
10 40048 vsb 04 743 0
10 40048 vsb 04 744 6
10 40048 vsb 04 745 2
10 40048 vsb 04 746 2
10 40048 vsb 04 747 2
10 40048 vsb 04 748 2
10 40048 vsb 04 749 6
10 40048 vsb 04 750 2
10 40048 vsb 04 751 2
10 40048 vsb 04 752 2
10 40048 vsb 04 753 1
10 40048 vse 05 754 8
10 40048 vse 05 755 2
10 40048 vse 05 756 6
10 40048 vse 05 757 2
10 40048 vse 05 758 6
10 40048 vse 05 759 0
10 40048 vse 05 760 1
10 40048 vse 05 761 2
10 40048 vse 05 762 1
10 40048 vse 05 763 1
10 40048 vsn 06 764 6
10 40048 vsn 06 765 9
10 40048 vsn 06 766 2
10 40048 vsn 06 767 3
10 40048 vsn 06 768 9
10 40048 vsn 06 769 2
10 40048 vsn 06 770 9
10 40048 vsn 06 771 1
10 40048 vsn 06 772 9
10 40048 vsn 06 773 2
10 40048 vsn 06 774 9
10 40048 vsn 07 775 6
10 40048 vsn 07 776 9
10 40048 vsb 08 777 0
10 40048 vsb 08 778 7
10 40048 vsb 08 779 2
10 40048 vsb 08 780 7
10 40048 vsb 08 781 1
10 40048 vsb 08 782 6
10 40048 vsb 08 783 1
10 40048 vsb 08 784 0
10 40048 vsb 08 785 8
10 40048 vsb 08 786 6
10 40048 vse 09 787 8
10 40048 vse 09 788 2
10 40048 vse 09 789 4
10 40048 vse 09 790 0
10 40048 vse 09 791 7
10 40048 vse 09 792 4
10 40048 vse 09 793 6
10 40048 vse 09 794 3
10 40048 vse 09 795 2
10 40048 vse 09 796 2
10 40048 vse 09 797 8
10 40048 vse 09 798 2
10 40048 vse 09 799 0
10 40048 vse 09 800 6
10 40048 vse 09 801 3
10 40048 vse 09 802 2
10 40048 vse 09 803 2
10 40048 vse 09 804 8
10 40048 vse 09 805 2
10 40048 vse 09 806 2
10 40048 vse 09 807 0
10 40048 vse 09 808 3
10 40048 vse 09 809 2
10 40048 vse 09 810 6
10 40048 vse 09 811 1
10 40048 vse 09 812 7
10 40048 vse 09 813 8
10 40048 vse 09 814 1
10 40048 vse 09 815 3
10 40048 vse 09 816 2
10 40048 vse 09 817 1
10 40048 vse 09 818 2
10 40048 vse 09 819 2
10 40048 vse 09 820 3
10 40048 vse 09 821 1
10 40048 vse 09 822 6
10 40048 vse 09 823 0
10 40048 vse 09 824 6
10 40048 vse 09 825 2
10 40048 vse 09 826 2
10 40048 vse 09 827 1
10 40048 vse 09 828 1
10 40048 vse 09 829 7
10 40048 vse 09 830 8
10 40048 vse 09 831 2
10 40048 vse 09 832 1
10 40048 vse 09 833 3
10 40048 vse 09 834 2
10 40048 vse 09 835 1
10 40048 vse 10 836 0
10 40048 vse 10 837 0
10 40048 vse 10 838 1
10 40048 vse 10 839 2
10 40048 vse 10 840 2
10 40048 vse 10 841 5
10 40048 vse 10 842 8
10 40048 vsn 11 843 4
10 40048 vsn 11 844 1
10 40048 vsn 11 845 6
10 40048 vsn 11 846 1
10 40048 vsn 11 847 6
10 40048 vsn 11 848 2
10 40048 vsn 11 849 0
10 40048 vsb 13 850 5
10 40048 vsb 13 851 9
10 40048 vsb 13 852 6
10 40048 vsb 13 853 9
10 40048 vsb 13 854 2
10 40048 vsb 13 855 6
10 40048 vsb 13 856 2
10 40048 vsb 13 857 1
10 40048 vsb 13 858 1
10 40048 vsb 13 859 2
10 40048 vsb 13 860 2
10 40048 vsb 13 861 1
10 40048 vsb 13 862 1
10 40048 vsb 13 863 6
10 40048 vsb 13 864 1
10 40048 vsb 13 865 1
10 40048 vse 14 866 0
10 40048 vse 14 867 1
10 40048 vse 14 868 4
10 40048 vsn 15 869 2
10 40048 vsn 15 870 8
10 40048 vsn 15 871 8
10 40048 vsn 15 872 1
10 40048 vsn 15 873 7
10 40048 vsn 15 874 0
10 40048 vsn 15 875 1
10 40048 vsn 16 876 6
10 40048 vsn 16 877 2
10 40048 vsn 16 878 2
10 40048 vsb 17 879 1
10 40048 vsb 17 880 1
10 40048 vsb 17 881 2
10 40048 vsb 17 882 3
10 40048 vsb 17 883 6
10 40048 vsb 17 884 3
10 40048 vse 18 885 0
10 40048 vse 18 886 4
10 40048 vse 18 887 1
10 40048 vse 18 888 7
10 40048 vse 18 889 0
10 40048 vse 18 890 7
10 40048 vse 18 891 0
10 40048 vse 18 892 3
10 40048 vse 19 893 1
10 40048 vse 19 894 9
10 40048 vse 19 895 2
10 40048 vse 19 896 2
10 40048 vse 19 897 9
10 40048 vse 19 898 2
10 40048 vse 19 899 2
10 40048 vse 19 900 0
10 40048 vse 19 901 5
10 40048 vse 19 902 8
10 40048 vse 19 903 8
10 40048 vse 19 904 0
10 40048 vse 19 905 1
10 40048 vse 19 906 0
10 40048 vse 19 907 5
10 40048 vse 19 908 0
10 40048 vse 19 909 5
10 40048 vsn 20 910 7
10 40048 vsn 20 911 5
10 40048 vsn 20 912 6
10 40048 vsn 20 913 1
10 40048 vsn 20 914 5
10 40048 vsn 20 915 1
10 40048 vsb 21 916 0
10 40048 vsb 21 917 7
10 40048 vsb 21 918 4
10 40048 vsb 21 919 3
10 40048 vsb 21 920 7
10 40048 vsb 21 921 6
10 40048 vsb 21 922 3
10 40048 vsb 21 923 2
10 40048 vsb 21 924 9
10 40048 vsb 21 925 6
10 40048 vsb 21 926 7
10 40048 vsb 21 927 6
10 40048 vsb 22 928 1
10 40048 vsb 22 929 1
10 40048 vsb 22 930 7
10 40048 vsb 22 931 6
10 40048 vsb 22 932 7
10 40048 vsb 22 933 0
10 40048 vse 23 934 6
10 40048 vse 23 935 2
10 40048 vse 23 936 8
10 40048 vse 23 937 7
10 40048 vse 23 938 8
10 40048 vsn 24 939 4
10 40048 vsn 24 940 6
10 40048 vsn 24 941 4
10 40048 vsn 24 942 6
10 40048 vsn 24 943 9
10 40048 vsn 24 944 5
10 40048 vsn 24 945 3
10 40048 vsn 24 946 8
10 40048 vsn 24 947 4
10 40048 vsn 24 948 2
10 40048 vsn 24 949 3
10 40048 vsn 25 950 8
10 40048 vsn 25 951 1
10 40048 vsn 25 952 9
10 40048 vsn 25 953 9
10 40048 vsn 25 954 4
10 40048 vsn 25 955 6
10 40048 vsn 25 956 6
10 40048 vsn 25 957 3
10 40048 vsn 25 958 6
10 40048 vsb 26 959 4
10 40048 vsb 26 960 2
10 40048 vsb 26 961 4
10 40048 vsb 26 962 2
10 40048 vsb 26 963 6
10 40048 vsb 26 964 6
10 40048 vsb 26 965 6
10 40048 vse 27 966 2
10 40048 vse 27 967 0
10 40048 vse 27 968 9
10 40048 vse 27 969 2
10 40048 vse 27 970 1
10 40048 vse 27 971 5
10 40048 vse 27 972 3
10 40048 vse 27 973 6
10 40048 vse 28 974 7
10 40048 vse 28 975 0
10 40048 vse 28 976 9
10 40048 vse 28 977 0
10 40048 vse 28 978 7
10 40048 vse 28 979 7
10 40048 vse 28 980 0
10 40048 vse 28 981 0
10 40048 vse 28 982 1
10 40048 vse 28 983 0
10 40048 vse 28 984 7
10 40048 vse 28 985 0
10 40048 vse 28 986 7
10 40048 vsn 29 987 2
10 40048 vsn 29 988 6
10 40048 vsb 30 989 9
10 40048 vsb 30 990 7
10 40048 vsb 30 991 7
10 40048 vsb 30 992 2
10 40048 vsb 30 993 1
10 40048 vsb 30 994 2
10 40048 vsb 30 995 6
10 40048 vsb 30 996 6
10 40048 vsb 30 997 7
10 40048 vsb 30 998 3
10 40048 vsb 31 999 8
10 40048 vsb 31 1000 9
10 40048 vsb 31 1001 1
10 40048 vsb 31 1002 2
10 40048 vsb 31 1003 2
10 40048 vsb 31 1004 6
10 40048 vsb 31 1005 8
10 40048 vse 32 1006 7
10 40048 vse 32 1007 7
10 40048 vse 32 1008 3
10 40048 vse 32 1009 3
10 40048 vse 32 1010 7
10 40048 vse 32 1011 7
10 40048 vse 32 1012 9
10 40048 vse 32 1013 6
10 40048 vse 32 1014 6
10 40048 vse 32 1015 0
10 40048 vse 32 1016 9
10 40048 vse 32 1017 6
10 40048 vsn 33 1018 6
10 40048 vsn 33 1019 6
10 40048 vsn 33 1020 2
10 40048 vsn 33 1021 2
10 40048 vsn 33 1022 0
10 40048 vsn 33 1023 3
10 40048 vsn 33 1024 2
10 40048 vsn 33 1025 0
10 40048 vsn 33 1026 9
10 40048 vsn 34 1027 1
10 40048 vsn 34 1028 2
10 40048 vsn 34 1029 1
10 40048 vsn 34 1030 2
10 40048 vsn 34 1031 0
10 40048 vsn 34 1032 8
10 40048 vsn 34 1033 7
10 40048 vsn 34 1034 0
10 40048 vsn 34 1035 8
10 40048 vsn 34 1036 7
10 40048 vsb 35 1037 0
10 40048 vsb 35 1038 4
10 40048 vsb 35 1039 7
10 40048 vsb 35 1040 1
10 40048 vsb 35 1041 0
10 40048 vsb 35 1042 3
10 40048 vsb 35 1043 1
10 40048 vsb 35 1044 0
10 40048 vsb 35 1045 8
10 40048 vsb 35 1046 2
10 40048 vsb 35 1047 6
10 40048 vsb 35 1048 2
10 40048 vse 36 1049 2
10 40048 vse 36 1050 2
10 40048 vse 36 1051 2
10 40048 vse 36 1052 3
10 40048 vse 36 1053 8
10 40048 vse 36 1054 6
10 40048 vse 36 1055 1
10 40048 vse 36 1056 7
10 40048 vse 36 1057 1
10 40048 vse 36 1058 1
10 40048 vse 36 1059 7
10 40048 vse 37 1060 6
10 40048 vse 37 1061 6
10 40048 vse 37 1062 6
10 40048 vse 37 1063 0
10 40048 vse 37 1064 1
10 40048 vse 37 1065 1
10 40048 vse 37 1066 6
10 40048 vse 37 1067 0
10 40048 vse 37 1068 0
10 40048 vse 37 1069 5
10 40048 vse 37 1070 2
10 40048 vse 37 1071 6
10 40048 vse 37 1072 0
10 40048 vse 37 1073 6
10 40048 vse 37 1074 0
10 40021 vse 03 1455 7
10 40021 vse 03 1456 8
10 40021 vse 03 1457 1
10 40021 vse 03 1458 8
10 40021 vse 03 1459 8
10 40021 vse 04 1460 0
10 40021 vse 04 1461 0
10 40021 vsn 05 1462 2
10 40021 vsn 05 1463 7
10 40021 vsn 05 1464 2
10 40021 vsn 05 1465 7
10 40021 vsn 05 1466 2
10 40021 vsn 05 1467 7
10 40021 vsn 05 1468 2
10 40021 vsn 05 1469 7
10 40021 vsn 05 1470 7
10 40021 vsn 05 1471 9
10 40021 vsn 05 1472 2
10 40021 vsn 05 1473 1
10 40021 vsn 05 1474 9
10 40021 vsn 05 1475 0
10 40021 vsn 05 1476 9
10 40021 vsn 05 1477 9
10 40021 vsb 06 1478 2
10 40021 vsb 06 1479 2
10 40021 vsb 06 1480 5
10 40021 vsb 06 1481 1
10 40021 vsb 06 1482 2
10 40021 vsb 06 1483 6
10 40021 vsb 06 1484 9
10 40021 vsb 06 1485 9
10 40021 vsb 06 1486 2
10 40021 vsb 06 1487 5
10 40021 vsb 07 1488 4
10 40021 vsb 07 1489 4
10 40021 vsb 07 1490 5
10 40021 vse 08 1491 7
10 40021 vse 08 1492 7
10 40021 vsn 09 1493 5
10 40021 vsn 09 1494 5
10 40021 vsn 09 1495 1
10 40021 vsn 09 1496 0
10 40021 vsn 09 1497 9
10 40021 vsn 09 1498 8
10 40021 vsn 09 1499 0
10 40021 vsn 09 1500 5
10 40021 vsn 09 1501 6
10 40021 vsn 09 1502 2
10 40021 vsn 09 1503 5
10 40021 vsn 09 1504 7
10 40021 vsn 09 1505 5
10 40021 vsn 09 1506 5
10 40021 vsn 09 1507 7
10 40021 vsb 11 1508 4
10 40021 vsb 11 1509 9
10 40021 vsb 11 1510 4
10 40021 vsb 11 1511 8
10 40021 vsb 11 1512 4
10 40021 vsb 11 1513 8
10 40021 vsb 11 1514 4
10 40021 vsb 11 1515 4
10 40021 vsb 11 1516 9
10 40021 vsb 11 1517 4
10 40021 vsb 11 1518 4
10 40021 vsb 11 1519 4
10 40021 vse 13 1520 4
10 40021 vse 13 1521 4
10 40021 vsn 14 1522 4
10 40021 vsn 14 1523 2
10 40021 vsn 14 1524 6
10 40021 vsn 14 1525 6
10 40021 vsn 14 1526 3
10 40021 vsn 14 1527 7
10 40021 vsn 14 1528 4
10 40021 vsn 14 1529 3
10 40021 vsn 14 1530 7
10 40021 vsn 14 1531 7
10 40021 vsb 15 1532 7
10 40021 vsb 15 1533 7
10 40021 vsb 15 1534 1
10 40021 vsb 15 1535 7
10 40021 vsb 15 1536 6
10 40021 vsb 15 1537 5
10 40021 vsb 15 1538 2
10 40021 vsb 15 1539 1
10 40021 vsb 15 1540 1
10 40021 vsb 15 1541 1
10 40021 vsb 15 1542 4
10 40021 vsb 15 1543 6
10 40021 vsb 15 1544 7
10 40021 vsb 15 1545 0
10 40021 vsb 15 1546 3
10 40021 vsb 16 1547 8
10 40021 vsb 16 1548 8
10 40021 vsb 16 1549 6
10 40021 vsb 16 1550 8
10 40021 vsb 16 1551 4
10 40021 vsb 16 1552 4
10 40021 vsb 16 1553 8
10 40021 vsb 16 1554 4
10 40021 vse 17 1555 1
10 40021 vse 17 1556 8
10 40021 vse 17 1557 9
10 40021 vse 17 1558 1
10 40021 vse 17 1559 1
10 40021 vse 17 1560 8
10 40021 vse 17 1561 8
10 40021 vse 17 1562 8
10 40021 vse 17 1563 8
10 40021 vse 17 1564 9
10 40021 vse 17 1565 8
10 40021 vse 17 1566 8
10 40021 vsn 18 1567 0
10 40021 vsn 18 1568 0
10 40021 vsn 18 1569 0
10 40021 vsn 18 1570 9
10 40021 vsn 18 1571 9
10 40021 vsn 18 1572 7
10 40021 vsn 18 1573 3
10 40021 vsn 18 1574 3
10 40021 vsn 18 1575 3
10 40021 vsn 18 1576 3
10 40021 vsn 18 1577 7
10 40021 vsn 19 1578 5
10 40021 vsn 19 1579 3
10 40021 vsn 19 1580 7
10 40021 vsn 19 1581 5
10 40021 vsn 19 1582 3
10 40021 vsn 19 1583 5
10 40021 vsn 19 1584 3
10 40021 vsn 19 1585 3
10 40021 vsn 19 1586 9
10 40021 vsn 19 1587 5
10 40021 vsn 19 1588 8
10 40021 vsn 19 1589 5
10 40021 vsn 19 1590 7
10 40021 vsn 19 1591 8
10 40021 vsn 19 1592 5
10 40021 vsn 19 1593 0
10 40021 vsn 19 1594 4
10 40021 vsn 19 1595 7
10 40021 vsb 20 1596 1
10 40021 vsb 20 1597 9
10 40021 vsb 20 1598 9
10 40021 vsb 20 1599 9
10 40021 vsb 20 1600 1
10 40021 vsb 20 1601 9
10 40021 vsb 20 1602 1
10 40021 vsb 20 1603 9
10 40021 vse 21 1604 2
10 40021 vse 21 1605 1
10 40021 vse 21 1606 1
10 40021 vse 21 1607 1
10 40021 vse 21 1608 8
10 40021 vse 21 1609 4
10 40021 vse 21 1610 0
10 40021 vse 21 1611 2
10 40021 vse 21 1612 2
10 40021 vse 21 1613 1
10 40021 vse 21 1614 4
10 40021 vse 21 1615 7
10 40021 vse 21 1616 9
10 40021 vse 21 1617 4
10 40021 vse 21 1618 9
10 40021 vse 21 1619 2
10 40021 vse 21 1620 9
10 40021 vse 22 1621 4
10 40021 vse 22 1622 4
10 40021 vse 22 1623 6
10 40021 vse 22 1624 4
10 40021 vse 22 1625 4
10 40021 vse 22 1626 4
10 40021 vse 22 1627 4
10 40021 vsn 23 1628 8
10 40021 vsn 23 1629 8
10 40021 vsn 23 1630 9
10 40021 vsn 23 1631 8
10 40021 vsn 23 1632 8
10 40021 vsn 23 1633 4
10 40021 vsn 23 1634 4
10 40021 vsn 23 1635 4
10 40021 vsn 23 1636 4
10 40021 vsn 23 1637 1
10 40021 vsn 23 1638 4
10 40021 vsb 24 1639 1
10 40021 vsb 24 1640 1
10 40021 vsb 24 1641 1
10 40021 vsb 24 1642 4
10 40021 vsb 24 1643 5
10 40021 vsb 24 1644 4
10 40021 vsb 25 1645 5
10 40021 vsb 25 1646 7
10 40021 vsb 25 1647 4
10 40021 vsb 25 1648 8
10 40021 vsb 25 1649 8
10 40021 vsb 25 1650 4
10 40021 vsb 25 1651 7
10 40021 vsb 25 1652 4
10 40021 vsb 25 1653 4
10 40021 vse 26 1654 4
10 40021 vsn 27 1655 4
10 40021 vsn 27 1656 9
10 40021 vsn 28 1657 4
10 40021 vsn 28 1658 4
10 40021 vsn 28 1659 8
10 40021 vsn 28 1660 8
10 40021 vsn 28 1661 8
10 40021 vsn 28 1662 8
10 40021 vsn 28 1663 8
10 40021 vsb 29 1664 4
10 40021 vsb 29 1665 4
10 40021 vsb 29 1666 4
10 40021 vsb 29 1667 4
10 40021 vsb 29 1668 4
10 40021 vsb 29 1669 4
10 40021 vsb 29 1670 4
10 40021 vsb 29 1671 8
10 40021 vsb 29 1672 8
10 40021 vsb 29 1673 9
10 40021 vse 30 1674 7
10 40021 vse 30 1675 8
10 40021 vse 30 1676 7
10 40021 vse 30 1677 5
10 40021 vse 30 1678 8
10 40021 vse 30 1679 2
10 40021 vse 30 1680 0
10 40021 vse 30 1681 7
10 40021 vse 30 1682 5
10 40021 vse 30 1683 1
10 40021 vse 31 1684 7
10 40021 vse 31 1685 1
10 40021 vse 31 1686 7
10 40021 vse 31 1687 5
10 40021 vse 31 1688 5
10 40021 vse 31 1689 4
10 40021 vse 31 1690 3
10 40021 vsn 32 1691 0
10 40021 vsn 32 1692 7
10 40021 vsn 32 1693 5
10 40021 vsn 32 1694 0
10 40021 vsn 32 1695 7
10 40021 vsn 32 1696 7
10 40021 vsn 32 1697 5
10 40021 vsn 32 1698 1
10 40021 vsn 32 1699 8
10 40021 vsn 32 1700 2
10 40021 vsn 32 1701 1
10 40021 vsn 32 1702 7
10 40021 vsn 32 1703 4
10 40021 vsn 32 1704 3
10 40021 vsn 32 1705 8
10 40021 vsb 33 1706 9
10 40021 vsb 33 1707 1
10 40021 vsb 33 1708 0
10 40021 vsb 33 1709 7
10 40021 vsb 33 1710 3
10 40021 vsb 33 1711 2
10 40021 vsb 33 1712 7
10 40021 vsb 33 1713 2
10 40021 vsb 33 1714 7
10 40021 vsb 33 1715 3
10 40021 vsb 33 1716 7
10 40021 vsb 33 1717 9
10 40021 vsb 34 1718 4
10 40021 vsb 34 1719 1
10 40021 vsb 34 1720 7
10 40021 vsb 34 1721 9
10 40021 vsb 34 1722 4
10 40021 vsb 34 1723 7
10 40021 vsb 34 1724 3
10 40021 vsb 34 1725 9
10 40021 vsb 34 1726 3
10 40021 vse 35 1727 3
10 40021 vse 35 1728 3
10 40021 vse 35 1729 2
10 40021 vse 35 1730 3
10 40021 vse 35 1731 1
10 40021 vse 35 1732 9
10 40021 vse 35 1733 9
10 40021 vsn 36 1734 4
10 40021 vsn 36 1735 4
10 40021 vsn 36 1736 2
10 40021 vsn 36 1737 7
10 40021 vsn 36 1738 8
10 40021 vsn 36 1739 4
10 40021 vsn 36 1740 2
10 40021 vsn 36 1741 8
10 40021 vsn 36 1742 2
10 40021 vsn 36 1743 8
10 40021 vsn 36 1744 7
10 40021 vsn 36 1745 3
10 40021 vsn 36 1746 3
10 40021 vsn 37 1747 1
10 40021 vsn 37 1748 2
10 40021 vsn 37 1749 2
10 40021 vsn 37 1750 5
10 40021 vsn 37 1751 2
10 40021 vsn 37 1752 2
10 40021 vsn 37 1753 8
10 40021 vsn 37 1754 1
10 40021 vsn 37 1755 0
10 40021 vsn 37 1756 1
10 40021 vsn 37 1757 5
10 40021 vsn 37 1758 4
10 40021 vsn 37 1759 9
10 40021 vsn 37 1760 7
10 40021 vsn 37 1761 8
10 40021 vsn 37 1762 9
10 40021 vsn 37 1763 4
10 40021 vsn 37 1764 0
10 40021 vsn 37 1765 1
10 40021 vsn 37 1766 1
10 40021 vsn 37 1767 8
10 40021 vsn 37 1768 9
10 40021 vsn 37 1769 9
10 40021 vsn 37 1770 0
10 40021 vsn 37 1771 7
10 40021 vsn 37 1772 6
10 40021 vsn 37 1773 1
10 40021 vsn 37 1774 7
10 40021 vsn 37 1775 1
15 40009 vsn 03 535 2
15 40009 vsn 03 536 1
15 40009 vsn 03 537 1
15 40009 vsn 03 538 1
15 40009 vsn 03 539 9
15 40009 vsn 03 540 13
15 40009 vsn 03 541 13
15 40009 vsn 03 542 9
15 40009 vsn 03 543 9
15 40009 vsn 03 544 13
15 40009 vsn 04 545 2
15 40009 vsn 04 546 7
15 40009 vsn 04 547 2
15 40009 vsn 04 548 2
15 40009 vsn 04 549 7
15 40009 vse 06 550 2
15 40009 vse 06 551 13
15 40009 vse 06 552 6
15 40009 vse 06 553 6
15 40009 vse 06 554 13
15 40009 vse 06 555 2
15 40009 vse 06 556 11
15 40009 vse 06 557 13
15 40009 vse 06 558 7
15 40009 vse 06 559 9
15 40009 vse 06 560 6
15 40009 vse 06 561 6
15 40009 vse 06 562 6
15 40009 vse 06 563 2
15 40009 vse 06 564 13
15 40009 vse 06 565 11
15 40009 vse 06 566 8
15 40009 vse 06 567 9
15 40009 vse 06 568 9
15 40009 vse 06 569 12
15 40009 vse 06 570 7
15 40009 vse 07 571 3
15 40009 vse 07 572 13
15 40009 vsn 08 573 1
15 40009 vsn 08 574 12
15 40009 vsb 09 575 14
15 40009 vsb 09 576 13
15 40009 vsb 09 577 13
15 40009 vsb 09 578 1
15 40009 vsb 09 579 12
15 40009 vsb 09 580 1
15 40009 vsb 09 581 0
15 40009 vsb 09 582 13
15 40009 vsb 09 583 12
15 40009 vsb 09 584 13
15 40009 vsb 09 585 11
15 40009 vsb 09 586 1
15 40009 vsb 09 587 12
15 40009 vsb 09 588 11
15 40009 vsb 09 589 4
15 40009 vsb 09 590 0
15 40009 vsb 09 591 11
15 40009 vsb 09 592 1
15 40009 vsb 09 593 12
15 40009 vsb 09 594 9
15 40009 vsb 09 595 11
15 40009 vsb 09 596 12
15 40009 vsb 10 597 9
15 40009 vsb 10 598 4
15 40009 vse 11 599 9
15 40009 vse 11 600 12
15 40009 vse 11 601 5
15 40009 vse 11 602 9
15 40009 vse 11 603 10
15 40009 vse 11 604 11
15 40009 vse 11 605 5
15 40009 vse 11 606 8
15 40009 vsn 13 607 11
15 40009 vsn 13 608 4
15 40009 vsn 13 609 2
15 40009 vsn 13 610 6
15 40009 vsn 13 611 13
15 40009 vsn 13 612 13
15 40009 vsn 13 613 6
15 40009 vsn 13 614 11
15 40009 vsb 14 615 4
15 40009 vsb 14 616 11
15 40009 vsb 14 617 12
15 40009 vsb 14 618 12
15 40009 vsb 14 619 13
15 40009 vsb 14 620 12
15 40009 vse 15 621 0
15 40009 vse 15 622 2
15 40009 vse 15 623 10
15 40009 vse 16 624 8
15 40009 vse 16 625 4
15 40009 vse 16 626 10
15 40009 vse 16 627 5
15 40009 vse 16 628 2
15 40009 vse 16 629 0
15 40009 vse 16 630 11
15 40009 vse 16 631 0
15 40009 vse 16 632 4
15 40009 vse 16 633 9
15 40009 vsn 17 634 11
15 40009 vsn 17 635 4
15 40009 vsn 17 636 12
15 40009 vsn 17 637 4
15 40009 vsn 17 638 11
15 40009 vsn 17 639 4
15 40009 vsn 17 640 11
15 40009 vsb 18 641 13
15 40009 vsb 18 642 9
15 40009 vsb 18 643 2
15 40009 vsb 18 644 1
15 40009 vsb 19 645 3
15 40009 vsb 19 646 4
15 40009 vsb 19 647 12
15 40009 vsn 21 648 11
15 40009 vsn 21 649 12
15 40009 vsn 21 650 12
15 40009 vsn 21 651 13
15 40009 vsn 21 652 11
15 40009 vsn 21 653 0
15 40009 vsn 21 654 10
15 40009 vsn 21 655 0
15 40009 vsn 21 656 10
15 40009 vsn 21 657 4
15 40009 vsn 21 658 8
15 40009 vsn 22 659 5
15 40009 vsn 22 660 11
15 40009 vsn 22 661 12
15 40009 vsn 22 662 11
15 40009 vsn 22 663 11
15 40009 vsn 22 664 10
15 40009 vsn 22 665 10
15 40009 vsb 23 666 1
15 40009 vsb 23 667 3
15 40009 vsb 23 668 12
15 40009 vsb 23 669 9
15 40009 vsb 23 670 11
15 40009 vse 24 671 9
15 40009 vse 24 672 12
15 40009 vse 24 673 12
15 40009 vse 24 674 9
15 40009 vse 24 675 9
15 40009 vse 24 676 1
15 40009 vse 24 677 4
15 40009 vse 24 678 12
15 40009 vse 24 679 9
15 40009 vse 24 680 9
15 40009 vse 24 681 12
15 40009 vse 25 682 1
15 40009 vse 25 683 3
15 40009 vse 25 684 3
15 40009 vse 25 685 6
15 40009 vse 25 686 4
15 40009 vsn 26 687 8
15 40009 vsn 26 688 12
15 40009 vsn 26 689 4
15 40009 vsn 26 690 0
15 40009 vsn 26 691 4
15 40009 vsn 26 692 0
15 40009 vsn 26 693 4
15 40009 vsb 27 694 12
15 40009 vsb 27 695 6
15 40009 vsb 27 696 4
15 40009 vsb 27 697 2
15 40009 vsb 27 698 6
15 40009 vsb 27 699 8
15 40009 vsb 27 700 7
15 40009 vsb 27 701 6
15 40009 vsb 28 702 11
15 40009 vsb 28 703 11
15 40009 vsb 28 704 12
15 40009 vse 29 705 4
15 40009 vse 29 706 2
15 40009 vsn 30 707 9
15 40009 vsn 30 708 3
15 40009 vsn 30 709 9
15 40009 vsn 30 710 9
15 40009 vsn 30 711 11
15 40009 vsn 30 712 3
15 40009 vsn 30 713 9
15 40009 vsn 30 714 6
15 40009 vsn 30 715 12
15 40009 vsn 30 716 8
15 40009 vsn 30 717 11
15 40009 vsn 30 718 11
15 40009 vsn 31 719 11
15 40009 vsn 31 720 12
15 40009 vsn 31 721 9
15 40009 vsn 31 722 11
15 40009 vsn 31 723 12
15 40009 vsn 31 724 11
15 40009 vsb 32 725 9
15 40009 vsb 32 726 2
15 40009 vsb 32 727 8
15 40009 vsb 32 728 8
15 40009 vsb 32 729 7
15 40009 vsb 32 730 4
15 40009 vsb 32 731 1
15 40009 vsb 32 732 11
15 40009 vsb 32 733 9
15 40009 vsb 32 734 14
15 40009 vsb 32 735 9
15 40009 vsb 32 736 9
15 40009 vsb 32 737 9
15 40009 vsb 32 738 6
15 40009 vsb 32 739 8
15 40009 vsb 32 740 8
15 40009 vsb 32 741 1
15 40009 vsb 32 742 7
15 40009 vsb 32 743 9
15 40009 vse 33 744 4
15 40009 vse 33 745 4
15 40009 vse 33 746 8
15 40009 vse 33 747 10
15 40009 vse 33 748 11
15 40009 vse 33 749 6
15 40009 vse 33 750 11
15 40009 vse 33 751 4
15 40009 vse 33 752 4
15 40009 vse 33 753 6
15 40009 vse 33 754 11
15 40009 vse 33 755 4
15 40009 vse 33 756 13
15 40009 vse 33 757 6
15 40009 vse 33 758 10
15 40009 vse 33 759 11
15 40009 vse 33 760 4
15 40009 vse 33 761 4
15 40009 vse 33 762 10
15 40009 vse 33 763 8
15 40009 vse 33 764 4
15 40009 vse 33 765 4
15 40009 vse 33 766 11
15 40009 vse 33 767 1
15 40009 vse 33 768 6
15 40009 vse 33 769 4
15 40009 vse 34 770 2
15 40009 vse 34 771 2
15 40009 vse 34 772 9
15 40009 vse 34 773 13
15 40009 vse 34 774 2
15 40009 vse 34 775 13
15 40009 vse 34 776 13
15 40009 vse 34 777 2
15 40009 vse 34 778 11
15 40009 vse 34 779 2
15 40009 vse 34 780 13
15 40009 vse 34 781 11
15 40009 vsn 35 782 14
15 40009 vsn 35 783 12
15 40009 vsn 35 784 12
15 40009 vsn 35 785 12
15 40009 vsn 35 786 8
15 40009 vsn 35 787 8
15 40009 vsn 35 788 3
15 40009 vsn 35 789 5
15 40009 vsn 35 790 14
15 40009 vsn 35 791 9
15 40009 vsb 36 792 13
15 40009 vsb 36 793 8
15 40009 vsb 36 794 9
15 40009 vsb 36 795 12
15 40009 vsb 36 796 10
15 40009 vsb 36 797 11
15 40009 vsb 36 798 9
15 40009 vsb 37 799 2
15 40009 vsb 37 800 3
15 40009 vsb 37 801 7
15 40009 vsb 37 802 8
15 40009 vsb 37 803 12
15 40009 vsb 37 804 2
15 40009 vsb 37 805 7
15 40009 vsb 37 806 0
15 40009 vsb 37 807 1
15 40009 vsb 37 808 6
15 40009 vsb 37 809 9
15 40009 vsb 37 810 12
15 40009 vsb 37 811 7
15 40009 vsb 37 812 8
15 40048 vsb 03 734 4
15 40048 vsb 03 735 4
15 40048 vsb 03 736 7
15 40048 vsb 03 737 12
15 40048 vsb 03 738 4
15 40048 vsb 03 739 11
15 40048 vsb 03 740 5
15 40048 vsb 04 741 13
15 40048 vsb 04 742 2
15 40048 vsb 04 743 12
15 40048 vsb 04 744 13
15 40048 vsb 04 745 13
15 40048 vsb 04 746 13
15 40048 vsb 04 747 13
15 40048 vsb 04 748 13
15 40048 vsb 04 749 11
15 40048 vsb 04 750 13
15 40048 vsb 04 751 13
15 40048 vsb 04 752 3
15 40048 vsb 04 753 3
15 40048 vse 05 754 7
15 40048 vse 05 755 3
15 40048 vse 05 756 11
15 40048 vse 05 757 3
15 40048 vse 05 758 11
15 40048 vse 05 759 5
15 40048 vse 05 760 5
15 40048 vse 05 761 3
15 40048 vse 05 762 5
15 40048 vse 05 763 5
15 40048 vsn 06 764 11
15 40048 vsn 06 765 0
15 40048 vsn 06 766 3
15 40048 vsn 06 767 12
15 40048 vsn 06 768 12
15 40048 vsn 06 769 13
15 40048 vsn 06 770 12
15 40048 vsn 06 771 3
15 40048 vsn 06 772 12
15 40048 vsn 06 773 13
15 40048 vsn 06 774 12
15 40048 vsn 07 775 11
15 40048 vsn 07 776 0
15 40048 vsb 08 777 6
15 40048 vsb 08 778 14
15 40048 vsb 08 779 3
15 40048 vsb 08 780 4
15 40048 vsb 08 781 12
15 40048 vsb 08 782 13
15 40048 vsb 08 783 5
15 40048 vsb 08 784 14
15 40048 vsb 08 785 7
15 40048 vsb 08 786 13
15 40048 vse 09 787 2
15 40048 vse 09 788 13
15 40048 vse 09 789 11
15 40048 vse 09 790 0
15 40048 vse 09 791 9
15 40048 vse 09 792 10
15 40048 vse 09 793 11
15 40048 vse 09 794 11
15 40048 vse 09 795 3
15 40048 vse 09 796 13
15 40048 vse 09 797 4
15 40048 vse 09 798 3
15 40048 vse 09 799 0
15 40048 vse 09 800 11
15 40048 vse 09 801 11
15 40048 vse 09 802 3
15 40048 vse 09 803 13
15 40048 vse 09 804 4
15 40048 vse 09 805 3
15 40048 vse 09 806 13
15 40048 vse 09 807 14
15 40048 vse 09 808 11
15 40048 vse 09 809 3
15 40048 vse 09 810 0
15 40048 vse 09 811 12
15 40048 vse 09 812 12
15 40048 vse 09 813 2
15 40048 vse 09 814 9
15 40048 vse 09 815 9
15 40048 vse 09 816 13
15 40048 vse 09 817 3
15 40048 vse 09 818 3
15 40048 vse 09 819 3
15 40048 vse 09 820 0
15 40048 vse 09 821 12
15 40048 vse 09 822 0
15 40048 vse 09 823 9
15 40048 vse 09 824 0
15 40048 vse 09 825 3
15 40048 vse 09 826 13
15 40048 vse 09 827 3
15 40048 vse 09 828 12
15 40048 vse 09 829 12
15 40048 vse 09 830 2
15 40048 vse 09 831 3
15 40048 vse 09 832 9
15 40048 vse 09 833 9
15 40048 vse 09 834 13
15 40048 vse 09 835 3
15 40048 vse 10 836 14
15 40048 vse 10 837 12
15 40048 vse 10 838 5
15 40048 vse 10 839 3
15 40048 vse 10 840 3
15 40048 vse 10 841 0
15 40048 vse 10 842 2
15 40048 vsn 11 843 11
15 40048 vsn 11 844 7
15 40048 vsn 11 845 0
15 40048 vsn 11 846 10
15 40048 vsn 11 847 11
15 40048 vsn 11 848 13
15 40048 vsn 11 849 5
15 40048 vsb 13 850 8
15 40048 vsb 13 851 9
15 40048 vsb 13 852 13
15 40048 vsb 13 853 9
15 40048 vsb 13 854 3
15 40048 vsb 13 855 11
15 40048 vsb 13 856 3
15 40048 vsb 13 857 12
15 40048 vsb 13 858 3
15 40048 vsb 13 859 3
15 40048 vsb 13 860 3
15 40048 vsb 13 861 12
15 40048 vsb 13 862 3
15 40048 vsb 13 863 13
15 40048 vsb 13 864 12
15 40048 vsb 13 865 3
15 40048 vse 14 866 11
15 40048 vse 14 867 9
15 40048 vse 14 868 5
15 40048 vsn 15 869 3
15 40048 vsn 15 870 2
15 40048 vsn 15 871 2
15 40048 vsn 15 872 12
15 40048 vsn 15 873 14
15 40048 vsn 15 874 11
15 40048 vsn 15 875 12
15 40048 vsn 16 876 13
15 40048 vsn 16 877 13
15 40048 vsn 16 878 13
15 40048 vsb 17 879 5
15 40048 vsb 17 880 5
15 40048 vsb 17 881 3
15 40048 vsb 17 882 9
15 40048 vsb 17 883 0
15 40048 vsb 17 884 9
15 40048 vse 18 885 10
15 40048 vse 18 886 3
15 40048 vse 18 887 5
15 40048 vse 18 888 4
15 40048 vse 18 889 6
15 40048 vse 18 890 4
15 40048 vse 18 891 6
15 40048 vse 18 892 9
15 40048 vse 19 893 5
15 40048 vse 19 894 12
15 40048 vse 19 895 3
15 40048 vse 19 896 3
15 40048 vse 19 897 12
15 40048 vse 19 898 3
15 40048 vse 19 899 3
15 40048 vse 19 900 5
15 40048 vse 19 901 0
15 40048 vse 19 902 2
15 40048 vse 19 903 7
15 40048 vse 19 904 5
15 40048 vse 19 905 5
15 40048 vse 19 906 5
15 40048 vse 19 907 0
15 40048 vse 19 908 5
15 40048 vse 19 909 0
15 40048 vsn 20 910 4
15 40048 vsn 20 911 7
15 40048 vsn 20 912 11
15 40048 vsn 20 913 5
15 40048 vsn 20 914 10
15 40048 vsn 20 915 5
15 40048 vsb 21 916 3
15 40048 vsb 21 917 4
15 40048 vsb 21 918 5
15 40048 vsb 21 919 12
15 40048 vsb 21 920 3
15 40048 vsb 21 921 11
15 40048 vsb 21 922 9
15 40048 vsb 21 923 3
15 40048 vsb 21 924 14
15 40048 vsb 21 925 11
15 40048 vsb 21 926 3
15 40048 vsb 21 927 11
15 40048 vsb 22 928 5
15 40048 vsb 22 929 5
15 40048 vsb 22 930 4
15 40048 vsb 22 931 0
15 40048 vsb 22 932 3
15 40048 vsb 22 933 9
15 40048 vse 23 934 13
15 40048 vse 23 935 13
15 40048 vse 23 936 2
15 40048 vse 23 937 12
15 40048 vse 23 938 2
15 40048 vsn 24 939 10
15 40048 vsn 24 940 11
15 40048 vsn 24 941 10
15 40048 vsn 24 942 11
15 40048 vsn 24 943 12
15 40048 vsn 24 944 1
15 40048 vsn 24 945 1
15 40048 vsn 24 946 7
15 40048 vsn 24 947 14
15 40048 vsn 24 948 3
15 40048 vsn 24 949 1
15 40048 vsn 25 950 2
15 40048 vsn 25 951 12
15 40048 vsn 25 952 9
15 40048 vsn 25 953 9
15 40048 vsn 25 954 10
15 40048 vsn 25 955 11
15 40048 vsn 25 956 0
15 40048 vsn 25 957 0
15 40048 vsn 25 958 11
15 40048 vsb 26 959 5
15 40048 vsb 26 960 13
15 40048 vsb 26 961 10
15 40048 vsb 26 962 13
15 40048 vsb 26 963 13
15 40048 vsb 26 964 11
15 40048 vsb 26 965 0
15 40048 vse 27 966 3
15 40048 vse 27 967 0
15 40048 vse 27 968 14
15 40048 vse 27 969 3
15 40048 vse 27 970 12
15 40048 vse 27 971 10
15 40048 vse 27 972 9
15 40048 vse 27 973 11
15 40048 vse 28 974 14
15 40048 vse 28 975 14
15 40048 vse 28 976 9
15 40048 vse 28 977 10
15 40048 vse 28 978 4
15 40048 vse 28 979 4
15 40048 vse 28 980 10
15 40048 vse 28 981 10
15 40048 vse 28 982 12
15 40048 vse 28 983 10
15 40048 vse 28 984 4
15 40048 vse 28 985 10
15 40048 vse 28 986 4
15 40048 vsn 29 987 3
15 40048 vsn 29 988 11
15 40048 vsb 30 989 0
15 40048 vsb 30 990 12
15 40048 vsb 30 991 13
15 40048 vsb 30 992 3
15 40048 vsb 30 993 3
15 40048 vsb 30 994 3
15 40048 vsb 30 995 11
15 40048 vsb 30 996 11
15 40048 vsb 30 997 12
15 40048 vsb 30 998 0
15 40048 vsb 31 999 13
15 40048 vsb 31 1000 14
15 40048 vsb 31 1001 12
15 40048 vsb 31 1002 3
15 40048 vsb 31 1003 3
15 40048 vsb 31 1004 0
15 40048 vsb 31 1005 2
15 40048 vse 32 1006 4
15 40048 vse 32 1007 4
15 40048 vse 32 1008 12
15 40048 vse 32 1009 10
15 40048 vse 32 1010 12
15 40048 vse 32 1011 12
15 40048 vse 32 1012 11
15 40048 vse 32 1013 11
15 40048 vse 32 1014 11
15 40048 vse 32 1015 5
15 40048 vse 32 1016 11
15 40048 vse 32 1017 11
15 40048 vsn 33 1018 11
15 40048 vsn 33 1019 11
15 40048 vsn 33 1020 3
15 40048 vsn 33 1021 3
15 40048 vsn 33 1022 5
15 40048 vsn 33 1023 12
15 40048 vsn 33 1024 3
15 40048 vsn 33 1025 5
15 40048 vsn 33 1026 0
15 40048 vsn 34 1027 5
15 40048 vsn 34 1028 9
15 40048 vsn 34 1029 12
15 40048 vsn 34 1030 3
15 40048 vsn 34 1031 10
15 40048 vsn 34 1032 2
15 40048 vsn 34 1033 4
15 40048 vsn 34 1034 0
15 40048 vsn 34 1035 2
15 40048 vsn 34 1036 4
15 40048 vsb 35 1037 6
15 40048 vsb 35 1038 3
15 40048 vsb 35 1039 4
15 40048 vsb 35 1040 12
15 40048 vsb 35 1041 6
15 40048 vsb 35 1042 11
15 40048 vsb 35 1043 5
15 40048 vsb 35 1044 9
15 40048 vsb 35 1045 2
15 40048 vsb 35 1046 3
15 40048 vsb 35 1047 0
15 40048 vsb 35 1048 9
15 40048 vse 36 1049 3
15 40048 vse 36 1050 3
15 40048 vse 36 1051 3
15 40048 vse 36 1052 1
15 40048 vse 36 1053 2
15 40048 vse 36 1054 11
15 40048 vse 36 1055 3
15 40048 vse 36 1056 3
15 40048 vse 36 1057 5
15 40048 vse 36 1058 3
15 40048 vse 36 1059 3
15 40048 vse 37 1060 3
15 40048 vse 37 1061 0
15 40048 vse 37 1062 0
15 40048 vse 37 1063 14
15 40048 vse 37 1064 1
15 40048 vse 37 1065 5
15 40048 vse 37 1066 11
15 40048 vse 37 1067 5
15 40048 vse 37 1068 5
15 40048 vse 37 1069 7
15 40048 vse 37 1070 3
15 40048 vse 37 1071 11
15 40048 vse 37 1072 5
15 40048 vse 37 1073 11
15 40048 vse 37 1074 5
15 40021 vse 03 1455 13
15 40021 vse 03 1456 13
15 40021 vse 03 1457 4
15 40021 vse 03 1458 14
15 40021 vse 03 1459 13
15 40021 vse 04 1460 5
15 40021 vse 04 1461 5
15 40021 vsn 05 1462 7
15 40021 vsn 05 1463 13
15 40021 vsn 05 1464 7
15 40021 vsn 05 1465 13
15 40021 vsn 05 1466 7
15 40021 vsn 05 1467 13
15 40021 vsn 05 1468 7
15 40021 vsn 05 1469 13
15 40021 vsn 05 1470 13
15 40021 vsn 05 1471 10
15 40021 vsn 05 1472 7
15 40021 vsn 05 1473 5
15 40021 vsn 05 1474 10
15 40021 vsn 05 1475 2
15 40021 vsn 05 1476 10
15 40021 vsn 05 1477 10
15 40021 vsb 06 1478 6
15 40021 vsb 06 1479 6
15 40021 vsb 06 1480 5
15 40021 vsb 06 1481 5
15 40021 vsb 06 1482 1
15 40021 vsb 06 1483 14
15 40021 vsb 06 1484 3
15 40021 vsb 06 1485 3
15 40021 vsb 06 1486 6
15 40021 vsb 06 1487 12
15 40021 vsb 07 1488 13
15 40021 vsb 07 1489 13
15 40021 vsb 07 1490 12
15 40021 vse 08 1491 12
15 40021 vse 08 1492 12
15 40021 vsn 09 1493 5
15 40021 vsn 09 1494 5
15 40021 vsn 09 1495 5
15 40021 vsn 09 1496 0
15 40021 vsn 09 1497 10
15 40021 vsn 09 1498 13
15 40021 vsn 09 1499 0
15 40021 vsn 09 1500 5
15 40021 vsn 09 1501 14
15 40021 vsn 09 1502 6
15 40021 vsn 09 1503 5
15 40021 vsn 09 1504 3
15 40021 vsn 09 1505 5
15 40021 vsn 09 1506 5
15 40021 vsn 09 1507 3
15 40021 vsb 11 1508 13
15 40021 vsb 11 1509 10
15 40021 vsb 11 1510 13
15 40021 vsb 11 1511 14
15 40021 vsb 11 1512 11
15 40021 vsb 11 1513 14
15 40021 vsb 11 1514 11
15 40021 vsb 11 1515 13
15 40021 vsb 11 1516 14
15 40021 vsb 11 1517 13
15 40021 vsb 11 1518 13
15 40021 vsb 11 1519 13
15 40021 vse 13 1520 13
15 40021 vse 13 1521 13
15 40021 vsn 14 1522 13
15 40021 vsn 14 1523 6
15 40021 vsn 14 1524 8
15 40021 vsn 14 1525 8
15 40021 vsn 14 1526 3
15 40021 vsn 14 1527 14
15 40021 vsn 14 1528 13
15 40021 vsn 14 1529 3
15 40021 vsn 14 1530 14
15 40021 vsn 14 1531 14
15 40021 vsb 15 1532 14
15 40021 vsb 15 1533 14
15 40021 vsb 15 1534 5
15 40021 vsb 15 1535 0
15 40021 vsb 15 1536 7
15 40021 vsb 15 1537 4
15 40021 vsb 15 1538 6
15 40021 vsb 15 1539 4
15 40021 vsb 15 1540 6
15 40021 vsb 15 1541 4
15 40021 vsb 15 1542 1
15 40021 vsb 15 1543 10
15 40021 vsb 15 1544 10
15 40021 vsb 15 1545 9
15 40021 vsb 15 1546 3
15 40021 vsb 16 1547 13
15 40021 vsb 16 1548 13
15 40021 vsb 16 1549 1
15 40021 vsb 16 1550 14
15 40021 vsb 16 1551 13
15 40021 vsb 16 1552 13
15 40021 vsb 16 1553 13
15 40021 vsb 16 1554 13
15 40021 vse 17 1555 5
15 40021 vse 17 1556 1
15 40021 vse 17 1557 10
15 40021 vse 17 1558 5
15 40021 vse 17 1559 5
15 40021 vse 17 1560 1
15 40021 vse 17 1561 13
15 40021 vse 17 1562 10
15 40021 vse 17 1563 1
15 40021 vse 17 1564 10
15 40021 vse 17 1565 1
15 40021 vse 17 1566 10
15 40021 vsn 18 1567 2
15 40021 vsn 18 1568 9
15 40021 vsn 18 1569 2
15 40021 vsn 18 1570 10
15 40021 vsn 18 1571 10
15 40021 vsn 18 1572 13
15 40021 vsn 18 1573 14
15 40021 vsn 18 1574 10
15 40021 vsn 18 1575 10
15 40021 vsn 18 1576 14
15 40021 vsn 18 1577 14
15 40021 vsn 19 1578 7
15 40021 vsn 19 1579 11
15 40021 vsn 19 1580 14
15 40021 vsn 19 1581 12
15 40021 vsn 19 1582 11
15 40021 vsn 19 1583 12
15 40021 vsn 19 1584 10
15 40021 vsn 19 1585 11
15 40021 vsn 19 1586 14
15 40021 vsn 19 1587 12
15 40021 vsn 19 1588 1
15 40021 vsn 19 1589 7
15 40021 vsn 19 1590 14
15 40021 vsn 19 1591 1
15 40021 vsn 19 1592 12
15 40021 vsn 19 1593 2
15 40021 vsn 19 1594 13
15 40021 vsn 19 1595 14
15 40021 vsb 20 1596 5
15 40021 vsb 20 1597 14
15 40021 vsb 20 1598 14
15 40021 vsb 20 1599 14
15 40021 vsb 20 1600 5
15 40021 vsb 20 1601 10
15 40021 vsb 20 1602 5
15 40021 vsb 20 1603 14
15 40021 vse 21 1604 0
15 40021 vse 21 1605 11
15 40021 vse 21 1606 11
15 40021 vse 21 1607 11
15 40021 vse 21 1608 13
15 40021 vse 21 1609 13
15 40021 vse 21 1610 7
15 40021 vse 21 1611 6
15 40021 vse 21 1612 6
15 40021 vse 21 1613 5
15 40021 vse 21 1614 13
15 40021 vse 21 1615 14
15 40021 vse 21 1616 14
15 40021 vse 21 1617 13
15 40021 vse 21 1618 14
15 40021 vse 21 1619 6
15 40021 vse 21 1620 14
15 40021 vse 22 1621 13
15 40021 vse 22 1622 13
15 40021 vse 22 1623 1
15 40021 vse 22 1624 13
15 40021 vse 22 1625 4
15 40021 vse 22 1626 13
15 40021 vse 22 1627 11
15 40021 vsn 23 1628 6
15 40021 vsn 23 1629 13
15 40021 vsn 23 1630 10
15 40021 vsn 23 1631 6
15 40021 vsn 23 1632 14
15 40021 vsn 23 1633 1
15 40021 vsn 23 1634 1
15 40021 vsn 23 1635 13
15 40021 vsn 23 1636 1
15 40021 vsn 23 1637 3
15 40021 vsn 23 1638 13
15 40021 vsb 24 1639 5
15 40021 vsb 24 1640 5
15 40021 vsb 24 1641 14
15 40021 vsb 24 1642 14
15 40021 vsb 24 1643 5
15 40021 vsb 24 1644 13
15 40021 vsb 25 1645 4
15 40021 vsb 25 1646 14
15 40021 vsb 25 1647 13
15 40021 vsb 25 1648 13
15 40021 vsb 25 1649 12
15 40021 vsb 25 1650 13
15 40021 vsb 25 1651 14
15 40021 vsb 25 1652 13
15 40021 vsb 25 1653 13
15 40021 vse 26 1654 1
15 40021 vsn 27 1655 11
15 40021 vsn 27 1656 10
15 40021 vsn 28 1657 13
15 40021 vsn 28 1658 13
15 40021 vsn 28 1659 14
15 40021 vsn 28 1660 14
15 40021 vsn 28 1661 14
15 40021 vsn 28 1662 14
15 40021 vsn 28 1663 14
15 40021 vsb 29 1664 1
15 40021 vsb 29 1665 1
15 40021 vsb 29 1666 1
15 40021 vsb 29 1667 1
15 40021 vsb 29 1668 1
15 40021 vsb 29 1669 1
15 40021 vsb 29 1670 1
15 40021 vsb 29 1671 1
15 40021 vsb 29 1672 1
15 40021 vsb 29 1673 10
15 40021 vse 30 1674 3
15 40021 vse 30 1675 13
15 40021 vse 30 1676 12
15 40021 vse 30 1677 4
15 40021 vse 30 1678 13
15 40021 vse 30 1679 3
15 40021 vse 30 1680 7
15 40021 vse 30 1681 12
15 40021 vse 30 1682 4
15 40021 vse 30 1683 5
15 40021 vse 31 1684 13
15 40021 vse 31 1685 6
15 40021 vse 31 1686 3
15 40021 vse 31 1687 4
15 40021 vse 31 1688 5
15 40021 vse 31 1689 13
15 40021 vse 31 1690 3
15 40021 vsn 32 1691 7
15 40021 vsn 32 1692 6
15 40021 vsn 32 1693 7
15 40021 vsn 32 1694 7
15 40021 vsn 32 1695 3
15 40021 vsn 32 1696 14
15 40021 vsn 32 1697 4
15 40021 vsn 32 1698 13
15 40021 vsn 32 1699 1
15 40021 vsn 32 1700 0
15 40021 vsn 32 1701 5
15 40021 vsn 32 1702 3
15 40021 vsn 32 1703 13
15 40021 vsn 32 1704 3
15 40021 vsn 32 1705 13
15 40021 vsb 33 1706 14
15 40021 vsb 33 1707 5
15 40021 vsb 33 1708 7
15 40021 vsb 33 1709 0
15 40021 vsb 33 1710 4
15 40021 vsb 33 1711 6
15 40021 vsb 33 1712 14
15 40021 vsb 33 1713 6
15 40021 vsb 33 1714 13
15 40021 vsb 33 1715 3
15 40021 vsb 33 1716 13
15 40021 vsb 33 1717 10
15 40021 vsb 34 1718 13
15 40021 vsb 34 1719 5
15 40021 vsb 34 1720 12
15 40021 vsb 34 1721 10
15 40021 vsb 34 1722 13
15 40021 vsb 34 1723 14
15 40021 vsb 34 1724 3
15 40021 vsb 34 1725 10
15 40021 vsb 34 1726 3
15 40021 vse 35 1727 11
15 40021 vse 35 1728 12
15 40021 vse 35 1729 6
15 40021 vse 35 1730 11
15 40021 vse 35 1731 4
15 40021 vse 35 1732 10
15 40021 vse 35 1733 10
15 40021 vsn 36 1734 13
15 40021 vsn 36 1735 14
15 40021 vsn 36 1736 6
15 40021 vsn 36 1737 13
15 40021 vsn 36 1738 1
15 40021 vsn 36 1739 14
15 40021 vsn 36 1740 6
15 40021 vsn 36 1741 1
15 40021 vsn 36 1742 6
15 40021 vsn 36 1743 13
15 40021 vsn 36 1744 3
15 40021 vsn 36 1745 3
15 40021 vsn 36 1746 3
15 40021 vsn 37 1747 5
15 40021 vsn 37 1748 9
15 40021 vsn 37 1749 6
15 40021 vsn 37 1750 7
15 40021 vsn 37 1751 6
15 40021 vsn 37 1752 6
15 40021 vsn 37 1753 13
15 40021 vsn 37 1754 5
15 40021 vsn 37 1755 7
15 40021 vsn 37 1756 4
15 40021 vsn 37 1757 10
15 40021 vsn 37 1758 13
15 40021 vsn 37 1759 10
15 40021 vsn 37 1760 12
15 40021 vsn 37 1761 14
15 40021 vsn 37 1762 10
15 40021 vsn 37 1763 13
15 40021 vsn 37 1764 7
15 40021 vsn 37 1765 5
15 40021 vsn 37 1766 5
15 40021 vsn 37 1767 14
15 40021 vsn 37 1768 14
15 40021 vsn 37 1769 14
15 40021 vsn 37 1770 0
15 40021 vsn 37 1771 12
15 40021 vsn 37 1772 14
15 40021 vsn 37 1773 5
15 40021 vsn 37 1774 12
15 40021 vsn 37 1775 5
20 40009 vsn 03 535 5
20 40009 vsn 03 536 10
20 40009 vsn 03 537 10
20 40009 vsn 03 538 10
20 40009 vsn 03 539 12
20 40009 vsn 03 540 11
20 40009 vsn 03 541 5
20 40009 vsn 03 542 12
20 40009 vsn 03 543 12
20 40009 vsn 03 544 11
20 40009 vsn 04 545 7
20 40009 vsn 04 546 0
20 40009 vsn 04 547 7
20 40009 vsn 04 548 7
20 40009 vsn 04 549 0
20 40009 vse 06 550 14
20 40009 vse 06 551 11
20 40009 vse 06 552 17
20 40009 vse 06 553 17
20 40009 vse 06 554 11
20 40009 vse 06 555 14
20 40009 vse 06 556 3
20 40009 vse 06 557 5
20 40009 vse 06 558 4
20 40009 vse 06 559 15
20 40009 vse 06 560 17
20 40009 vse 06 561 17
20 40009 vse 06 562 17
20 40009 vse 06 563 7
20 40009 vse 06 564 11
20 40009 vse 06 565 3
20 40009 vse 06 566 7
20 40009 vse 06 567 15
20 40009 vse 06 568 15
20 40009 vse 06 569 6
20 40009 vse 06 570 4
20 40009 vse 07 571 2
20 40009 vse 07 572 4
20 40009 vsn 08 573 19
20 40009 vsn 08 574 8
20 40009 vsb 09 575 9
20 40009 vsb 09 576 5
20 40009 vsb 09 577 11
20 40009 vsb 09 578 19
20 40009 vsb 09 579 6
20 40009 vsb 09 580 19
20 40009 vsb 09 581 5
20 40009 vsb 09 582 5
20 40009 vsb 09 583 6
20 40009 vsb 09 584 5
20 40009 vsb 09 585 6
20 40009 vsb 09 586 19
20 40009 vsb 09 587 6
20 40009 vsb 09 588 6
20 40009 vsb 09 589 11
20 40009 vsb 09 590 5
20 40009 vsb 09 591 6
20 40009 vsb 09 592 19
20 40009 vsb 09 593 11
20 40009 vsb 09 594 15
20 40009 vsb 09 595 6
20 40009 vsb 09 596 11
20 40009 vsb 10 597 15
20 40009 vsb 10 598 16
20 40009 vse 11 599 15
20 40009 vse 11 600 6
20 40009 vse 11 601 13
20 40009 vse 11 602 15
20 40009 vse 11 603 5
20 40009 vse 11 604 6
20 40009 vse 11 605 1
20 40009 vse 11 606 13
20 40009 vsn 13 607 6
20 40009 vsn 13 608 8
20 40009 vsn 13 609 5
20 40009 vsn 13 610 6
20 40009 vsn 13 611 4
20 40009 vsn 13 612 4
20 40009 vsn 13 613 6
20 40009 vsn 13 614 6
20 40009 vsb 14 615 5
20 40009 vsb 14 616 12
20 40009 vsb 14 617 6
20 40009 vsb 14 618 6
20 40009 vsb 14 619 5
20 40009 vsb 14 620 6
20 40009 vse 15 621 5
20 40009 vse 15 622 14
20 40009 vse 15 623 3
20 40009 vse 16 624 7
20 40009 vse 16 625 8
20 40009 vse 16 626 3
20 40009 vse 16 627 13
20 40009 vse 16 628 5
20 40009 vse 16 629 16
20 40009 vse 16 630 7
20 40009 vse 16 631 16
20 40009 vse 16 632 15
20 40009 vse 16 633 15
20 40009 vsn 17 634 7
20 40009 vsn 17 635 16
20 40009 vsn 17 636 6
20 40009 vsn 17 637 16
20 40009 vsn 17 638 6
20 40009 vsn 17 639 16
20 40009 vsn 17 640 7
20 40009 vsb 18 641 5
20 40009 vsb 18 642 15
20 40009 vsb 18 643 14
20 40009 vsb 18 644 10
20 40009 vsb 19 645 18
20 40009 vsb 19 646 15
20 40009 vsb 19 647 6
20 40009 vsn 21 648 7
20 40009 vsn 21 649 6
20 40009 vsn 21 650 6
20 40009 vsn 21 651 10
20 40009 vsn 21 652 7
20 40009 vsn 21 653 5
20 40009 vsn 21 654 5
20 40009 vsn 21 655 5
20 40009 vsn 21 656 3
20 40009 vsn 21 657 16
20 40009 vsn 21 658 16
20 40009 vsn 22 659 13
20 40009 vsn 22 660 6
20 40009 vsn 22 661 18
20 40009 vsn 22 662 6
20 40009 vsn 22 663 10
20 40009 vsn 22 664 17
20 40009 vsn 22 665 3
20 40009 vsb 23 666 9
20 40009 vsb 23 667 18
20 40009 vsb 23 668 6
20 40009 vsb 23 669 15
20 40009 vsb 23 670 13
20 40009 vse 24 671 15
20 40009 vse 24 672 6
20 40009 vse 24 673 6
20 40009 vse 24 674 15
20 40009 vse 24 675 15
20 40009 vse 24 676 3
20 40009 vse 24 677 8
20 40009 vse 24 678 6
20 40009 vse 24 679 15
20 40009 vse 24 680 15
20 40009 vse 24 681 6
20 40009 vse 25 682 19
20 40009 vse 25 683 18
20 40009 vse 25 684 18
20 40009 vse 25 685 1
20 40009 vse 25 686 16
20 40009 vsn 26 687 3
20 40009 vsn 26 688 6
20 40009 vsn 26 689 16
20 40009 vsn 26 690 5
20 40009 vsn 26 691 16
20 40009 vsn 26 692 5
20 40009 vsn 26 693 16
20 40009 vsb 27 694 8
20 40009 vsb 27 695 15
20 40009 vsb 27 696 8
20 40009 vsb 27 697 14
20 40009 vsb 27 698 15
20 40009 vsb 27 699 19
20 40009 vsb 27 700 4
20 40009 vsb 27 701 7
20 40009 vsb 28 702 7
20 40009 vsb 28 703 6
20 40009 vsb 28 704 6
20 40009 vse 29 705 16
20 40009 vse 29 706 5
20 40009 vsn 30 707 15
20 40009 vsn 30 708 18
20 40009 vsn 30 709 15
20 40009 vsn 30 710 15
20 40009 vsn 30 711 6
20 40009 vsn 30 712 18
20 40009 vsn 30 713 15
20 40009 vsn 30 714 17
20 40009 vsn 30 715 6
20 40009 vsn 30 716 7
20 40009 vsn 30 717 6
20 40009 vsn 30 718 6
20 40009 vsn 31 719 6
20 40009 vsn 31 720 6
20 40009 vsn 31 721 9
20 40009 vsn 31 722 6
20 40009 vsn 31 723 6
20 40009 vsn 31 724 7
20 40009 vsb 32 725 12
20 40009 vsb 32 726 5
20 40009 vsb 32 727 19
20 40009 vsb 32 728 19
20 40009 vsb 32 729 0
20 40009 vsb 32 730 16
20 40009 vsb 32 731 19
20 40009 vsb 32 732 3
20 40009 vsb 32 733 15
20 40009 vsb 32 734 9
20 40009 vsb 32 735 12
20 40009 vsb 32 736 15
20 40009 vsb 32 737 12
20 40009 vsb 32 738 1
20 40009 vsb 32 739 0
20 40009 vsb 32 740 9
20 40009 vsb 32 741 19
20 40009 vsb 32 742 4
20 40009 vsb 32 743 15
20 40009 vse 33 744 16
20 40009 vse 33 745 10
20 40009 vse 33 746 16
20 40009 vse 33 747 3
20 40009 vse 33 748 12
20 40009 vse 33 749 6
20 40009 vse 33 750 12
20 40009 vse 33 751 16
20 40009 vse 33 752 10
20 40009 vse 33 753 6
20 40009 vse 33 754 12
20 40009 vse 33 755 16
20 40009 vse 33 756 11
20 40009 vse 33 757 1
20 40009 vse 33 758 3
20 40009 vse 33 759 6
20 40009 vse 33 760 16
20 40009 vse 33 761 8
20 40009 vse 33 762 3
20 40009 vse 33 763 16
20 40009 vse 33 764 10
20 40009 vse 33 765 16
20 40009 vse 33 766 6
20 40009 vse 33 767 17
20 40009 vse 33 768 1
20 40009 vse 33 769 8
20 40009 vse 34 770 5
20 40009 vse 34 771 5
20 40009 vse 34 772 2
20 40009 vse 34 773 1
20 40009 vse 34 774 5
20 40009 vse 34 775 1
20 40009 vse 34 776 1
20 40009 vse 34 777 5
20 40009 vse 34 778 6
20 40009 vse 34 779 5
20 40009 vse 34 780 1
20 40009 vse 34 781 7
20 40009 vsn 35 782 19
20 40009 vsn 35 783 6
20 40009 vsn 35 784 13
20 40009 vsn 35 785 0
20 40009 vsn 35 786 7
20 40009 vsn 35 787 7
20 40009 vsn 35 788 18
20 40009 vsn 35 789 1
20 40009 vsn 35 790 7
20 40009 vsn 35 791 15
20 40009 vsb 36 792 11
20 40009 vsb 36 793 19
20 40009 vsb 36 794 15
20 40009 vsb 36 795 6
20 40009 vsb 36 796 3
20 40009 vsb 36 797 7
20 40009 vsb 36 798 15
20 40009 vsb 37 799 7
20 40009 vsb 37 800 18
20 40009 vsb 37 801 4
20 40009 vsb 37 802 7
20 40009 vsb 37 803 6
20 40009 vsb 37 804 7
20 40009 vsb 37 805 4
20 40009 vsb 37 806 19
20 40009 vsb 37 807 13
20 40009 vsb 37 808 17
20 40009 vsb 37 809 15
20 40009 vsb 37 810 6
20 40009 vsb 37 811 0
20 40009 vsb 37 812 7
20 40048 vsb 03 734 3
20 40048 vsb 03 735 6
20 40048 vsb 03 736 9
20 40048 vsb 03 737 4
20 40048 vsb 03 738 6
20 40048 vsb 03 739 1
20 40048 vsb 03 740 18
20 40048 vsb 04 741 3
20 40048 vsb 04 742 10
20 40048 vsb 04 743 4
20 40048 vsb 04 744 3
20 40048 vsb 04 745 11
20 40048 vsb 04 746 11
20 40048 vsb 04 747 11
20 40048 vsb 04 748 11
20 40048 vsb 04 749 4
20 40048 vsb 04 750 11
20 40048 vsb 04 751 11
20 40048 vsb 04 752 13
20 40048 vsb 04 753 18
20 40048 vse 05 754 10
20 40048 vse 05 755 13
20 40048 vse 05 756 1
20 40048 vse 05 757 7
20 40048 vse 05 758 1
20 40048 vse 05 759 2
20 40048 vse 05 760 18
20 40048 vse 05 761 13
20 40048 vse 05 762 18
20 40048 vse 05 763 18
20 40048 vsn 06 764 1
20 40048 vsn 06 765 0
20 40048 vsn 06 766 13
20 40048 vsn 06 767 12
20 40048 vsn 06 768 0
20 40048 vsn 06 769 11
20 40048 vsn 06 770 0
20 40048 vsn 06 771 18
20 40048 vsn 06 772 0
20 40048 vsn 06 773 11
20 40048 vsn 06 774 0
20 40048 vsn 07 775 1
20 40048 vsn 07 776 14
20 40048 vsb 08 777 0
20 40048 vsb 08 778 7
20 40048 vsb 08 779 13
20 40048 vsb 08 780 6
20 40048 vsb 08 781 7
20 40048 vsb 08 782 1
20 40048 vsb 08 783 18
20 40048 vsb 08 784 4
20 40048 vsb 08 785 10
20 40048 vsb 08 786 9
20 40048 vse 09 787 10
20 40048 vse 09 788 8
20 40048 vse 09 789 2
20 40048 vse 09 790 15
20 40048 vse 09 791 4
20 40048 vse 09 792 2
20 40048 vse 09 793 1
20 40048 vse 09 794 11
20 40048 vse 09 795 13
20 40048 vse 09 796 11
20 40048 vse 09 797 3
20 40048 vse 09 798 7
20 40048 vse 09 799 15
20 40048 vse 09 800 1
20 40048 vse 09 801 11
20 40048 vse 09 802 13
20 40048 vse 09 803 11
20 40048 vse 09 804 3
20 40048 vse 09 805 7
20 40048 vse 09 806 8
20 40048 vse 09 807 11
20 40048 vse 09 808 11
20 40048 vse 09 809 13
20 40048 vse 09 810 14
20 40048 vse 09 811 4
20 40048 vse 09 812 4
20 40048 vse 09 813 16
20 40048 vse 09 814 2
20 40048 vse 09 815 0
20 40048 vse 09 816 7
20 40048 vse 09 817 18
20 40048 vse 09 818 13
20 40048 vse 09 819 13
20 40048 vse 09 820 14
20 40048 vse 09 821 8
20 40048 vse 09 822 18
20 40048 vse 09 823 4
20 40048 vse 09 824 14
20 40048 vse 09 825 0
20 40048 vse 09 826 7
20 40048 vse 09 827 18
20 40048 vse 09 828 4
20 40048 vse 09 829 4
20 40048 vse 09 830 16
20 40048 vse 09 831 0
20 40048 vse 09 832 2
20 40048 vse 09 833 0
20 40048 vse 09 834 7
20 40048 vse 09 835 18
20 40048 vse 10 836 11
20 40048 vse 10 837 5
20 40048 vse 10 838 18
20 40048 vse 10 839 13
20 40048 vse 10 840 13
20 40048 vse 10 841 9
20 40048 vse 10 842 10
20 40048 vsn 11 843 4
20 40048 vsn 11 844 4
20 40048 vsn 11 845 14
20 40048 vsn 11 846 8
20 40048 vsn 11 847 1
20 40048 vsn 11 848 13
20 40048 vsn 11 849 2
20 40048 vsb 13 850 15
20 40048 vsb 13 851 12
20 40048 vsb 13 852 1
20 40048 vsb 13 853 12
20 40048 vsb 13 854 13
20 40048 vsb 13 855 1
20 40048 vsb 13 856 13
20 40048 vsb 13 857 18
20 40048 vsb 13 858 18
20 40048 vsb 13 859 13
20 40048 vsb 13 860 13
20 40048 vsb 13 861 18
20 40048 vsb 13 862 18
20 40048 vsb 13 863 1
20 40048 vsb 13 864 18
20 40048 vsb 13 865 18
20 40048 vse 14 866 8
20 40048 vse 14 867 5
20 40048 vse 14 868 2
20 40048 vsn 15 869 13
20 40048 vsn 15 870 16
20 40048 vsn 15 871 10
20 40048 vsn 15 872 8
20 40048 vsn 15 873 7
20 40048 vsn 15 874 2
20 40048 vsn 15 875 8
20 40048 vsn 16 876 9
20 40048 vsn 16 877 7
20 40048 vsn 16 878 7
20 40048 vsb 17 879 18
20 40048 vsb 17 880 18
20 40048 vsb 17 881 13
20 40048 vsb 17 882 0
20 40048 vsb 17 883 14
20 40048 vsb 17 884 0
20 40048 vse 18 885 8
20 40048 vse 18 886 0
20 40048 vse 18 887 8
20 40048 vse 18 888 9
20 40048 vse 18 889 0
20 40048 vse 18 890 6
20 40048 vse 18 891 0
20 40048 vse 18 892 0
20 40048 vse 19 893 18
20 40048 vse 19 894 2
20 40048 vse 19 895 13
20 40048 vse 19 896 13
20 40048 vse 19 897 0
20 40048 vse 19 898 13
20 40048 vse 19 899 7
20 40048 vse 19 900 2
20 40048 vse 19 901 9
20 40048 vse 19 902 10
20 40048 vse 19 903 10
20 40048 vse 19 904 2
20 40048 vse 19 905 18
20 40048 vse 19 906 2
20 40048 vse 19 907 9
20 40048 vse 19 908 2
20 40048 vse 19 909 9
20 40048 vsn 20 910 6
20 40048 vsn 20 911 9
20 40048 vsn 20 912 1
20 40048 vsn 20 913 18
20 40048 vsn 20 914 14
20 40048 vsn 20 915 18
20 40048 vsb 21 916 6
20 40048 vsb 21 917 3
20 40048 vsb 21 918 2
20 40048 vsb 21 919 12
20 40048 vsb 21 920 9
20 40048 vsb 21 921 1
20 40048 vsb 21 922 4
20 40048 vsb 21 923 13
20 40048 vsb 21 924 0
20 40048 vsb 21 925 4
20 40048 vsb 21 926 9
20 40048 vsb 21 927 1
20 40048 vsb 22 928 8
20 40048 vsb 22 929 5
20 40048 vsb 22 930 3
20 40048 vsb 22 931 14
20 40048 vsb 22 932 13
20 40048 vsb 22 933 2
20 40048 vse 23 934 1
20 40048 vse 23 935 13
20 40048 vse 23 936 16
20 40048 vse 23 937 4
20 40048 vse 23 938 16
20 40048 vsn 24 939 2
20 40048 vsn 24 940 1
20 40048 vsn 24 941 2
20 40048 vsn 24 942 1
20 40048 vsn 24 943 9
20 40048 vsn 24 944 6
20 40048 vsn 24 945 12
20 40048 vsn 24 946 10
20 40048 vsn 24 947 7
20 40048 vsn 24 948 13
20 40048 vsn 24 949 12
20 40048 vsn 25 950 16
20 40048 vsn 25 951 9
20 40048 vsn 25 952 17
20 40048 vsn 25 953 5
20 40048 vsn 25 954 2
20 40048 vsn 25 955 1
20 40048 vsn 25 956 0
20 40048 vsn 25 957 14
20 40048 vsn 25 958 1
20 40048 vsb 26 959 2
20 40048 vsb 26 960 3
20 40048 vsb 26 961 2
20 40048 vsb 26 962 13
20 40048 vsb 26 963 1
20 40048 vsb 26 964 1
20 40048 vsb 26 965 14
20 40048 vse 27 966 0
20 40048 vse 27 967 13
20 40048 vse 27 968 0
20 40048 vse 27 969 13
20 40048 vse 27 970 4
20 40048 vse 27 971 14
20 40048 vse 27 972 0
20 40048 vse 27 973 4
20 40048 vse 28 974 14
20 40048 vse 28 975 11
20 40048 vse 28 976 5
20 40048 vse 28 977 8
20 40048 vse 28 978 9
20 40048 vse 28 979 9
20 40048 vse 28 980 8
20 40048 vse 28 981 8
20 40048 vse 28 982 5
20 40048 vse 28 983 8
20 40048 vse 28 984 9
20 40048 vse 28 985 8
20 40048 vse 28 986 9
20 40048 vsn 29 987 13
20 40048 vsn 29 988 1
20 40048 vsb 30 989 0
20 40048 vsb 30 990 6
20 40048 vsb 30 991 13
20 40048 vsb 30 992 13
20 40048 vsb 30 993 18
20 40048 vsb 30 994 13
20 40048 vsb 30 995 1
20 40048 vsb 30 996 1
20 40048 vsb 30 997 6
20 40048 vsb 30 998 14
20 40048 vsb 31 999 3
20 40048 vsb 31 1000 0
20 40048 vsb 31 1001 5
20 40048 vsb 31 1002 13
20 40048 vsb 31 1003 13
20 40048 vsb 31 1004 14
20 40048 vsb 31 1005 16
20 40048 vse 32 1006 6
20 40048 vse 32 1007 14
20 40048 vse 32 1008 12
20 40048 vse 32 1009 9
20 40048 vse 32 1010 7
20 40048 vse 32 1011 6
20 40048 vse 32 1012 4
20 40048 vse 32 1013 1
20 40048 vse 32 1014 1
20 40048 vse 32 1015 2
20 40048 vse 32 1016 4
20 40048 vse 32 1017 1
20 40048 vsn 33 1018 1
20 40048 vsn 33 1019 1
20 40048 vsn 33 1020 13
20 40048 vsn 33 1021 13
20 40048 vsn 33 1022 8
20 40048 vsn 33 1023 12
20 40048 vsn 33 1024 13
20 40048 vsn 33 1025 8
20 40048 vsn 33 1026 0
20 40048 vsn 34 1027 2
20 40048 vsn 34 1028 13
20 40048 vsn 34 1029 19
20 40048 vsn 34 1030 13
20 40048 vsn 34 1031 4
20 40048 vsn 34 1032 10
20 40048 vsn 34 1033 6
20 40048 vsn 34 1034 14
20 40048 vsn 34 1035 10
20 40048 vsn 34 1036 6
20 40048 vsb 35 1037 15
20 40048 vsb 35 1038 0
20 40048 vsb 35 1039 6
20 40048 vsb 35 1040 7
20 40048 vsb 35 1041 0
20 40048 vsb 35 1042 4
20 40048 vsb 35 1043 8
20 40048 vsb 35 1044 4
20 40048 vsb 35 1045 10
20 40048 vsb 35 1046 13
20 40048 vsb 35 1047 14
20 40048 vsb 35 1048 13
20 40048 vse 36 1049 13
20 40048 vse 36 1050 13
20 40048 vse 36 1051 13
20 40048 vse 36 1052 12
20 40048 vse 36 1053 16
20 40048 vse 36 1054 4
20 40048 vse 36 1055 18
20 40048 vse 36 1056 9
20 40048 vse 36 1057 18
20 40048 vse 36 1058 18
20 40048 vse 36 1059 9
20 40048 vse 37 1060 19
20 40048 vse 37 1061 14
20 40048 vse 37 1062 14
20 40048 vse 37 1063 11
20 40048 vse 37 1064 18
20 40048 vse 37 1065 18
20 40048 vse 37 1066 1
20 40048 vse 37 1067 2
20 40048 vse 37 1068 2
20 40048 vse 37 1069 9
20 40048 vse 37 1070 13
20 40048 vse 37 1071 1
20 40048 vse 37 1072 2
20 40048 vse 37 1073 1
20 40048 vse 37 1074 2
20 40021 vse 03 1455 16
20 40021 vse 03 1456 16
20 40021 vse 03 1457 16
20 40021 vse 03 1458 7
20 40021 vse 03 1459 10
20 40021 vse 04 1460 18
20 40021 vse 04 1461 18
20 40021 vsn 05 1462 10
20 40021 vsn 05 1463 16
20 40021 vsn 05 1464 10
20 40021 vsn 05 1465 16
20 40021 vsn 05 1466 10
20 40021 vsn 05 1467 16
20 40021 vsn 05 1468 10
20 40021 vsn 05 1469 16
20 40021 vsn 05 1470 16
20 40021 vsn 05 1471 1
20 40021 vsn 05 1472 10
20 40021 vsn 05 1473 18
20 40021 vsn 05 1474 1
20 40021 vsn 05 1475 2
20 40021 vsn 05 1476 1
20 40021 vsn 05 1477 1
20 40021 vsb 06 1478 12
20 40021 vsb 06 1479 2
20 40021 vsb 06 1480 13
20 40021 vsb 06 1481 18
20 40021 vsb 06 1482 14
20 40021 vsb 06 1483 7
20 40021 vsb 06 1484 15
20 40021 vsb 06 1485 15
20 40021 vsb 06 1486 18
20 40021 vsb 06 1487 8
20 40021 vsb 07 1488 9
20 40021 vsb 07 1489 9
20 40021 vsb 07 1490 10
20 40021 vse 08 1491 10
20 40021 vse 08 1492 10
20 40021 vsn 09 1493 18
20 40021 vsn 09 1494 18
20 40021 vsn 09 1495 18
20 40021 vsn 09 1496 18
20 40021 vsn 09 1497 1
20 40021 vsn 09 1498 10
20 40021 vsn 09 1499 18
20 40021 vsn 09 1500 18
20 40021 vsn 09 1501 13
20 40021 vsn 09 1502 2
20 40021 vsn 09 1503 18
20 40021 vsn 09 1504 8
20 40021 vsn 09 1505 18
20 40021 vsn 09 1506 18
20 40021 vsn 09 1507 8
20 40021 vsb 11 1508 5
20 40021 vsb 11 1509 1
20 40021 vsb 11 1510 5
20 40021 vsb 11 1511 7
20 40021 vsb 11 1512 5
20 40021 vsb 11 1513 7
20 40021 vsb 11 1514 5
20 40021 vsb 11 1515 5
20 40021 vsb 11 1516 7
20 40021 vsb 11 1517 5
20 40021 vsb 11 1518 5
20 40021 vsb 11 1519 5
20 40021 vse 13 1520 9
20 40021 vse 13 1521 9
20 40021 vsn 14 1522 4
20 40021 vsn 14 1523 9
20 40021 vsn 14 1524 12
20 40021 vsn 14 1525 12
20 40021 vsn 14 1526 3
20 40021 vsn 14 1527 8
20 40021 vsn 14 1528 5
20 40021 vsn 14 1529 3
20 40021 vsn 14 1530 8
20 40021 vsn 14 1531 8
20 40021 vsb 15 1532 8
20 40021 vsb 15 1533 8
20 40021 vsb 15 1534 18
20 40021 vsb 15 1535 9
20 40021 vsb 15 1536 0
20 40021 vsb 15 1537 13
20 40021 vsb 15 1538 9
20 40021 vsb 15 1539 4
20 40021 vsb 15 1540 2
20 40021 vsb 15 1541 4
20 40021 vsb 15 1542 1
20 40021 vsb 15 1543 12
20 40021 vsb 15 1544 8
20 40021 vsb 15 1545 6
20 40021 vsb 15 1546 7
20 40021 vsb 16 1547 12
20 40021 vsb 16 1548 12
20 40021 vsb 16 1549 0
20 40021 vsb 16 1550 7
20 40021 vsb 16 1551 14
20 40021 vsb 16 1552 14
20 40021 vsb 16 1553 12
20 40021 vsb 16 1554 7
20 40021 vse 17 1555 18
20 40021 vse 17 1556 1
20 40021 vse 17 1557 18
20 40021 vse 17 1558 18
20 40021 vse 17 1559 18
20 40021 vse 17 1560 1
20 40021 vse 17 1561 8
20 40021 vse 17 1562 3
20 40021 vse 17 1563 1
20 40021 vse 17 1564 18
20 40021 vse 17 1565 1
20 40021 vse 17 1566 3
20 40021 vsn 18 1567 2
20 40021 vsn 18 1568 6
20 40021 vsn 18 1569 2
20 40021 vsn 18 1570 3
20 40021 vsn 18 1571 3
20 40021 vsn 18 1572 9
20 40021 vsn 18 1573 7
20 40021 vsn 18 1574 13
20 40021 vsn 18 1575 13
20 40021 vsn 18 1576 7
20 40021 vsn 18 1577 19
20 40021 vsn 19 1578 10
20 40021 vsn 19 1579 3
20 40021 vsn 19 1580 19
20 40021 vsn 19 1581 10
20 40021 vsn 19 1582 3
20 40021 vsn 19 1583 10
20 40021 vsn 19 1584 13
20 40021 vsn 19 1585 3
20 40021 vsn 19 1586 15
20 40021 vsn 19 1587 10
20 40021 vsn 19 1588 0
20 40021 vsn 19 1589 10
20 40021 vsn 19 1590 19
20 40021 vsn 19 1591 0
20 40021 vsn 19 1592 10
20 40021 vsn 19 1593 2
20 40021 vsn 19 1594 9
20 40021 vsn 19 1595 19
20 40021 vsb 20 1596 19
20 40021 vsb 20 1597 7
20 40021 vsb 20 1598 15
20 40021 vsb 20 1599 15
20 40021 vsb 20 1600 19
20 40021 vsb 20 1601 7
20 40021 vsb 20 1602 19
20 40021 vsb 20 1603 7
20 40021 vse 21 1604 18
20 40021 vse 21 1605 6
20 40021 vse 21 1606 13
20 40021 vse 21 1607 13
20 40021 vse 21 1608 8
20 40021 vse 21 1609 16
20 40021 vse 21 1610 2
20 40021 vse 21 1611 2
20 40021 vse 21 1612 2
20 40021 vse 21 1613 18
20 40021 vse 21 1614 16
20 40021 vse 21 1615 19
20 40021 vse 21 1616 15
20 40021 vse 21 1617 7
20 40021 vse 21 1618 9
20 40021 vse 21 1619 0
20 40021 vse 21 1620 15
20 40021 vse 22 1621 17
20 40021 vse 22 1622 5
20 40021 vse 22 1623 0
20 40021 vse 22 1624 16
20 40021 vse 22 1625 4
20 40021 vse 22 1626 5
20 40021 vse 22 1627 5
20 40021 vsn 23 1628 8
20 40021 vsn 23 1629 8
20 40021 vsn 23 1630 3
20 40021 vsn 23 1631 8
20 40021 vsn 23 1632 7
20 40021 vsn 23 1633 12
20 40021 vsn 23 1634 19
20 40021 vsn 23 1635 14
20 40021 vsn 23 1636 12
20 40021 vsn 23 1637 15
20 40021 vsn 23 1638 16
20 40021 vsb 24 1639 18
20 40021 vsb 24 1640 18
20 40021 vsb 24 1641 17
20 40021 vsb 24 1642 7
20 40021 vsb 24 1643 18
20 40021 vsb 24 1644 16
20 40021 vsb 25 1645 4
20 40021 vsb 25 1646 8
20 40021 vsb 25 1647 16
20 40021 vsb 25 1648 10
20 40021 vsb 25 1649 8
20 40021 vsb 25 1650 16
20 40021 vsb 25 1651 8
20 40021 vsb 25 1652 16
20 40021 vsb 25 1653 16
20 40021 vse 26 1654 19
20 40021 vsn 27 1655 1
20 40021 vsn 27 1656 16
20 40021 vsn 28 1657 9
20 40021 vsn 28 1658 9
20 40021 vsn 28 1659 7
20 40021 vsn 28 1660 7
20 40021 vsn 28 1661 7
20 40021 vsn 28 1662 7
20 40021 vsn 28 1663 7
20 40021 vsb 29 1664 3
20 40021 vsb 29 1665 2
20 40021 vsb 29 1666 3
20 40021 vsb 29 1667 2
20 40021 vsb 29 1668 3
20 40021 vsb 29 1669 2
20 40021 vsb 29 1670 3
20 40021 vsb 29 1671 0
20 40021 vsb 29 1672 0
20 40021 vsb 29 1673 7
20 40021 vse 30 1674 8
20 40021 vse 30 1675 7
20 40021 vse 30 1676 14
20 40021 vse 30 1677 4
20 40021 vse 30 1678 7
20 40021 vse 30 1679 1
20 40021 vse 30 1680 2
20 40021 vse 30 1681 14
20 40021 vse 30 1682 4
20 40021 vse 30 1683 19
20 40021 vse 31 1684 16
20 40021 vse 31 1685 18
20 40021 vse 31 1686 8
20 40021 vse 31 1687 13
20 40021 vse 31 1688 18
20 40021 vse 31 1689 1
20 40021 vse 31 1690 13
20 40021 vsn 32 1691 14
20 40021 vsn 32 1692 9
20 40021 vsn 32 1693 13
20 40021 vsn 32 1694 14
20 40021 vsn 32 1695 8
20 40021 vsn 32 1696 13
20 40021 vsn 32 1697 13
20 40021 vsn 32 1698 16
20 40021 vsn 32 1699 5
20 40021 vsn 32 1700 18
20 40021 vsn 32 1701 18
20 40021 vsn 32 1702 8
20 40021 vsn 32 1703 16
20 40021 vsn 32 1704 15
20 40021 vsn 32 1705 10
20 40021 vsb 33 1706 15
20 40021 vsb 33 1707 18
20 40021 vsb 33 1708 2
20 40021 vsb 33 1709 8
20 40021 vsb 33 1710 18
20 40021 vsb 33 1711 2
20 40021 vsb 33 1712 8
20 40021 vsb 33 1713 2
20 40021 vsb 33 1714 4
20 40021 vsb 33 1715 13
20 40021 vsb 33 1716 16
20 40021 vsb 33 1717 1
20 40021 vsb 34 1718 9
20 40021 vsb 34 1719 18
20 40021 vsb 34 1720 14
20 40021 vsb 34 1721 1
20 40021 vsb 34 1722 16
20 40021 vsb 34 1723 19
20 40021 vsb 34 1724 8
20 40021 vsb 34 1725 1
20 40021 vsb 34 1726 8
20 40021 vse 35 1727 13
20 40021 vse 35 1728 13
20 40021 vse 35 1729 2
20 40021 vse 35 1730 14
20 40021 vse 35 1731 18
20 40021 vse 35 1732 3
20 40021 vse 35 1733 1
20 40021 vsn 36 1734 16
20 40021 vsn 36 1735 5
20 40021 vsn 36 1736 4
20 40021 vsn 36 1737 16
20 40021 vsn 36 1738 3
20 40021 vsn 36 1739 5
20 40021 vsn 36 1740 4
20 40021 vsn 36 1741 3
20 40021 vsn 36 1742 4
20 40021 vsn 36 1743 4
20 40021 vsn 36 1744 8
20 40021 vsn 36 1745 18
20 40021 vsn 36 1746 18
20 40021 vsn 37 1747 18
20 40021 vsn 37 1748 2
20 40021 vsn 37 1749 9
20 40021 vsn 37 1750 10
20 40021 vsn 37 1751 9
20 40021 vsn 37 1752 9
20 40021 vsn 37 1753 12
20 40021 vsn 37 1754 18
20 40021 vsn 37 1755 2
20 40021 vsn 37 1756 4
20 40021 vsn 37 1757 15
20 40021 vsn 37 1758 9
20 40021 vsn 37 1759 7
20 40021 vsn 37 1760 1
20 40021 vsn 37 1761 7
20 40021 vsn 37 1762 7
20 40021 vsn 37 1763 14
20 40021 vsn 37 1764 2
20 40021 vsn 37 1765 13
20 40021 vsn 37 1766 18
20 40021 vsn 37 1767 7
20 40021 vsn 37 1768 15
20 40021 vsn 37 1769 15
20 40021 vsn 37 1770 18
20 40021 vsn 37 1771 1
20 40021 vsn 37 1772 0
20 40021 vsn 37 1773 13
20 40021 vsn 37 1774 1
20 40021 vsn 37 1775 18
