sys userno topicid top5 top10 ndcg inum avgx ratiox time
vse 01 40048 -1 0.9 1.0 0 80.5 0.1 40
vse 01 40048 -1 0.9 1.0 0 81.0 0.2 52
vse 01 40048 -1 0.9 1.0 0 81.0 0.2 58
vse 01 40048 -1 0.9 1.0 0 227.0 0.257894736842 116
vse 01 40048 -1 0.9 1.0 1 227.0 0.257894736842 122
vse 01 40048 -1 0.9 1.0 1 270.6 0.349084249084 172
vse 01 40048 -1 0.9 1.0 1 270.6 0.349084249084 180
vse 01 40048 -1 0.9 1.0 1 265.9 0.340476190476 269
vse 01 40048 -1 0.9 1.0 1 270.6 0.349084249084 312
vse 01 40048 -1 0.9 1.0 1 293.0 0.371080139373 367
vse 01 40048 -1 0.9 1.0 1 293.0 0.371080139373 375
vse 01 40048 -1 0.9 1.0 1 304.7 0.404136690647 392
vse 01 40048 -1 0.9 1.0 1 304.7 0.404136690647 402
vse 01 40048 -1 0.9 1.0 1 268.7 0.358064516129 515
vse 01 40048 -1 0.9 1.0 1 268.7 0.358064516129 528
vse 01 40048 -1 0.9 1.0 1 257.1 0.337977099237 716
vse 01 40048 -1 0.9 1.0 1 257.1 0.337977099237 730
vse 01 40048 -1 0.9 1.0 1 251.8 0.324763705104 859
vse 01 40048 -1 0.9 1.0 1 251.8 0.324763705104 873
vse 01 40026 -1 0.7 0.794756419023 0 80.5 0.1 22
vse 01 40026 -1 0.7 0.794756419023 0 80.5 0.1 36
vse 01 40026 -1 0.7 0.794756419023 0 80.5 0.1 97
vse 01 40026 -1 0.9 0.858892699834 0 365.2 0.562524654832 231
vse 01 40026 -1 0.9 0.858892699834 1 377.7 0.583725490196 238
vse 01 40026 -1 0.9 0.993478637514 1 294.2 0.379115044248 343
vse 01 40026 -1 0.9 0.993478637514 1 294.2 0.379115044248 352
vse 01 40026 -1 0.9 0.993478637514 1 340.1 0.460353982301 372
vse 01 40026 -1 0.9 0.993478637514 1 340.1 0.460353982301 383
vse 01 40026 -1 0.9 0.973827093747 1 491.6 0.715826086957 466
vse 01 40026 -1 0.9 0.973827093747 1 491.6 0.715826086957 476
vse 01 40026 -1 0.9 0.982674184646 1 442.3 0.657531760436 566
vse 01 40026 -1 0.9 0.982674184646 1 442.3 0.657531760436 577
vse 01 40026 -1 0.9 0.993478637514 1 480.9 0.718458781362 656
vse 01 40026 -1 0.9 0.993478637514 1 480.9 0.718458781362 668
vse 02 40009 -1 0.9 0.973827093747 0 81.0 0.2 53
vse 02 40009 -1 0.7 0.969882319977 0 150.9 0.160407239819 155
vse 02 40009 -1 0.7 0.969882319977 0 150.9 0.160407239819 160
vse 02 40009 -1 1.0 1.0 0 241.5 0.498456790123 193
vse 02 40009 -1 1.0 1.0 1 241.5 0.498456790123 200
vse 02 40009 -1 0.9 1.0 1 263.4 0.466666666667 248
vse 02 40009 -1 0.9 1.0 1 263.4 0.466666666667 255
vse 02 40009 -1 0.9 0.997085901983 1 224.6 0.469480519481 298
vse 02 40009 -1 1.0 1.0 1 225.8 0.468810289389 423
vse 02 40009 -1 1.0 1.0 1 113.3 0.189204545455 492
vse 02 40009 -1 1.0 1.0 1 113.3 0.189204545455 502
vse 02 40009 -1 1.0 1.0 1 345.1 0.53126252505 572
vse 02 40009 -1 1.0 1.0 1 113.3 0.189204545455 596
vse 02 40009 -1 1.0 1.0 1 111.5 0.0867768595041 753
vse 02 40009 -1 1.0 1.0 1 112.4 0.0642857142857 819
vse 02 40009 -1 1.0 1.0 1 112.4 0.0642857142857 830
vse 02 40009 -1 1.0 1.0 1 108.8 0.0571428571429 899
vse 02 40009 -1 1.0 1.0 1 211.0 0.255859375 959
vse 02 40009 -1 1.0 1.0 1 211.0 0.255859375 970
vse 02 40009 -1 0.9 0.858892699834 1 352.8 0.554471544715 1055
vse 02 40009 -1 0.9 0.959832153094 1 353.4 0.521755725191 1116
vse 02 40009 -1 0.9 0.959832153094 1 353.4 0.521755725191 1128
vse 02 40009 -1 0.9 0.959832153094 1 342.8 0.494915254237 1169
vse 02 40009 -1 0.9 0.959832153094 1 342.8 0.494915254237 1182
vse 02 40009 -1 0.9 0.973827093747 1 329.2 0.469303201507 1259
vse 02 40009 -1 0.9 0.973827093747 1 329.2 0.469303201507 1271
vse 02 40009 -1 0.9 0.973827093747 1 288.1 0.392641509434 1317
vse 02 40009 -1 0.9 0.973827093747 1 288.1 0.392641509434 1330
vse 02 40002 -1 0.8 0.932259225947 0 80.0 0.0 26
vse 02 40002 -1 0.8 0.953247417476 0 80.0 0.0 64
vse 02 40002 -1 0.9 0.858892699834 0 251.9 0.329310344828 154
vse 02 40002 -1 0.9 0.858892699834 1 251.9 0.329310344828 159
vse 02 40002 -1 0.8 0.849294942067 1 400.6 0.514606741573 212
vse 02 40002 -1 0.8 0.849294942067 1 400.6 0.514606741573 217
vse 02 40002 -1 0.8 0.833902976565 1 134.8 0.110040160643 300
vse 02 40002 -1 0.8 0.833902976565 1 134.8 0.110040160643 311
vse 02 40002 -1 0.7 0.789442684543 1 148.2 0.144186046512 323
vse 02 40002 -1 0.7 0.789442684543 1 148.2 0.144186046512 334
vse 02 40002 -1 0.7 0.798907369475 1 148.2 0.14388185654 456
vse 02 40002 -1 0.7 0.798907369475 1 148.2 0.14388185654 468
vse 02 40002 -1 0.5 0.631593982521 1 369.7 0.470292207792 557
vse 02 40002 -1 0.7 0.764340645938 1 290.2 0.374021352313 593
vse 02 40002 -1 0.8 0.78127749892 1 317.4 0.417223198594 688
vse 02 40002 -1 0.8 0.78127749892 1 317.4 0.417223198594 702
vse 02 40002 -1 0.8 0.809507288431 1 295.0 0.377855887522 749
vse 02 40002 -1 0.8 0.809507288431 1 295.0 0.377855887522 763
vse 02 40002 -1 0.9 0.858892699834 1 285.3 0.339338842975 818
vse 02 40002 -1 0.9 0.858892699834 1 389.8 0.331147540984 989
vse 02 40002 -1 0.9 0.858892699834 1 333.5 0.429661016949 1013
vse 02 40002 -1 0.9 0.858892699834 1 350.9 0.459152542373 1136
vse 02 40002 -1 0.9 0.858892699834 1 350.9 0.459152542373 1151
vse 02 40002 -1 0.9 0.858892699834 1 288.2 0.344701986755 1220
vse 10 40048 -1 0.9 0.997085901983 0 81.5 0.3 91
vse 10 40048 -1 1.0 1.0 0 81.0 0.2 132
vse 10 40048 -1 0.9 0.997085901983 0 81.5 0.3 160
vse 10 40048 -1 0.0 0.0 0 80.5 0.1 215
vse 10 40048 -1 1.0 1.0 0 80.5 0.1 260
vse 10 40048 -1 1.0 1.0 0 81.5 0.3 331
vse 10 40048 -1 1.0 1.0 0 81.5 0.3 406
vse 10 40048 -1 0.9 1.0 0 170.2 0.192735042735 511
vse 10 40048 -1 0.9 1.0 1 170.2 0.192735042735 514
vse 10 40048 -1 1.0 1.0 1 316.3 0.445009416196 542
vse 10 40048 -1 1.0 1.0 1 316.3 0.445009416196 547
vse 10 40048 -1 1.0 1.0 1 301.9 0.43003875969 572
vse 10 40048 -1 1.0 1.0 1 301.9 0.43003875969 578
vse 10 40048 -1 1.0 1.0 1 313.3 0.450386100386 614
vse 10 40048 -1 1.0 1.0 1 313.3 0.450386100386 621
vse 10 40048 -1 1.0 1.0 1 364.0 0.540952380952 661
vse 10 40048 -1 1.0 1.0 1 364.0 0.540952380952 669
vse 10 40048 -1 1.0 1.0 1 306.8 0.432 728
vse 10 40048 -1 1.0 1.0 1 306.8 0.432 736
vse 10 40048 -1 1.0 1.0 1 427.6 0.618505338078 795
vse 10 40048 -1 1.0 1.0 1 427.6 0.618505338078 807
vse 10 40048 -1 1.0 1.0 1 398.0 0.562831858407 987
vse 10 40048 -1 1.0 1.0 1 284.4 0.401571709234 1045
vse 10 40048 -1 1.0 1.0 1 284.4 0.401571709234 1057
vse 10 40048 -1 1.0 1.0 1 255.3 0.344400785855 1082
vse 10 40048 -1 1.0 1.0 1 342.5 0.469588550984 1270
vse 10 40048 -1 1.0 1.0 1 342.5 0.469588550984 1283
vse 10 40048 -1 1.0 1.0 1 309.9 0.466328600406 1374
vse 10 40048 -1 1.0 1.0 1 309.9 0.466328600406 1386
vse 10 40048 -1 1.0 1.0 1 342.0 0.472924187726 1428
vse 11 40009 -1 0.8 0.988103235072 0 436.1 0.43041958042 30
vse 11 40009 -1 0.8 0.988103235072 0 189.2 0.181697171381 60
vse 11 40009 -1 0.8 0.988103235072 1 189.2 0.181697171381 63
vse 11 40009 -1 0.8 0.988103235072 1 362.3 0.426435045317 115
vse 11 40009 -1 0.8 0.988103235072 1 362.3 0.426435045317 120
vse 11 40009 -1 1.0 1.0 1 391.2 0.476569678407 173
vse 11 40009 -1 1.0 1.0 1 387.2 0.489171974522 270
vse 11 40009 -1 1.0 1.0 1 387.1 0.48746031746 316
vse 11 40009 -1 1.0 1.0 1 387.1 0.48746031746 322
vse 11 40009 -1 1.0 1.0 1 373.1 0.462302839117 367
vse 11 40009 -1 1.0 1.0 1 373.1 0.462302839117 373
vse 11 40009 -1 0.9 0.858892699834 1 367.5 0.452755905512 468
vse 11 40009 -1 0.7 0.944698478304 1 310.7 0.376960784314 525
vse 11 40009 -1 0.9 0.988860888926 1 338.1 0.422422258592 535
vse 11 40009 -1 0.8 0.948315581436 1 334.3 0.428836424958 560
vse 11 40009 -1 0.8 0.948315581436 1 374.3 0.493791946309 638
vse 11 40009 -1 0.8 0.948315581436 1 374.3 0.493791946309 644
vse 11 40009 -1 0.8 0.948315581436 1 375.1 0.501018675722 682
vse 11 40009 -1 0.8 0.948315581436 1 375.1 0.501018675722 688
vse 11 40009 -1 0.8 0.948315581436 1 378.9 0.50067001675 717
vse 11 40009 -1 0.8 0.948315581436 1 378.9 0.50067001675 723
vse 11 40009 -1 0.8 0.948315581436 1 376.4 0.520913884007 760
vse 11 40009 -1 0.8 0.948315581436 1 376.4 0.520913884007 765
vse 11 40009 -1 0.8 0.948315581436 1 385.0 0.52495697074 774
vse 11 40009 -1 0.8 0.948315581436 1 385.0 0.52495697074 780
vse 11 40009 -1 0.8 0.948315581436 1 416.7 0.56875 812
vse 11 40009 -1 0.8 0.948315581436 1 416.7 0.56875 818
vse 11 40009 -1 0.9 0.988860888926 1 432.9 0.583305785124 841
vse 11 40009 -1 0.9 0.988860888926 1 388.3 0.51469115192 882
vse 11 40009 -1 0.9 0.988860888926 1 388.3 0.51469115192 888
vse 11 40009 -1 0.9 0.988860888926 1 414.4 0.581565217391 914
vse 11 40009 -1 0.9 0.988860888926 1 414.4 0.581565217391 919
vse 11 40009 -1 0.9 0.988860888926 1 387.8 0.57 927
vse 11 40009 -1 0.9 0.988860888926 1 387.8 0.57 933
vse 11 40009 -1 0.9 0.988860888926 1 432.0 0.604810996564 955
vse 11 40009 -1 0.9 0.988860888926 1 432.0 0.604810996564 962
vse 11 40009 -1 0.8 0.996147378625 1 368.2 0.456012658228 973
vse 11 40009 -1 0.8 0.996147378625 1 366.9 0.448982785603 1044
vse 11 40009 -1 0.8 0.996147378625 1 366.9 0.448982785603 1050
vse 11 40009 -1 0.8 0.996147378625 1 383.6 0.475862068966 1071
vse 11 40009 -1 0.8 0.996147378625 1 383.6 0.475862068966 1077
vsn 11 40048 -1 1.0 1.0 0 422.1 0.397272727273 61
vsn 11 40048 -1 1.0 1.0 0 416.0 0.344481605351 70
vsn 11 40048 -1 1.0 1.0 0 360.5 0.521375464684 125
vsn 11 40048 -1 1.0 1.0 1 360.5 0.521375464684 128
vsn 11 40048 -1 1.0 1.0 1 437.0 0.594009983361 162
vsn 11 40048 -1 1.0 1.0 1 437.0 0.594009983361 166
vsn 11 40048 -1 1.0 1.0 1 451.1 0.61440397351 237
vsn 11 40048 -1 1.0 1.0 1 451.1 0.61440397351 242
vsn 11 40048 -1 1.0 1.0 1 479.9 0.662086092715 291
vsn 11 40048 -1 1.0 1.0 1 479.9 0.662086092715 296
vsn 11 40048 -1 1.0 1.0 1 515.4 0.701127214171 339
vsn 11 40048 -1 1.0 1.0 1 515.4 0.701127214171 345
vsn 11 40048 -1 1.0 1.0 1 521.6 0.70656 398
vsn 11 40048 -1 1.0 1.0 1 521.6 0.70656 405
vsn 11 40048 -1 1.0 1.0 1 521.4 0.70624 438
vsn 11 40048 -1 1.0 1.0 1 521.4 0.70624 445
vsn 11 40048 -1 1.0 1.0 1 522.1 0.714216478191 463
vsn 11 40048 -1 1.0 1.0 1 522.1 0.714216478191 472
vsn 11 40048 -1 1.0 1.0 1 521.4 0.730794701987 501
vsn 11 40048 -1 1.0 1.0 1 521.4 0.730794701987 508
vsn 11 40048 -1 1.0 1.0 1 514.9 0.714121510673 533
vsn 11 40048 -1 1.0 1.0 1 514.9 0.714121510673 541
vsn 11 40048 -1 1.0 1.0 1 524.1 0.725653594771 562
vsn 11 40048 -1 1.0 1.0 1 528.1 0.727435064935 609
vsn 11 40048 -1 1.0 1.0 1 528.1 0.727435064935 618
vsn 11 40048 -1 1.0 1.0 1 546.2 0.751935483871 727
vsn 11 40048 -1 1.0 1.0 1 546.2 0.751935483871 736
vsn 11 40048 -1 1.0 1.0 1 544.9 0.754707792208 752
vsn 11 40048 -1 1.0 1.0 1 558.9 0.771175523349 884
vsn 11 40048 -1 1.0 1.0 1 558.9 0.771175523349 894
vsn 03 40009 -1 1.0 1.0 0 542.3 0.801748251748 28
vsn 03 40009 -1 1.0 1.0 0 337.5 0.446273830156 100
vsn 03 40009 -1 1.0 1.0 1 337.5 0.446273830156 103
vsn 03 40009 -1 1.0 1.0 1 406.9 0.55406779661 121
vsn 03 40009 -1 1.0 1.0 1 406.9 0.55406779661 124
vsn 03 40009 -1 1.0 1.0 1 416.1 0.55370675453 140
vsn 03 40009 -1 1.0 1.0 1 416.1 0.55370675453 145
vsn 03 40009 -1 1.0 1.0 1 415.4 0.550738916256 150
vsn 03 40009 -1 1.0 1.0 1 415.4 0.550738916256 155
vsn 03 40009 -1 1.0 1.0 1 402.8 0.530049261084 224
vsn 03 40009 -1 1.0 1.0 1 415.4 0.550738916256 293
vsn 03 40009 -1 1.0 1.0 1 469.0 0.630470016207 438
vsn 03 40009 -1 1.0 1.0 1 469.0 0.630470016207 447
vsn 03 40009 -1 1.0 1.0 1 495.2 0.665384615385 492
vsn 03 40009 -1 1.0 1.0 1 495.2 0.665384615385 503
vsn 03 40009 -1 1.0 1.0 1 504.7 0.691693811075 585
vsn 03 40009 -1 1.0 1.0 1 504.7 0.691693811075 594
vsn 03 40009 -1 0.7 0.901464710159 1 452.6 0.603889789303 610
vsn 03 40009 -1 1.0 1.0 1 503.5 0.690864600326 827
vsn 03 40009 -1 1.0 1.0 1 504.7 0.691693811075 943
vsn 03 40009 -1 1.0 1.0 1 522.0 0.696062992126 1005
vsn 03 40009 -1 1.0 1.0 1 522.0 0.696062992126 1016
vsn 03 40009 -1 0.6 0.780765953264 1 463.9 0.637707641196 1085
vse 03 40021 -1 1.0 1.0 0 487.8 0.611188811189 26
vse 03 40021 -1 1.0 1.0 0 137.8 0.136320754717 75
vse 03 40021 -1 1.0 1.0 1 137.8 0.136320754717 77
vse 03 40021 -1 1.0 1.0 1 191.3 0.231875 100
vse 03 40021 -1 1.0 1.0 1 191.3 0.231875 103
vse 03 40021 -1 1.0 1.0 1 251.9 0.279512195122 260
vse 03 40021 -1 1.0 1.0 1 251.9 0.279512195122 264
vse 03 40021 -1 1.0 1.0 1 227.3 0.239512195122 277
vse 03 40021 -1 1.0 1.0 1 218.3 0.22487804878 460
vse 03 40021 -1 1.0 1.0 1 211.4 0.213658536585 494
vse 03 40021 -1 1.0 1.0 1 218.3 0.22487804878 502
vse 03 40021 -1 1.0 1.0 1 218.3 0.22487804878 507
vse 03 40021 -1 1.0 1.0 1 251.9 0.279512195122 531
vse 03 40021 -1 1.0 1.0 1 255.4 0.28474025974 561
vse 03 40021 -1 1.0 1.0 1 255.4 0.28474025974 565
vse 03 40021 -1 1.0 1.0 1 274.4 0.315584415584 579
vse 03 40021 -1 1.0 1.0 1 274.4 0.315584415584 584
vse 03 40021 -1 1.0 1.0 1 309.2 0.36380952381 599
vse 03 40021 -1 1.0 1.0 1 309.2 0.36380952381 605
vse 03 40021 -1 1.0 1.0 1 363.0 0.464696223317 629
vse 03 40021 -1 1.0 1.0 1 363.0 0.464696223317 635
vse 03 40021 -1 1.0 1.0 1 374.9 0.47564516129 660
vse 03 40021 -1 1.0 1.0 1 374.9 0.47564516129 665
vse 03 40021 -1 1.0 1.0 1 384.1 0.488906752412 674
vse 03 40021 -1 1.0 1.0 1 384.1 0.488906752412 680
vse 03 40021 -1 1.0 1.0 1 371.7 0.468971061093 746
vse 03 40021 -1 1.0 1.0 1 371.7 0.468971061093 752
vse 03 40021 -1 1.0 1.0 1 378.8 0.484278768233 831
vse 03 40021 -1 1.0 1.0 1 378.8 0.484278768233 837
vse 03 40021 -1 1.0 1.0 1 371.0 0.483388704319 859
vse 03 40021 -1 1.0 1.0 1 521.3 0.685248447205 882
vse 03 40021 -1 1.0 1.0 1 366.8 0.446034214619 985
vse 03 40021 -1 1.0 1.0 1 371.7 0.452248062016 1116
vse 03 40021 -1 1.0 1.0 1 371.7 0.452248062016 1122
vse 03 40021 -1 1.0 1.0 1 375.2 0.457674418605 1132
vse 03 40021 -1 1.0 1.0 1 375.2 0.457674418605 1139
vse 20 40009 -1 0.8 0.97271126957 0 430.8 0.447908745247 30
vse 20 40009 -1 0.9 0.997085901983 0 391.1 0.301384083045 115
vse 20 40009 -1 0.8 0.981495726985 0 399.5 0.29298245614 180
vse 20 40009 -1 1.0 1.0 0 433.5 0.469491525424 197
vse 20 40009 -1 1.0 1.0 0 387.4 0.575655430712 242
vse 20 40009 -1 1.0 1.0 0 387.4 0.575655430712 249
vse 20 40009 -1 1.0 1.0 0 407.9 0.619848771267 338
vse 20 40009 -1 1.0 1.0 0 424.7 0.614438502674 346
vse 20 40009 -1 0.9 1.0 0 416.4 0.599643493761 376
vse 20 40009 -1 1.0 1.0 0 423.0 0.611408199643 485
vse 20 40009 -1 0.8 1.0 0 427.2 0.635856573705 497
vse 20 40009 -1 0.9 0.973827093747 0 416.0 0.622222222222 611
vse 20 40009 -1 0.9 0.973827093747 0 400.1 0.60625 726
vse 20 40009 -1 0.9 0.973827093747 1 400.1 0.60625 733
vse 20 40009 -1 0.9 0.973827093747 1 405.3 0.603042596349 871
vse 20 40009 -1 0.9 0.973827093747 1 405.3 0.603042596349 878
vse 20 40009 -1 0.9 0.973827093747 1 400.1 0.60625 891
vse 20 40009 -1 0.9 0.973827093747 1 424.3 0.60785440613 940
vse 20 40009 -1 0.9 0.973827093747 1 424.3 0.60785440613 947
vse 20 40009 -1 0.9 0.973827093747 1 433.6 0.659701492537 1028
vse 20 40009 -1 0.9 0.973827093747 1 433.6 0.659701492537 1035
vse 20 40009 -1 0.9 0.973827093747 1 442.0 0.630885122411 1111
vse 20 40009 -1 0.9 0.973827093747 1 442.0 0.630885122411 1118
vse 20 40009 -1 0.9 0.973827093747 1 433.6 0.659701492537 1330
vsn 20 40048 -1 1.0 1.0 0 449.3 0.478525641026 53
vsn 20 40048 -1 1.0 1.0 0 420.0 0.390909090909 93
vsn 20 40048 -1 1.0 1.0 0 456.5 0.61319218241 140
vsn 20 40048 -1 1.0 1.0 1 456.5 0.61319218241 144
vsn 20 40048 -1 1.0 1.0 1 473.0 0.62480127186 182
vsn 20 40048 -1 1.0 1.0 1 473.0 0.62480127186 187
vsn 20 40048 -1 1.0 1.0 1 497.6 0.672463768116 207
vsn 20 40048 -1 1.0 1.0 1 497.6 0.672463768116 218
vsn 20 40048 -1 1.0 1.0 1 507.9 0.685737179487 257
vsn 20 40048 -1 1.0 1.0 1 507.9 0.685737179487 265
vsn 20 40048 -1 1.0 1.0 1 503.8 0.685760517799 292
vsn 20 40048 -1 1.0 1.0 1 503.8 0.685760517799 300
vsn 20 40048 -1 1.0 1.0 1 505.7 0.682211538462 346
vsn 20 40048 -1 1.0 1.0 1 505.7 0.682211538462 355
vsn 20 40048 -1 1.0 1.0 1 521.3 0.714077669903 412
vsn 20 40048 -1 1.0 1.0 1 521.3 0.714077669903 422
vsn 20 40048 -1 1.0 1.0 1 520.6 0.708360128617 515
vsn 20 40048 -1 1.0 1.0 1 520.6 0.708360128617 525
vsn 20 40048 -1 1.0 1.0 1 523.3 0.716155088853 560
vsn 20 40048 -1 1.0 1.0 1 523.3 0.716155088853 582
vsn 20 40048 -1 1.0 1.0 1 553.5 0.766181229773 719
vsn 20 40048 -1 1.0 1.0 1 553.5 0.766181229773 732
vse 04 40021 -1 0 0.0 0 -1 -1 64
vse 04 40021 -1 1.0 1.0 0 494.4 0.616363636364 103
vse 04 40021 -1 1.0 1.0 0 263.7 0.315094339623 148
vse 04 40021 -1 1.0 1.0 1 263.7 0.315094339623 152
vse 04 40021 -1 1.0 1.0 1 293.8 0.358724832215 252
vse 04 40021 -1 1.0 1.0 1 276.8 0.345263157895 326
vse 04 40021 -1 1.0 1.0 1 344.1 0.476714801444 402
vse 04 40021 -1 1.0 1.0 1 341.5 0.474591651543 410
vse 04 40021 -1 1.0 1.0 1 340.7 0.444880546075 451
vse 04 40021 -1 1.0 1.0 1 340.7 0.444880546075 458
vse 04 40021 -1 1.0 1.0 1 362.3 0.480919931857 548
vse 04 40021 -1 1.0 1.0 1 362.3 0.480919931857 555
vse 04 40021 -1 1.0 1.0 1 407.6 0.556196943973 580
vse 04 40021 -1 1.0 1.0 1 407.6 0.556196943973 587
vse 04 40021 -1 1.0 1.0 1 411.5 0.591964285714 640
vse 04 40021 -1 1.0 1.0 1 416.5 0.586236933798 739
vse 04 40021 -1 1.0 1.0 1 430.0 0.618374558304 747
vse 04 40021 -1 1.0 1.0 1 424.9 0.606151142355 806
vse 04 40021 -1 1.0 1.0 1 421.3 0.577495769882 815
vse 04 40021 -1 1.0 1.0 1 432.9 0.597123519459 824
vse 04 40021 -1 1.0 1.0 1 432.9 0.597123519459 832
vse 04 40021 -1 1.0 1.0 1 430.9 0.590740740741 885
vse 04 40021 -1 1.0 1.0 1 430.9 0.590740740741 891
vse 04 40021 -1 1.0 1.0 1 442.2 0.606700167504 927
vse 04 40021 -1 1.0 1.0 1 441.9 0.626124567474 1029
vse 04 40021 -1 1.0 1.0 1 430.0 0.604490500864 1036
vse 04 40021 -1 1.0 1.0 1 432.0 0.610051993068 1213
vse 04 40021 -1 1.0 1.0 1 432.0 0.610051993068 1220
vsn 04 40009 -1 0.7 0.832311308984 0 456.5 0.501748251748 26
vsn 04 40009 -1 0.7 0.832311308984 0 399.4 0.531447587354 175
vsn 04 40009 -1 0.7 0.832311308984 0 445.4 0.585576923077 188
vsn 04 40009 -1 0.7 0.832311308984 0 435.2 0.571980676329 299
vsn 04 40009 -1 0.7 0.832311308984 0 435.2 0.571980676329 313
vsn 04 40009 -1 0.6 0.930422841369 0 497.9 0.680035335689 452
vsn 04 40009 -1 0.6 0.930422841369 0 508.5 0.689024390244 563
vsn 04 40009 -1 0.6 0.930422841369 1 508.5 0.689024390244 574
vsn 04 40009 -1 0.6 0.930422841369 1 506.6 0.698993288591 654
vsn 04 40009 -1 0.6 0.930422841369 1 506.6 0.698993288591 665
vsn 04 40009 -1 0.6 0.930422841369 1 515.4 0.716014234875 700
vsn 04 40009 -1 0.6 0.930422841369 1 515.4 0.716014234875 712
vsn 04 40009 -1 0.6 0.930422841369 1 517.2 0.714381270903 862
vsn 04 40009 -1 0.6 0.930422841369 1 517.2 0.714381270903 878
vsn 04 40009 -1 0.6 0.930422841369 1 521.8 0.698566308244 911
vsn 04 40009 -1 0.6 0.930422841369 1 521.8 0.698566308244 943
vsn 04 40009 -1 0.6 0.930422841369 1 520.6 0.693928571429 1042
vsn 04 40009 -1 0.6 0.930422841369 1 520.6 0.693928571429 1054
vsn 04 40009 -1 0.6 0.930422841369 1 523.2 0.699821109123 1112
vsn 04 40009 -1 0.6 0.930422841369 1 523.2 0.699821109123 1146
vse 05 40048 -1 1.0 1.0 0 481.8 0.578181818182 27
vse 05 40048 -1 1.0 1.0 0 481.8 0.578181818182 70
vse 05 40048 -1 1.0 1.0 0 506.6 0.662179487179 77
vse 05 40048 -1 1.0 1.0 0 387.0 0.519458544839 240
vse 05 40048 -1 1.0 1.0 1 435.1 0.596806722689 366
vse 05 40048 -1 1.0 1.0 1 618.1 0.834263565891 424
vse 05 40048 -1 0.7 0.96080273285 1 442.2 0.578594249201 604
vse 05 40048 -1 0.8 1.0 1 609.2 0.806707317073 913
vse 05 40048 -1 1.0 1.0 1 677.4 0.910670731707 1145
vsn 05 40021 -1 1.0 1.0 0 447.7 0.406666666667 30
vsn 05 40021 -1 1.0 1.0 0 459.8 0.624671052632 401
vsn 05 40021 -1 1.0 1.0 1 447.3 0.600163398693 454
vsn 05 40021 -1 1.0 1.0 1 465.9 0.627479674797 656
vsn 05 40021 -1 1.0 1.0 1 509.6 0.690675241158 830
vse 07 40009 -1 0.3 0.635392131479 0 455.0 0.0 32
vse 07 40009 -1 0.8 0.981495726985 0 475.7 0.568881118881 53
vse 07 40009 -1 0.9 0.858892699834 0 211.5 0.244423791822 156
vse 07 40009 -1 0.6 0.599636879413 1 321.6 0.406734006734 279
vse 07 40009 -1 0.6 0.574238583413 1 359.6 0.473898305085 417
vse 07 40009 -1 0.6 0.798323040685 1 374.7 0.522517730496 618
vse 07 40009 -1 0.8 0.913478283837 1 378.5 0.498330550918 898
vse 07 40009 -1 0.7 0.821041195757 1 369.0 0.497418244406 1091
vsn 07 40048 -1 1.0 1.0 0 424.8 0.405454545455 20
vsn 07 40048 -1 1.0 1.0 0 419.6 0.372727272727 34
vsn 07 40048 -1 1.0 1.0 0 205.4 0.239770554493 181
vsn 07 40048 -1 1.0 1.0 1 351.4 0.437741935484 374
vsn 07 40048 -1 1.0 1.0 1 361.1 0.453387096774 418
vsn 07 40048 -1 1.0 1.0 1 414.8 0.56268907563 537
vsn 07 40048 -1 1.0 1.0 1 490.5 0.667479674797 556
vsn 07 40048 -1 1.0 1.0 1 427.5 0.561389337641 575
vsn 07 40048 -1 1.0 1.0 1 414.8 0.56268907563 591
vsn 07 40048 -1 1.0 1.0 1 429.7 0.599828473413 744
vsn 07 40048 -1 1.0 1.0 1 431.9 0.591428571429 865
vsn 07 40048 -1 1.0 1.0 1 466.8 0.624878836834 1123
vse 08 40021 -1 1.0 1.0 0 428.6 0.404195804196 16
vse 08 40021 -1 1.0 1.0 0 212.4 0.239855072464 127
vse 08 40021 -1 1.0 1.0 1 198.2 0.203442340792 239
vse 08 40021 -1 1.0 1.0 1 227.1 0.265523465704 519
vse 08 40021 -1 1.0 1.0 1 250.7 0.308122743682 685
vse 08 40021 -1 1.0 1.0 1 228.0 0.278195488722 926
vse 08 40021 -1 1.0 1.0 1 247.3 0.291972076789 1036
vse 08 40021 -1 1.0 1.0 1 249.7 0.293598615917 1201
vsn 08 40009 -1 0.6 0.635273913542 0 470.0 0.283333333333 24
vsn 08 40009 -1 0.7 0.828160358532 0 233.1 0.391560102302 135
vsn 08 40009 -1 0.9 0.858892699834 1 546.4 0.743859649123 544
vsn 08 40009 -1 0.9 0.858892699834 1 532.2 0.730533117932 744
vsn 08 40009 -1 0.9 0.858892699834 1 523.2 0.724183006536 815
vsn 08 40009 -1 0.9 0.933400197612 1 525.8 0.738079470199 949
vsn 08 40009 -1 0.9 0.933400197612 1 542.9 0.738277511962 1048
vsn 09 40021 -1 0 0.0 0 -1 -1 75
vsn 09 40021 -1 1.0 1.0 0 487.8 0.611188811189 86
vsn 09 40021 -1 1.0 1.0 0 530.2 0.696904024768 325
vsn 09 40021 -1 1.0 1.0 1 450.3 0.612066115702 334
vsn 09 40021 -1 1.0 1.0 1 444.2 0.618336162988 414
vsn 09 40021 -1 0.8 0.953247417476 1 596.4 0.794461538462 604
vsn 09 40021 -1 0.8 0.85240724958 1 593.7 0.79274691358 724
vsn 09 40021 -1 0.7 0.953778065431 1 575.9 0.764098613251 768
vsn 09 40021 -1 0.1 1.0 1 659.2 0.90641627543 873
vsn 09 40021 -1 1.0 1.0 1 494.2 0.674592833876 905
vsn 09 40021 -1 1.0 1.0 1 585.5 0.797318611987 1103
vsn 09 40021 -1 1.0 1.0 1 477.7 0.647719869707 1190
vse 09 40048 -1 1.0 1.0 0 472.3 0.549393939394 33
vse 09 40048 -1 1.0 1.0 0 463.0 0.691335740072 374
vse 09 40048 -1 1.0 1.0 1 560.7 0.753448275862 636
vse 09 40048 -1 1.0 1.0 1 503.3 0.728571428571 646
vse 09 40048 -1 0.8 0.996147378625 1 616.9 0.83499222395 768
vse 09 40048 -1 1.0 1.0 1 546.7 0.771404958678 836
vse 09 40048 -1 1.0 1.0 1 621.7 0.854416403785 958
vsn 06 40048 -1 1.0 1.0 0 485.4 0.589090909091 27
vsn 06 40048 -1 1.0 1.0 0 488.3 0.603525641026 108
vsn 06 40048 -1 1.0 1.0 0 369.0 0.469155844156 279
vsn 06 40048 -1 1.0 1.0 1 499.0 0.674718196457 417
vsn 06 40048 -1 1.0 1.0 1 484.2 0.644657097289 617
vsn 06 40048 -1 1.0 1.0 1 484.3 0.643789808917 688
vsn 06 40048 -1 1.0 1.0 1 628.1 0.855070202808 854
vsn 06 40048 -1 1.0 1.0 1 627.2 0.856338028169 884
vse 06 40009 -1 0.8 0.993035071112 0 358.8 0.205454545455 23
vse 06 40009 -1 0.9 0.988860888926 0 447.0 0.597719869707 814
vse 06 40009 -1 0.9 1.0 1 480.7 0.645249597424 907
vse 06 40009 -1 0.9 1.0 1 473.8 0.645573770492 1264
vse 13 40021 -1 1.0 1.0 0 531.5 0.646245059289 37
vse 13 40021 -1 1.0 1.0 0 447.3 0.409183673469 169
vse 13 40021 -1 0.2 0.815464876786 0 455.0 0.0 207
vse 13 40021 -1 0.9 0.973827093747 0 456.5 0.3 222
vse 13 40021 -1 1.0 1.0 0 428.6 0.404195804196 234
vse 13 40021 -1 1.0 1.0 0 375.9 0.47344 595
vse 13 40021 -1 1.0 1.0 1 383.5 0.480982567353 1223
vsn 13 40009 -1 0.8 0.972046879584 0 502.9 0.642121212121 23
vsn 13 40009 -1 1.0 1.0 0 675.0 0.937007874016 525
vsn 13 40009 -1 0.9 0.988860888926 1 682.9 0.928967642527 951
vse 14 40048 -1 0.1 0.301029995664 0 487.1 0.506324110672 79
vse 14 40048 -1 1.0 1.0 0 526.5 0.698943661972 145
vse 14 40048 -1 1.0 1.0 0 532.0 0.714285714286 173
vse 14 40048 -1 1.0 1.0 0 225.8 0.312875536481 287
vse 14 40048 -1 1.0 1.0 1 418.3 0.645610687023 441
vse 14 40048 -1 1.0 1.0 1 425.8 0.646355140187 649
vse 14 40048 -1 1.0 1.0 1 426.7 0.579765886288 694
vse 14 40048 -1 1.0 1.0 1 426.7 0.579765886288 700
vse 14 40048 -1 1.0 1.0 1 426.7 0.579765886288 710
vse 14 40048 -1 1.0 1.0 1 519.3 0.74331641286 945
vse 14 40048 -1 1.0 1.0 1 502.8 0.727710843373 1029
vse 14 40048 -1 1.0 1.0 1 540.2 0.778680203046 1142
vsn 14 40021 -1 1.0 1.0 0 515.8 0.613654618474 63
vsn 14 40021 -1 1.0 1.0 0 569.0 0.851612903226 104
vsn 14 40021 -1 1.0 1.0 0 387.4 0.507260726073 251
vsn 14 40021 -1 1.0 1.0 1 463.8 0.616051364366 324
vsn 14 40021 -1 0.9 0.933400197612 1 471.2 0.646611570248 405
vsn 14 40021 -1 0.9 0.858892699834 1 478.1 0.658016528926 694
vsn 14 40021 -1 0.9 0.858892699834 1 478.1 0.658016528926 702
vsn 14 40021 -1 0.9 1.0 1 496.0 0.65306122449 792
vsn 14 40021 -1 1.0 1.0 1 477.9 0.62464678179 881
vsn 14 40021 -1 1.0 1.0 1 507.2 0.670643642072 961
vsn 14 40021 -1 1.0 1.0 1 506.8 0.674249605055 1106
vsn 14 40021 -1 1.0 1.0 1 490.3 0.639096573209 1176
vsn 14 40021 -1 1.0 1.0 1 504.8 0.665830721003 1241
vsn 15 40048 -1 1.0 1.0 0 470.5 0.546474358974 58
vsn 15 40048 -1 1.0 1.0 0 195.2 0.252078774617 331
vsn 15 40048 -1 1.0 1.0 1 217.5 0.330528846154 636
vsn 15 40048 -1 1.0 1.0 1 217.5 0.330528846154 642
vsn 15 40048 -1 1.0 1.0 1 406.6 0.557337883959 1041
vse 15 40009 -1 0.8 0.92887024934 0 453.6 0.483501683502 65
vse 15 40009 -1 0.9 1.0 0 357.4 0.188196721311 133
vse 15 40009 -1 1.0 1.0 0 417.9 0.642395437262 223
vse 15 40009 -1 0.9 0.988860888926 1 512.3 0.709852216749 466
vse 15 40009 -1 0.8 1.0 1 385.6 0.517966101695 472
vse 15 40009 -1 0.8 1.0 1 385.6 0.517966101695 479
vse 15 40009 -1 0.8 0.993035071112 1 384.1 0.527036395147 778
vse 15 40009 -1 0.9 0.973827093747 1 429.3 0.5910321489 863
vse 15 40009 -1 0.9 0.988860888926 1 428.2 0.582274247492 954
vse 15 40009 -1 0.9 0.988860888926 1 428.2 0.582274247492 966
vse 15 40009 -1 0.8 0.996147378625 1 387.5 0.53664921466 1247
vse 16 40009 -1 1.0 1.0 0 545.6 0.764375 32
vse 16 40009 -1 1.0 1.0 0 416.3 0.548613376835 328
vse 16 40009 -1 1.0 1.0 1 426.2 0.563843648208 378
vse 16 40009 -1 1.0 1.0 1 408.3 0.534690553746 395
vse 16 40009 -1 1.0 1.0 1 437.4 0.663079777365 541
vsn 16 40048 -1 1.0 1.0 0 477.9 0.566363636364 30
vsn 16 40048 -1 1.0 1.0 1 540.8 0.72 342
vsn 16 40048 -1 1.0 1.0 1 540.8 0.72 413
vsn 16 40048 -1 1.0 1.0 1 537.1 0.722116903633 431
vsn 16 40048 -1 1.0 1.0 1 543.7 0.732543443918 522
vsn 16 40048 -1 1.0 1.0 1 545.0 0.727699530516 638
vsn 16 40048 -1 1.0 1.0 1 557.7 0.747574334898 848
vsn 16 40048 -1 1.0 1.0 1 565.3 0.759467918623 913
vsn 16 40048 -1 1.0 1.0 1 555.4 0.743974960876 938
vsn 16 40048 -1 1.0 1.0 1 517.8 0.714192495922 1043
vsn 16 40048 -1 1.0 1.0 1 565.4 0.765615141956 1096
vsn 16 40048 -1 1.0 1.0 1 566.8 0.767823343849 1115
vsn 16 40048 -1 1.0 1.0 1 553.4 0.746687697161 1156
vse 17 40021 -1 1.0 1.0 0 428.6 0.404195804196 24
vse 17 40021 -1 1.0 1.0 0 469.9 0.366588785047 52
vse 17 40021 -1 0.2 0.815464876786 0 455.0 0.0 62
vse 17 40021 -1 1.0 1.0 0 428.6 0.404195804196 79
vse 17 40021 -1 1.0 1.0 0 308.5 0.388605442177 215
vse 17 40021 -1 1.0 1.0 1 354.1 0.451565074135 312
vse 17 40021 -1 1.0 1.0 1 373.0 0.483498349835 428
vse 17 40021 -1 1.0 1.0 1 365.1 0.491551724138 528
vse 17 40021 -1 1.0 1.0 1 370.0 0.480928689884 816
vse 17 40021 -1 1.0 1.0 1 379.4 0.501507537688 827
vsn 17 40009 -1 0.0 0.0 0 448.5 0.473776223776 43
vsn 17 40009 -1 0.0 0.0 0 459.0 0.51048951049 57
vsn 17 40009 -1 1.0 1.0 0 561.7 0.815838509317 69
vsn 17 40009 -1 1.0 1.0 0 472.7 0.632367149758 292
vsn 17 40009 -1 1.0 1.0 1 550.4 0.766123778502 417
vsn 17 40009 -1 1.0 1.0 1 461.8 0.687927927928 459
vsn 17 40009 -1 1.0 1.0 1 522.9 0.753231292517 565
vsn 17 40009 -1 1.0 1.0 1 502.0 0.71768707483 614
vsn 17 40009 -1 0.9 0.973827093747 1 522.6 0.713870967742 784
vsn 17 40009 -1 1.0 1.0 1 564.2 0.809276437848 1018
vsn 17 40009 -1 1.0 1.0 1 564.2 0.809276437848 1041
vsn 18 40021 -1 1.0 1.0 0 428.6 0.404195804196 73
vsn 18 40021 -1 1.0 1.0 0 433.1 0.430606060606 216
vsn 18 40021 -1 1.0 1.0 1 294.8 0.378169014085 377
vsn 18 40021 -1 1.0 1.0 1 467.0 0.617224880383 885
vsn 18 40021 -1 1.0 1.0 1 426.6 0.552791068581 1013
vse 18 40048 -1 1.0 1.0 0 441.8 0.45034965035 93
vse 18 40048 -1 1.0 1.0 0 524.6 0.773217391304 705
vse 18 40048 -1 1.0 1.0 1 462.8 0.654358974359 885
vse 18 40048 -1 1.0 1.0 1 461.3 0.61008 1093
vse 19 40048 -1 1.0 1.0 0 408.5 0.356060606061 30
vse 19 40048 -1 1.0 1.0 0 512.8 0.747495682211 595
vse 19 40048 -1 1.0 1.0 1 525.8 0.772616984402 749
vse 19 40048 -1 1.0 1.0 1 504.3 0.745694200351 898
vse 19 40048 -1 1.0 1.0 1 524.6 0.769204152249 948
vse 19 40048 -1 1.0 1.0 1 519.6 0.711326860841 1037
vse 19 40048 -1 1.0 1.0 1 539.7 0.743851132686 1104
vsn 19 40021 -1 1.0 1.0 0 428.6 0.404195804196 25
vsn 19 40021 -1 1.0 1.0 0 428.6 0.404195804196 37
vsn 19 40021 -1 1.0 1.0 0 428.6 0.404195804196 43
vsn 19 40021 -1 1.0 1.0 0 433.1 0.430606060606 48
vsn 19 40021 -1 1.0 1.0 0 406.6 0.525925925926 206
vsn 19 40021 -1 1.0 1.0 1 463.1 0.569051878354 372
vsn 19 40021 -1 1.0 1.0 1 427.9 0.581772575251 517
vsn 19 40021 -1 1.0 1.0 1 437.0 0.609215017065 772
vsn 19 40021 -1 0.4 0.712793556352 1 571.5 0.778922345483 1007
vsn 21 40009 -1 0.7 0.832311308984 0 335.7 0.0802120141343 18
vsn 21 40009 -1 0.9 0.973827093747 0 439.3 0.450337837838 212
vsn 21 40009 -1 1.0 1.0 1 398.8 0.592565055762 309
vsn 21 40009 -1 1.0 1.0 1 463.8 0.712059369202 490
vsn 21 40009 -1 1.0 1.0 1 464.1 0.698363636364 531
vsn 21 40009 -1 0.9 0.982674184646 1 468.1 0.657796610169 910
vsn 21 40009 -1 0.9 0.973827093747 1 484.7 0.682462057336 1168
vse 21 40021 -1 1.0 1.0 0 433.1 0.430606060606 30
vse 21 40021 -1 1.0 1.0 0 249.9 0.29445407279 139
vse 21 40021 -1 1.0 1.0 1 285.2 0.353793103448 259
vse 21 40021 -1 1.0 1.0 1 263.4 0.307718120805 369
vse 21 40021 -1 1.0 1.0 1 279.6 0.342367066895 548
vse 21 40021 -1 1.0 1.0 1 311.1 0.3910321489 750
vsn 12 40009 -1 1.0 1.0 0 572.9 0.854242424242 87
vsn 12 40009 -1 0.8 0.97271126957 0 499.4 0.669178082192 192
vsn 12 40009 -1 0.5 0.979091071711 0 512.7 0.698251748252 307
vsn 12 40009 -1 1.0 1.0 0 569.4 0.78935483871 474
vsn 12 40009 -1 1.0 1.0 1 549.6 0.802735042735 524
vsn 12 40009 -1 0.8 0.991215542585 1 564.1 0.76356466877 606
vsn 12 40009 -1 0.8 0.991215542585 1 564.1 0.76356466877 615
vsn 12 40009 -1 1.0 1.0 1 494.6 0.676345840131 784
vsn 12 40009 -1 1.0 1.0 1 480.9 0.653996737357 845
vsn 12 40009 -1 0.8 0.996147378625 1 433.4 0.576508972268 869
vsn 12 40009 -1 1.0 1.0 1 503.4 0.732525951557 904
vsn 12 40009 -1 0.8 0.984250613697 1 410.4 0.541639344262 921
vsn 12 40009 -1 0.5 1.0 1 536.4 0.723296354992 1030
vsn 12 40009 -1 0.7 0.99468626552 1 594.6 0.816825396825 1111
vsn 12 40009 -1 0.9 1.0 1 665.1 0.921417322835 1156
vsn 12 40009 -1 0.9 1.0 1 665.1 0.921417322835 1224
vsn 12 40009 -1 0.7 1.0 1 610.5 0.819938176198 1245
vse 12 40021 -1 1.0 1.0 0 389.6 0.267832167832 47
vse 12 40021 -1 1.0 1.0 0 268.4 0.306341463415 340
vse 12 40021 -1 1.0 1.0 1 287.8 0.355821917808 523
vse 12 40021 -1 1.0 1.0 1 346.8 0.443189368771 684
vse 12 40021 -1 1.0 1.0 1 346.1 0.449493243243 746
vse 12 40021 -1 1.0 1.0 1 363.0 0.475630252101 810
vse 12 40021 -1 1.0 1.0 1 432.6 0.565064102564 848
vse 12 40021 -1 1.0 1.0 1 472.6 0.629166666667 909
vse 12 40021 -1 1.0 1.0 1 321.2 0.418024263432 1018
vsn 01 40021 -1 0 0.0 0 -1 -1 46
vsn 01 40021 -1 1.0 1.0 0 487.8 0.611188811189 57
vsn 01 40021 -1 1.0 1.0 0 487.8 0.611188811189 116
vsn 01 40021 -1 1.0 1.0 0 531.5 0.646245059289 124
vsn 01 40021 -1 1.0 1.0 1 466.7 0.616746411483 343
vse 23 40048 -1 0.9 0.993478637514 0 379.3 0.531927710843 31
vse 23 40048 -1 0.9 1.0 0 463.2 0.41185770751 112
vse 23 40048 -1 1.0 1.0 0 519.7 0.393413173653 143
vse 23 40048 -1 1.0 1.0 0 650.5 0.879044684129 580
vse 23 40048 -1 1.0 1.0 1 650.5 0.879044684129 588
vse 23 40048 -1 1.0 1.0 1 626.8 0.834809160305 1100
vse 23 40048 -1 1.0 1.0 1 585.6 0.78753894081 1242
vse 23 40048 -1 1.0 1.0 1 585.6 0.78753894081 1253
vse 23 40048 -1 1.0 1.0 1 585.6 0.78753894081 1267
vse 23 40048 -1 1.0 1.0 1 603.8 0.802143950995 1288
vsn 23 40021 -1 1.0 1.0 0 531.5 0.646245059289 18
vsn 23 40021 -1 1.0 1.0 0 449.9 0.614451827243 307
vsn 23 40021 -1 0.9 0.982674184646 1 453.0 0.595846645367 541
vsn 23 40021 -1 1.0 1.0 1 455.9 0.593838862559 828
vsn 23 40021 -1 1.0 1.0 1 500.3 0.663981042654 991
vsn 23 40021 -1 1.0 1.0 1 586.2 0.794662480377 1245
vsn 24 40048 -1 1.0 1.0 0 430.7 0.423333333333 36
vsn 24 40048 -1 1.0 1.0 0 301.3 0.400905797101 415
vsn 24 40048 -1 1.0 1.0 1 262.3 0.32965641953 472
vsn 24 40048 -1 1.0 1.0 1 416.8 0.566296296296 892
vsn 24 40048 -1 0.9 0.959832153094 1 624.0 0.851330203443 1053
vsn 24 40048 -1 1.0 1.0 1 509.0 0.706754530478 1145
vsn 24 40048 -1 1.0 1.0 1 491.8 0.689782244556 1203
vsn 24 40048 -1 1.0 1.0 1 518.2 0.717184942717 1358
vse 24 40009 -1 0.9 0.973827093747 0 353.9 0.197178683386 37
vse 24 40009 -1 0.6 0.58455711758 0 394.4 0.241924398625 153
vse 24 40009 -1 0.6 0.588212943989 1 377.5 0.225524475524 185
vse 24 40009 -1 0.6 0.711188794633 1 263.6 0.33503649635 325
vse 24 40009 -1 0.6 0.711188794633 1 263.4 0.417767653759 538
vse 24 40009 -1 0.6 0.732401708463 1 255.3 0.451804123711 545
vse 24 40009 -1 0.9 1.0 1 388.9 0.278021978022 562
vse 24 40009 -1 1.0 1.0 1 321.1 0.449813432836 699
vse 24 40009 -1 0.9 1.0 1 298.9 0.429215686275 726
vse 24 40009 -1 0.6 0.790214888602 1 618.2 0.834418604651 783
vse 24 40009 -1 0.5 0.563529405029 1 642.1 0.87554517134 1021
vse 24 40009 -1 0.9 0.997085901983 1 480.4 0.661818181818 1155
vse 24 40009 -1 0.9 0.993478637514 1 448.2 0.623011844332 1168
vse 24 40009 -1 0.8 0.991215542585 1 441.6 0.593760262726 1380
vse 25 40009 -1 0.8 0.960212346364 0 532.1 0.737171052632 49
vse 25 40009 -1 0.9 0.933400197612 0 534.9 0.82439862543 134
vse 25 40009 -1 0.9 0.933400197612 0 525.3 0.791408934708 204
vse 25 40009 -1 0.6 0.714844621042 0 299.5 0.454451345756 369
vse 25 40009 -1 0.2 0.565464876786 1 399.2 0.487328244275 405
vse 25 40009 -1 0.7 0.789442684543 1 290.7 0.398298676749 412
vse 25 40009 -1 0.5 0.731027403174 1 278.7 0.413097713098 527
vse 25 40009 -1 0.7 0.77214299958 1 356.5 0.466273187184 861
vsn 25 40048 -1 0.6 0.957789440982 0 383.4 0.488888888889 11
vsn 25 40048 -1 1.0 1.0 0 508.1 0.666987179487 58
vsn 25 40048 -1 1.0 1.0 0 527.8 0.722258064516 730
vse 26 40021 -1 1.0 1.0 0 487.8 0.611188811189 93
vse 26 40021 -1 1.0 1.0 0 487.8 0.611188811189 121
vse 26 40021 -1 1.0 1.0 0 333.0 0.438474870017 212
vse 26 40021 -1 1.0 1.0 1 361.3 0.480854700855 269
vse 26 40021 -1 1.0 1.0 1 377.4 0.513644214162 421
vse 26 40021 -1 1.0 1.0 1 406.9 0.55406779661 540
vse 26 40021 -1 1.0 1.0 1 372.7 0.488647746244 753
vse 26 40021 -1 1.0 1.0 1 531.7 0.721565495208 1002
vse 26 40021 -1 1.0 1.0 1 535.6 0.709657320872 1090
vse 26 40021 -1 1.0 1.0 1 536.2 0.733440514469 1201
vse 26 40021 -1 1.0 1.0 1 353.7 0.440032154341 1210
vsn 26 40009 -1 0.7 0.977386580557 0 442.9 0.460303030303 69
vsn 26 40009 -1 1.0 1.0 1 445.3 0.632006920415 323
vsn 26 40009 -1 0.9 0.988860888926 1 554.2 0.791652754591 572
vsn 26 40009 -1 0.9 0.982674184646 1 554.2 0.762379421222 655
vsn 26 40009 -1 0.9 0.988860888926 1 554.2 0.762379421222 752
vsn 26 40009 -1 0.0 0.0 1 586.7 0.800473933649 944
vsn 26 40009 -1 0.0 0.0 1 586.7 0.800473933649 955
vsn 26 40009 -1 0.5 0.947322486734 1 572.0 0.753445635528 1045
vsn 26 40009 -1 0.4 0.946767676127 1 594.0 0.803125 1231
vsn 27 40021 -1 1.0 1.0 0 494.4 0.616363636364 70
vsn 27 40021 -1 1.0 1.0 0 199.9 0.218 301
vsn 27 40021 -1 1.0 1.0 1 348.6 0.453716216216 386
vsn 27 40021 -1 1.0 1.0 1 380.4 0.49652892562 589
vsn 27 40021 -1 1.0 1.0 1 377.7 0.492066115702 619
vsn 27 40021 -1 1.0 1.0 1 377.7 0.492066115702 649
vsn 27 40021 -1 1.0 1.0 1 401.8 0.529276315789 722
vsn 27 40021 -1 1.0 1.0 1 384.0 0.502479338843 770
vsn 27 40021 -1 1.0 1.0 1 432.6 0.575203915171 810
vsn 27 40021 -1 1.0 1.0 1 414.3 0.558096828047 937
vsn 27 40021 -1 1.0 1.0 1 450.8 0.600972447326 996
vsn 27 40021 -1 1.0 1.0 1 480.8 0.644372990354 1069
vsn 27 40021 -1 1.0 1.0 1 466.4 0.63240589198 1233
vsn 27 40021 -1 1.0 1.0 1 462.1 0.625368248773 1415
vsn 27 40021 -1 1.0 1.0 1 466.7 0.632896890344 1431
vsn 27 40021 -1 1.0 1.0 1 466.7 0.632896890344 1501
vsn 27 40021 -1 1.0 1.0 1 466.7 0.632896890344 1959
vse 27 40048 -1 1.0 1.0 0 490.7 0.621328671329 49
vse 27 40048 -1 1.0 1.0 0 530.2 0.692615384615 441
vse 27 40048 -1 1.0 1.0 0 458.5 0.619476268412 526
vse 27 40048 -1 1.0 1.0 0 470.8 0.642763157895 682
vse 27 40048 -1 1.0 1.0 0 480.3 0.668280467446 883
vse 27 40048 -1 1.0 1.0 0 460.8 0.635726210351 907
vse 27 40048 -1 1.0 1.0 0 488.1 0.640659340659 947
vse 27 40048 -1 1.0 1.0 0 485.3 0.698793103448 1022
vse 27 40048 -1 1.0 1.0 0 546.8 0.730516431925 1053
vse 27 40048 -1 1.0 1.0 0 612.2 0.82256568779 1145
vse 27 40048 -1 1.0 1.0 1 615.1 0.827047913447 1244
vse 22 40021 -1 0.9 0.982674184646 0 408.1 0.332517482517 22
vse 22 40021 -1 1.0 1.0 0 433.1 0.430606060606 34
vse 22 40021 -1 1.0 1.0 0 394.3 0.255719557196 50
vse 22 40021 -1 1.0 1.0 0 224.6 0.271804511278 320
vse 22 40021 -1 1.0 1.0 1 213.6 0.225675675676 333
vse 22 40021 -1 1.0 1.0 1 233.4 0.277898550725 389
vse 22 40021 -1 1.0 1.0 1 202.4 0.215492957746 675
vse 22 40021 -1 1.0 1.0 1 438.2 0.605067567568 687
vse 22 40021 -1 1.0 1.0 1 414.9 0.539291465378 733
vse 22 40021 -1 1.0 1.0 1 479.7 0.642604501608 798
vse 22 40021 -1 1.0 1.0 1 467.0 0.670710571924 844
vse 22 40021 -1 1.0 1.0 1 467.0 0.670710571924 1041
vse 22 40021 -1 1.0 1.0 1 530.8 0.723595505618 1211
vsn 22 40009 -1 1.0 1.0 0 545.6 0.764375 38
vsn 22 40009 -1 1.0 1.0 0 401.0 0.555363321799 201
vsn 22 40009 -1 1.0 1.0 1 401.9 0.559826086957 287
vsn 22 40009 -1 1.0 1.0 1 468.4 0.670811744387 609
vsn 22 40009 -1 0.9 1.0 1 448.5 0.636442141623 616
vsn 22 40009 -1 1.0 1.0 1 468.4 0.69605734767 718
vse 28 40048 -1 1.0 1.0 0 457.0 0.4 34
vse 28 40048 -1 1.0 1.0 0 457.0 0.4 38
vse 28 40048 -1 1.0 1.0 0 457.0 0.4 45
vse 28 40048 -1 1.0 1.0 0 622.0 0.832565284178 388
vse 28 40048 -1 1.0 1.0 1 608.7 0.757007575758 473
vsn 28 40021 -1 1.0 1.0 0 433.1 0.352054794521 67
vsn 28 40021 -1 1.0 1.0 0 456.3 0.66838365897 423
vsn 28 40021 -1 1.0 1.0 1 456.3 0.66838365897 430
vsn 28 40021 -1 1.0 1.0 1 383.4 0.488698630137 436
vsn 28 40021 -1 1.0 1.0 1 492.1 0.518336886994 464
vsn 28 40021 -1 1.0 1.0 1 491.8 0.517697228145 613
vsn 28 40021 -1 1.0 1.0 1 542.5 0.635699373695 1018
vse 29 40009 -1 0.8 0.960212346364 0 377.1 0.28801369863 39
vse 29 40009 -1 0.8 0.931982556852 0 364.7 0.232830188679 62
vse 29 40009 -1 0.5 0.714309715167 0 438.1 0.55553602812 371
vse 29 40009 -1 0.1 1.0 0 578.8 0.787096774194 498
vse 29 40009 -1 0.3 0.874607158378 0 620.4 0.815700934579 642
vse 29 40009 -1 0.1 1.0 1 569.8 0.751398601399 706
vse 29 40009 -1 0.0 0.0 1 614.0 0.82 866
vse 29 40009 -1 0.2 1.0 1 594.7 0.814398734177 963
vse 29 40009 -1 0.1 1.0 1 620.8 0.795463137996 1046
vsn 29 40048 -1 1.0 1.0 0 506.6 0.583399209486 63
vsn 29 40048 -1 1.0 1.0 0 455.8 0.538976377953 241
vsn 29 40048 -1 1.0 1.0 1 472.1 0.665087719298 499
vsn 29 40048 -1 1.0 1.0 1 693.8 0.934098360656 730
vsn 29 40048 -1 1.0 1.0 1 693.8 0.935782747604 780
vsn 29 40048 -1 1.0 1.0 1 698.9 0.932239382239 810
vsn 29 40048 -1 0.0 0.0 1 663.6 0.826976744186 1102
vsn 30 40009 -1 0.8 0.981495726985 0 475.7 0.540528634361 23
vsn 30 40009 -1 1.0 1.0 0 469.8 0.561538461538 71
vsn 30 40009 -1 0.8 0.988103235072 0 478.5 0.699600798403 555
vsn 30 40009 -1 0.0 0.0 1 0.0 -1 874
vsn 30 40009 -1 0.9 0.997085901983 1 516.1 0.694943820225 887
vsn 30 40009 -1 0.9 0.997085901983 1 516.1 0.694943820225 894
vsn 30 40009 -1 0.8 0.996147378625 1 526.6 0.778775510204 1024
vsn 30 40009 -1 0.8 0.984250613697 1 520.9 0.767142857143 1118
vsn 30 40009 -1 0.8 0.988103235072 1 497.8 0.72 1129
vse 30 40021 -1 1.0 1.0 0 487.8 0.468235294118 30
vse 30 40021 -1 0.2 0.815464876786 0 455.0 0.0 48
vse 30 40021 -1 0.1 0.333333333333 0 455.5 0.1 84
vse 30 40021 -1 0.2 0.815464876786 0 455.0 0.0 125
vse 30 40021 -1 0.2 0.815464876786 0 455.0 0.0 158
vse 30 40021 -1 0.9 0.973827093747 0 456.5 0.3 165
vse 30 40021 -1 1.0 1.0 0 428.6 0.331506849315 173
vse 30 40021 -1 1.0 1.0 1 302.6 0.341621621622 570
vse 30 40021 -1 1.0 1.0 1 302.4 0.341261261261 593
vse 30 40021 -1 1.0 1.0 1 363.4 0.479271070615 760
vse 30 40021 -1 1.0 1.0 1 385.1 0.52785467128 947
vse 30 40021 -1 1.0 1.0 1 375.8 0.423985239852 1195
vse 32 40048 -1 1.0 1.0 0 444.6 0.51512605042 64
vse 32 40048 -1 1.0 1.0 0 169.2 0.188185654008 156
vse 32 40048 -1 1.0 1.0 1 188.1 0.209902912621 203
vse 32 40048 -1 1.0 1.0 1 223.0 0.277669902913 349
vse 32 40048 -1 1.0 1.0 1 203.4 0.277927927928 360
vse 32 40048 -1 1.0 1.0 1 197.8 0.27523364486 385
vse 32 40048 -1 1.0 1.0 1 278.2 0.341035856574 435
vse 32 40048 -1 1.0 1.0 1 443.1 0.618307086614 505
vse 32 40048 -1 1.0 1.0 1 481.6 0.642504743833 580
vse 32 40048 -1 1.0 1.0 1 496.3 0.649448529412 728
vse 32 40048 -1 1.0 1.0 1 511.6 0.657884231537 917
vse 32 40048 -1 1.0 1.0 1 511.6 0.657884231537 931
vse 32 40048 -1 1.0 1.0 1 525.8 0.652441229656 1085
vse 32 40048 -1 1.0 1.0 1 472.8 0.574042553191 1188
vse 32 40048 -1 1.0 1.0 1 550.9 0.763261648746 1313
vsn 32 40021 -1 1.0 1.0 0 424.9 0.288785046729 28
vsn 32 40021 -1 1.0 1.0 0 409.2 0.363157894737 111
vsn 32 40021 -1 1.0 1.0 0 221.7 0.253488372093 164
vsn 32 40021 -1 1.0 1.0 1 246.8 0.298389982111 220
vsn 32 40021 -1 1.0 1.0 1 237.7 0.235501858736 258
vsn 32 40021 -1 1.0 1.0 1 285.2 0.412048192771 334
vsn 32 40021 -1 1.0 1.0 1 361.2 0.474893617021 471
vsn 32 40021 -1 1.0 1.0 1 371.5 0.458762886598 632
vsn 32 40021 -1 1.0 1.0 1 353.9 0.470197044335 702
vsn 32 40021 -1 1.0 1.0 1 402.5 0.503378378378 825
vsn 32 40021 -1 1.0 1.0 1 448.8 0.512927756654 922
vsn 32 40021 -1 1.0 1.0 1 462.3 0.559881422925 1020
vsn 32 40021 -1 1.0 1.0 1 478.3 0.59033530572 1135
vsn 32 40021 -1 1.0 1.0 1 476.7 0.593027888446 1278
vsn 33 40048 -1 1.0 1.0 0 481.4 0.362557077626 34
vsn 33 40048 -1 1.0 1.0 0 452.6 0.651398601399 181
vsn 33 40048 -1 1.0 1.0 1 465.3 0.60868878357 295
vsn 33 40048 -1 1.0 1.0 1 464.5 0.607424960506 383
vsn 33 40048 -1 0.1 1.0 1 654.3 0.857166392092 785
vsn 33 40048 -1 1.0 1.0 1 589.4 0.772307692308 860
vsn 33 40048 -1 1.0 1.0 1 522.4 0.620823244552 1046
vsn 33 40048 -1 1.0 1.0 1 513.0 0.598062953995 1232
vse 33 40009 -1 1.0 1.0 0 439.7 0.447703180212 46
vse 33 40009 -1 0.7 0.977386580557 0 482.9 0.692945326279 366
vse 34 40009 -1 0.7 0.832311308984 0 337.1 0.0971774193548 31
vse 34 40009 -1 1.0 1.0 0 525.6 0.707301587302 403
vse 34 40009 -1 1.0 1.0 1 525.6 0.707301587302 484
vsn 34 40048 -1 0.0 0.0 0 455.5 0.1 44
vsn 34 40048 -1 0.0 0.0 0 455.5 0.1 93
vsn 34 40048 -1 0.0 0.0 0 455.5 0.1 110
vsn 34 40048 -1 0.7 0.818364934149 0 455.5 0.1 133
vsn 34 40048 -1 0.0 0.0 0 455.5 0.1 182
vsn 34 40048 -1 0.0 0.0 0 455.5 0.1 190
vsn 34 40048 -1 0.0 0.0 0 455.5 0.1 235
vsn 34 40048 -1 0.7 0.818364934149 0 455.5 0.1 260
vsn 34 40048 -1 1.0 1.0 0 410.2 0.397333333333 281
vsn 34 40048 -1 1.0 1.0 0 384.4 0.51768707483 351
vsn 34 40048 -1 1.0 1.0 1 506.6 0.655726495726 531
vse 35 40021 -1 1.0 1.0 0 531.5 0.652380952381 48
vse 35 40021 -1 1.0 1.0 0 488.3 0.32735042735 85
vse 35 40021 -1 1.0 1.0 0 435.5 0.40625 139
vse 35 40021 -1 1.0 1.0 0 395.1 0.339247311828 257
vse 35 40021 -1 1.0 1.0 0 559.7 0.769983948636 463
vse 35 40021 -1 1.0 1.0 1 501.7 0.703151260504 629
vse 35 40021 -1 1.0 1.0 1 436.4 0.372048192771 819
vse 35 40021 -1 1.0 1.0 1 508.4 0.695668549906 1014
vse 35 40021 -1 1.0 1.0 1 453.7 0.642321428571 1136
vsn 35 40009 -1 0.9 0.997085901983 0 443.2 0.305434782609 22
vsn 35 40009 -1 0.9 1.0 0 462.0 0.622641509434 496
vsn 35 40009 -1 1.0 1.0 1 458.1 0.538309859155 557
vsn 35 40009 -1 0.9 0.997085901983 1 477.6 0.593827160494 663
vsn 35 40009 -1 0.8 0.981495726985 1 470.6 0.600829875519 796
vsn 35 40009 -1 0.7 0.953778065431 1 445.9 0.424926686217 1170
vsn 36 40021 -1 1.0 1.0 0 404.7 0.359565217391 39
vsn 36 40021 -1 1.0 1.0 0 388.6 0.523976608187 47
vsn 36 40021 -1 1.0 1.0 0 324.0 0.425828970332 162
vsn 36 40021 -1 1.0 1.0 1 392.3 0.529322033898 218
vsn 36 40021 -1 1.0 1.0 1 539.3 0.671677559913 294
vsn 36 40021 -1 1.0 1.0 1 557.0 0.695067264574 363
vsn 36 40021 -1 1.0 1.0 1 548.3 0.745700636943 484
vsn 36 40021 -1 1.0 1.0 1 570.8 0.724356435644 623
vsn 36 40021 -1 1.0 1.0 1 557.6 0.671393643032 676
vsn 36 40021 -1 1.0 1.0 1 557.6 0.671393643032 756
vsn 36 40021 -1 1.0 1.0 1 584.2 0.76875 860
vsn 36 40021 -1 1.0 1.0 1 577.9 0.684597156398 984
vsn 36 40021 -1 1.0 1.0 1 593.4 0.746610169492 1048
vsn 36 40021 -1 1.0 1.0 1 609.2 0.844601769912 1139
vsn 36 40021 -1 1.0 1.0 1 606.9 0.79573283859 1196
vse 36 40048 -1 1.0 1.0 0 420.0 0.425742574257 21
vse 36 40048 -1 1.0 1.0 0 480.4 0.60190023753 229
vse 36 40048 -1 1.0 1.0 1 497.5 0.630718954248 283
vse 36 40048 -1 0.9 0.997085901983 1 556.2 0.760616438356 411
vse 36 40048 -1 1.0 1.0 1 421.2 0.6824 421
vse 36 40048 -1 1.0 1.0 1 435.0 0.631672597865 505
vse 36 40048 -1 1.0 1.0 1 436.1 0.604584040747 555
vse 37 40048 -1 0.0 0.0 0 455.5 0.1 21
vse 37 40048 -1 0.0 0.0 0 455.5 0.1 27
vse 37 40048 -1 1.0 1.0 0 443.2 0.527125506073 54
vse 37 40048 -1 1.0 1.0 0 514.9 0.709461663948 201
vse 37 40048 -1 1.0 1.0 1 527.1 0.722294022617 263
vse 37 40048 -1 1.0 1.0 1 498.7 0.726909722222 275
vse 37 40048 -1 1.0 1.0 1 581.6 0.79619047619 387
vse 37 40048 -1 1.0 1.0 1 562.8 0.766349206349 434
vse 37 40048 -1 1.0 1.0 1 609.0 0.852739726027 597
vse 37 40048 -1 1.0 1.0 1 504.0 0.679794520548 637
vse 37 40048 -1 1.0 1.0 1 611.6 0.84262295082 741
vse 37 40048 -1 1.0 1.0 1 594.9 0.82265758092 841
vsn 37 40021 -1 1.0 1.0 0 487.8 0.468235294118 16
vsn 37 40021 -1 1.0 1.0 0 503.4 0.571982758621 143
vsn 37 40021 -1 1.0 1.0 1 469.7 0.55237020316 203
vsn 37 40021 -1 1.0 1.0 1 493.6 0.655125284738 393
vsn 37 40021 -1 1.0 1.0 1 534.4 0.636658932715 620
vsn 37 40021 -1 1.0 1.0 1 587.7 0.699739583333 648
vsn 37 40021 -1 1.0 1.0 1 524.5 0.626777251185 758
vsn 37 40021 -1 1.0 1.0 1 524.5 0.534340659341 816
vse 31 40021 -1 1.0 1.0 0 373.4 0.0951111111111 41
vse 31 40021 -1 1.0 1.0 0 334.3 0.3574204947 137
vse 31 40021 -1 1.0 1.0 0 449.4 0.545009416196 204
vse 31 40021 -1 1.0 1.0 1 325.1 0.459849906191 431
vse 31 40021 -1 1.0 1.0 1 242.3 0.338830897704 557
vse 31 40021 -1 0.2 1.0 1 354.6 0.44077046549 682
vse 31 40021 -1 1.0 1.0 1 352.1 0.481459566075 724
vse 31 40021 -1 1.0 1.0 1 328.6 0.423509369676 862
vse 31 40021 -1 0.9 0.993478637514 1 356.2 0.515298507463 897
vse 31 40021 -1 0.9 1.0 1 363.1 0.515664845173 1073
vse 31 40021 -1 1.0 1.0 1 301.5 0.354578096948 1117
vse 31 40021 -1 1.0 1.0 1 466.6 0.644333333333 1195
vse 31 40021 -1 0.9 0.988860888926 1 337.7 0.370615034169 1287
vsn 31 40009 -1 0.8 0.963262422169 0 438.2 0.349579831933 39
vsn 31 40009 -1 0.3 0.95023441679 0 437.8 0.619031141869 103
vsn 31 40009 -1 0.6 0.957789440982 0 388.6 0.533910034602 133
vsn 31 40009 -1 0.6 0.957789440982 0 388.6 0.533910034602 182
vsn 31 40009 -1 0.5 0.972668729718 0 566.6 0.756280587276 410
vsn 31 40009 -1 1.0 1.0 0 528.4 0.700366300366 470
vsn 31 40009 -1 0.7 0.794756419023 0 569.7 0.789500860585 573
vsn 31 40009 -1 0.8 0.957100038851 0 512.0 0.734432234432 617
vsn 31 40009 -1 0.8 0.92887024934 0 512.0 0.734432234432 669
vsn 31 40009 -1 0.8 0.920085791925 0 508.3 0.733025830258 696
vsn 31 40009 -1 0.8 0.968194258209 0 500.4 0.66679462572 844
vsn 31 40009 -1 0.8 0.968194258209 0 450.4 0.6 955
vsn 31 40009 -1 0.8 0.968194258209 0 450.4 0.6 1047
vsn 31 40009 -1 0.8 0.968194258209 0 500.4 0.66679462572 1112
vsn 31 40009 -1 0.8 0.913478283837 0 545.2 0.694159292035 1171
vsn 31 40009 -1 0.8 0.932259225947 0 559.3 0.803531598513 1291
vsn 31 40009 -1 0.8 0.932259225947 1 559.3 0.803531598513 1339
vsn 31 40009 -1 0.8 0.932259225947 1 567.9 0.756814449918 1459
