sys userno topicid top5 top10 inum
vsb 01 40009 1.0 0.9 0
vsb 01 40009 1.0 1.0 0
vsb 01 40009 1.0 1.0 0
vsb 01 40009 1.0 0.9 0
vsb 01 40009 1.0 1.0 0
vsb 01 40009 1.0 1.0 1
vsb 01 40009 1.0 1.0 1
vsb 01 40009 1.0 1.0 1
vsb 01 40009 1.0 0.9 1
vsb 01 40009 1.0 0.9 1
vsb 01 40009 1.0 0.9 1
vsb 01 40009 1.0 0.9 1
vsb 01 40009 1.0 0.9 1
vsb 01 40009 1.0 0.9 1
vsb 01 40009 1.0 0.9 1
vsb 01 40009 1.0 0.9 1
vsb 01 40002 1.0 1.0 0
vsb 01 40002 1.0 1.0 0
vsb 01 40002 1.0 1.0 1
vsb 01 40002 1.0 1.0 1
vsb 01 40002 1.0 1.0 1
vsb 01 40002 1.0 1.0 1
vsb 01 40002 1.0 1.0 1
vsb 01 40002 0.6 0.7 1
vsb 01 40002 0.8 0.9 1
vsb 01 40002 1.0 1.0 1
vsb 01 40002 1.0 1.0 1
vsb 01 40002 1.0 0.9 1
vsb 01 40002 1.0 1.0 1
vsb 01 40002 1.0 1.0 1
vsb 02 40048 1.0 1.0 0
vsb 02 40048 1.0 1.0 1
vsb 02 40048 1.0 1.0 1
vsb 02 40048 1.0 1.0 1
vsb 02 40048 1.0 1.0 1
vsb 02 40048 1.0 1.0 1
vsb 02 40048 1.0 1.0 1
vsb 02 40048 1.0 1.0 1
vsb 02 40048 1.0 1.0 1
vsb 02 40026 0.4 0.6 0
vsb 02 40026 0.6 0.5 0
vsb 02 40026 0.6 0.6 0
vsb 02 40026 0.0 0.0 1
vsb 02 40026 1.0 0.9 1
vsb 02 40026 0.8 0.8 1
vsb 02 40026 0.8 0.9 1
vsb 02 40026 0.8 0.9 1
vsb 02 40026 0.8 0.9 1
vsb 10 40009 1.0 1.0 0
vsb 10 40009 0.8 0.7 0
vsb 10 40009 0.8 0.7 0
vsb 10 40009 0.0 0.1 0
vsb 10 40009 0.8 0.8 0
vsb 10 40009 0.8 0.7 0
vsb 10 40009 1.0 0.9 1
vsb 10 40009 1.0 1.0 1
vsb 10 40009 0.6 0.4 1
vsb 10 40009 1.0 1.0 1
vsb 10 40009 1.0 0.9 1
vsb 10 40009 0.6 0.7 1
vsb 10 40009 0.0 0.0 1
vsb 10 40009 0.0 0.0 1
vsb 10 40009 0.4 0.5 1
vsb 10 40009 0.4 0.4 1
vsb 11 40021 1.0 1.0 0
vsb 11 40021 1.0 1.0 1
vsb 11 40021 1.0 1.0 1
vsb 11 40021 1.0 1.0 1
vsb 11 40021 1.0 1.0 1
vsb 11 40021 1.0 1.0 1
vsb 11 40021 1.0 1.0 1
vsb 11 40021 1.0 1.0 1
vsb 11 40021 1.0 1.0 1
vsb 03 40048 1.0 1.0 0
vsb 03 40048 1.0 1.0 0
vsb 20 40021 1.0 1.0 0
vsb 20 40021 1.0 1.0 1
vsb 20 40021 1.0 1.0 1
vsb 20 40021 1.0 1.0 1
vsb 20 40021 1.0 1.0 1
vsb 20 40021 1.0 1.0 1
vsb 20 40021 1.0 1.0 1
vsb 20 40021 1.0 1.0 1
vsb 20 40021 1.0 1.0 1
vsb 04 40048 0.2 0.3 0
vsb 04 40048 0.2 0.3 0
vsb 04 40048 0.0 0.0 0
vsb 04 40048 1.0 1.0 0
vsb 04 40048 1.0 1.0 1
vsb 04 40048 1.0 1.0 1
vsb 04 40048 1.0 1.0 1
vsb 04 40048 1.0 1.0 1
vsb 04 40048 0.8 0.5 1
vsb 04 40048 0.0 0.0 1
vsb 05 40009 1.0 0.8 0
vsb 05 40009 0.8 0.7 0
vsb 05 40009 1.0 0.9 0
vsb 05 40009 1.0 0.8 0
vsb 07 40021 1.0 1.0 0
vsb 07 40021 1.0 1.0 1
vsb 07 40021 1.0 1.0 1
vsb 07 40021 1.0 1.0 1
vsb 07 40021 1.0 1.0 1
vsb 07 40021 1.0 1.0 1
vsb 07 40021 1.0 1.0 1
vsb 07 40021 1.0 1.0 1
vsb 07 40021 1.0 1.0 1
vsb 07 40021 1.0 1.0 1
vsb 08 40048 1.0 1.0 0
vsb 08 40048 1.0 1.0 0
vsb 08 40048 0.8 0.7 0
vsb 08 40048 0.4 0.7 1
vsb 08 40048 1.0 1.0 1
vsb 08 40048 1.0 0.9 1
vsb 08 40048 1.0 0.8 1
vsb 08 40048 1.0 1.0 1
vsb 08 40048 1.0 1.0 1
vsb 08 40048 1.0 1.0 1
vsb 08 40048 1.0 1.0 1
vsb 08 40048 1.0 1.0 1
vsb 08 40048 1.0 1.0 1
vsb 08 40048 1.0 1.0 1
vsb 08 40048 1.0 1.0 1
vsb 08 40048 1.0 1.0 1
vsb 08 40048 1.0 1.0 1
vsb 08 40048 1.0 1.0 1
vsb 08 40048 1.0 1.0 1
vsb 08 40048 1.0 1.0 1
vsb 08 40048 1.0 1.0 1
vsb 08 40048 1.0 1.0 1
vsb 09 40009 0.6 0.6 0
vsb 09 40009 0.8 0.7 0
vsb 09 40009 0.4 0.6 0
vsb 09 40009 0.8 0.7 0
vsb 09 40009 1.0 0.9 1
vsb 09 40009 0.8 0.9 1
vsb 09 40009 0.8 0.9 1
vsb 09 40009 0.8 0.9 1
vsb 09 40009 0.8 0.9 1
vsb 09 40009 0.2 0.1 1
vsb 09 40009 0.2 0.1 1
vsb 09 40009 1.0 0.8 1
vsb 06 40021 1.0 1.0 0
vsb 06 40021 0.0 0.0 0
vsb 06 40021 1.0 1.0 0
vsb 06 40021 1.0 1.0 1
vsb 06 40021 1.0 1.0 1
vsb 06 40021 1.0 1.0 1
vsb 13 40048 1.0 1.0 0
vsb 13 40048 1.0 1.0 0
vsb 13 40048 1.0 1.0 0
vsb 13 40048 1.0 1.0 0
vsb 13 40048 1.0 1.0 1
vsb 13 40048 0.0 0.0 1
vsb 13 40048 0.0 0.0 1
vsb 13 40048 0.0 0.0 1
vsb 13 40048 1.0 1.0 1
vsb 13 40048 0.0 0.0 1
vsb 13 40048 1.0 1.0 1
vsb 13 40048 1.0 1.0 1
vsb 13 40048 1.0 1.0 1
vsb 13 40048 1.0 1.0 1
vsb 14 40009 1.0 1.0 0
vsb 14 40009 1.0 0.9 0
vsb 14 40009 1.0 0.9 0
vsb 14 40009 1.0 0.9 0
vsb 14 40009 0.8 0.6 0
vsb 14 40009 1.0 0.9 0
vsb 14 40009 0.8 0.9 1
vsb 14 40009 1.0 1.0 1
vsb 14 40009 0.8 0.9 1
vsb 14 40009 0.4 0.5 1
vsb 14 40009 0.6 0.6 1
vsb 14 40009 0.6 0.6 1
vsb 14 40009 0.2 0.6 1
vsb 14 40009 0.8 0.9 1
vsb 14 40009 0.8 0.9 1
vsb 14 40009 1.0 0.9 1
vsb 14 40009 1.0 0.8 1
vsb 14 40009 1.0 0.9 1
vsb 14 40009 1.0 0.9 1
vsb 14 40009 1.0 0.9 1
vsb 14 40009 0.8 0.6 1
vsb 14 40009 1.0 0.8 1
vsb 14 40009 1.0 0.9 1
vsb 14 40009 1.0 0.9 1
vsb 14 40009 1.0 0.9 1
vsb 14 40009 1.0 0.9 1
vsb 14 40009 1.0 0.9 1
vsb 15 40021 1.0 1.0 0
vsb 15 40021 0.8 0.8 0
vsb 15 40021 1.0 1.0 1
vsb 15 40021 1.0 1.0 1
vsb 15 40021 1.0 1.0 1
vsb 15 40021 1.0 1.0 1
vsb 15 40021 1.0 1.0 1
vsb 15 40021 1.0 1.0 1
vsb 15 40021 1.0 1.0 1
vsb 16 40021 1.0 1.0 0
vsb 16 40021 1.0 1.0 0
vsb 16 40021 1.0 1.0 0
vsb 16 40021 1.0 1.0 0
vsb 16 40021 1.0 1.0 0
vsb 16 40021 1.0 1.0 0
vsb 16 40021 1.0 1.0 0
vsb 16 40021 1.0 1.0 1
vsb 16 40021 1.0 1.0 1
vsb 16 40021 1.0 1.0 1
vsb 16 40021 1.0 1.0 1
vsb 16 40021 0.0 0.0 1
vsb 16 40021 0.0 0.0 1
vsb 16 40021 1.0 1.0 1
vsb 16 40021 1.0 1.0 1
vsb 16 40021 1.0 1.0 1
vsb 16 40021 1.0 1.0 1
vsb 16 40021 1.0 1.0 1
vsb 16 40021 1.0 1.0 1
vsb 16 40021 1.0 1.0 1
vsb 16 40021 1.0 1.0 1
vsb 16 40021 1.0 1.0 1
vsb 16 40021 1.0 1.0 1
vsb 16 40021 1.0 1.0 1
vsb 16 40021 1.0 1.0 1
vsb 16 40021 1.0 1.0 1
vsb 16 40021 1.0 1.0 1
vsb 16 40021 1.0 1.0 1
vsb 17 40048 1.0 1.0 0
vsb 17 40048 1.0 1.0 1
vsb 17 40048 1.0 1.0 1
vsb 17 40048 1.0 1.0 1
vsb 17 40048 1.0 1.0 1
vsb 17 40048 1.0 1.0 1
vsb 17 40048 1.0 1.0 1
vsb 17 40048 0.0 0.0 1
vsb 17 40048 1.0 1.0 1
vsb 17 40048 1.0 1.0 1
vsb 17 40048 1.0 1.0 1
vsb 17 40048 0.0 0.1 1
vsb 17 40048 0.0 0.0 1
vsb 17 40048 1.0 1.0 1
vsb 17 40048 1.0 1.0 1
vsb 17 40048 1.0 1.0 1
vsb 17 40048 1.0 1.0 1
vsb 17 40048 1.0 1.0 1
vsb 17 40048 0.0 0.0 1
vsb 17 40048 1.0 1.0 1
vsb 17 40048 1.0 1.0 1
vsb 17 40048 1.0 1.0 1
vsb 17 40048 1.0 1.0 1
vsb 17 40048 1.0 1.0 1
vsb 18 40009 1.0 1.0 0
vsb 18 40009 1.0 1.0 0
vsb 19 40009 1.0 0.9 0
vsb 19 40009 1.0 0.8 0
vsb 19 40009 1.0 0.9 0
vsb 19 40009 1.0 0.9 1
vsb 19 40009 0.2 0.1 1
vsb 19 40009 0.0 0.0 1
vsb 19 40009 0.2 0.1 1
vsb 19 40009 0.2 0.1 1
vsb 19 40009 1.0 0.9 1
vsb 19 40009 1.0 1.0 1
vsb 19 40009 1.0 0.9 1
vsb 21 40048 1.0 1.0 0
vsb 21 40048 1.0 1.0 0
vsb 21 40048 1.0 1.0 1
vsb 21 40048 1.0 1.0 1
vsb 21 40048 1.0 1.0 1
vsb 21 40048 1.0 1.0 1
vsb 21 40048 0.2 0.1 1
vsb 21 40048 0.2 0.1 1
vsb 21 40048 0.2 0.1 1
vsb 21 40048 1.0 0.9 1
vsb 21 40048 1.0 1.0 1
vsb 21 40048 1.0 1.0 1
vsb 21 40048 0.8 0.8 1
vsb 21 40048 1.0 0.8 1
vsb 21 40048 1.0 1.0 1
vsb 12 40048 0.4 0.7 0
vsb 12 40048 1.0 1.0 0
vsb 12 40048 1.0 1.0 1
vsb 12 40048 1.0 1.0 1
vsb 12 40048 1.0 1.0 1
vsb 12 40048 1.0 1.0 1
vsb 12 40048 1.0 1.0 1
vsb 12 40048 1.0 1.0 1
vsb 12 40048 1.0 1.0 1
vsb 23 40009 1.0 0.9 0
vsb 23 40009 0.8 0.9 0
vsb 23 40009 1.0 1.0 0
vsb 23 40009 1.0 1.0 1
vsb 24 40021 1.0 1.0 0
vsb 24 40021 1.0 1.0 0
vsb 24 40021 1.0 1.0 0
vsb 24 40021 1.0 1.0 1
vsb 24 40021 1.0 1.0 1
vsb 24 40021 1.0 1.0 1
vsb 24 40021 1.0 1.0 1
vsb 25 40021 1.0 1.0 0
vsb 25 40021 1.0 1.0 0
vsb 25 40021 1.0 1.0 1
vsb 25 40021 1.0 1.0 1
vsb 25 40021 1.0 1.0 1
vsb 25 40021 1.0 1.0 1
vsb 25 40021 1.0 1.0 1
vsb 25 40021 1.0 1.0 1
vsb 25 40021 1.0 1.0 1
vsb 25 40021 1.0 1.0 1
vsb 25 40021 1.0 1.0 1
vsb 25 40021 1.0 1.0 1
vsb 25 40021 1.0 1.0 1
vsb 26 40048 0.0 0.0 0
vsb 26 40048 0.0 0.0 0
vsb 26 40048 1.0 0.9 0
vsb 26 40048 1.0 1.0 1
vsb 26 40048 1.0 1.0 1
vsb 26 40048 1.0 1.0 1
vsb 26 40048 1.0 1.0 1
vsb 26 40048 1.0 1.0 1
vsb 26 40048 1.0 1.0 1
vsb 26 40048 1.0 1.0 1
vsb 26 40048 1.0 1.0 1
vsb 26 40048 1.0 1.0 1
vsb 26 40048 1.0 1.0 1
vsb 27 40009 1.0 0.8 0
vsb 27 40009 0.8 0.9 1
vsb 27 40009 0.8 0.8 1
vsb 27 40009 0.8 0.8 1
vsb 27 40009 0.8 0.8 1
vsb 27 40009 0.8 0.8 1
vsb 27 40009 0.6 0.7 1
vsb 27 40009 0.6 0.8 1
vsb 27 40009 0.0 0.1 1
vsb 22 40048 1.0 0.9 0
vsb 22 40048 1.0 1.0 0
vsb 22 40048 1.0 1.0 1
vsb 22 40048 1.0 1.0 1
vsb 22 40048 1.0 1.0 1
vsb 22 40048 1.0 0.9 1
vsb 22 40048 1.0 1.0 1
vsb 22 40048 1.0 1.0 1
vsb 22 40048 1.0 0.8 1
vsb 22 40048 1.0 1.0 1
vsb 22 40048 1.0 1.0 1
vsb 22 40048 1.0 1.0 1
vsb 22 40048 1.0 1.0 1
vsb 28 40009 0.8 0.9 0
vsb 28 40009 0.8 0.9 0
vsb 28 40009 1.0 1.0 0
vsb 29 40021 1.0 1.0 0
vsb 29 40021 1.0 1.0 0
vsb 29 40021 0.4 0.5 1
vsb 29 40021 1.0 1.0 1
vsb 29 40021 1.0 1.0 1
vsb 29 40021 1.0 1.0 1
vsb 29 40021 1.0 1.0 1
vsb 29 40021 1.0 1.0 1
vsb 29 40021 1.0 1.0 1
vsb 29 40021 1.0 1.0 1
vsb 29 40021 1.0 1.0 1
vsb 29 40021 1.0 1.0 1
vsb 29 40021 1.0 1.0 1
vsb 29 40021 1.0 1.0 1
vsb 29 40021 1.0 1.0 1
vsb 29 40021 1.0 1.0 1
vsb 30 40048 1.0 1.0 0
vsb 30 40048 1.0 1.0 1
vsb 30 40048 1.0 1.0 1
vsb 30 40048 0.0 0.0 1
vsb 30 40048 0.0 0.0 1
vsb 30 40048 1.0 0.9 1
vsb 30 40048 1.0 1.0 1
vsb 30 40048 1.0 1.0 1
vsb 30 40048 1.0 1.0 1
vsb 30 40048 1.0 1.0 1
vsb 30 40048 0.8 0.9 1
vsb 30 40048 1.0 1.0 1
vsb 30 40048 1.0 1.0 1
vsb 32 40009 0.8 0.8 0
vsb 32 40009 1.0 0.9 0
vsb 32 40009 0.8 0.8 1
vsb 32 40009 0.8 0.8 1
vsb 32 40009 1.0 0.9 1
vsb 32 40009 0.0 0.0 1
vsb 32 40009 1.0 0.9 1
vsb 32 40009 1.0 1.0 1
vsb 32 40009 1.0 1.0 1
vsb 32 40009 0.8 0.8 1
vsb 32 40009 0.8 0.8 1
vsb 32 40009 0.0 0.0 1
vsb 32 40009 1.0 0.8 1
vsb 32 40009 0.8 0.8 1
vsb 32 40009 0.2 0.1 1
vsb 33 40021 1.0 1.0 0
vsb 33 40021 1.0 1.0 0
vsb 33 40021 1.0 1.0 1
vsb 33 40021 1.0 0.8 1
vsb 33 40021 1.0 0.8 1
vsb 33 40021 1.0 1.0 1
vsb 33 40021 1.0 1.0 1
vsb 33 40021 1.0 1.0 1
vsb 33 40021 1.0 1.0 1
vsb 33 40021 1.0 1.0 1
vsb 33 40021 1.0 1.0 1
vsb 34 40021 1.0 1.0 0
vsb 34 40021 1.0 1.0 0
vsb 34 40021 1.0 1.0 1
vsb 34 40021 1.0 1.0 1
vsb 34 40021 1.0 1.0 1
vsb 34 40021 1.0 1.0 1
vsb 34 40021 1.0 1.0 1
vsb 34 40021 1.0 1.0 1
vsb 34 40021 1.0 1.0 1
vsb 34 40021 1.0 1.0 1
vsb 34 40021 1.0 1.0 1
vsb 34 40021 1.0 1.0 1
vsb 34 40021 1.0 1.0 1
vsb 34 40021 1.0 1.0 1
vsb 34 40021 1.0 1.0 1
vsb 34 40021 1.0 1.0 1
vsb 35 40048 1.0 1.0 0
vsb 35 40048 1.0 1.0 1
vsb 35 40048 1.0 1.0 1
vsb 35 40048 1.0 1.0 1
vsb 35 40048 1.0 1.0 1
vsb 35 40048 1.0 1.0 1
vsb 35 40048 1.0 1.0 1
vsb 35 40048 1.0 1.0 1
vsb 35 40048 1.0 1.0 1
vsb 35 40048 1.0 1.0 1
vsb 35 40048 1.0 1.0 1
vsb 35 40048 1.0 1.0 1
vsb 35 40048 0.8 0.8 1
vsb 35 40048 1.0 1.0 1
vsb 35 40048 1.0 1.0 1
vsb 35 40048 1.0 1.0 1
vsb 35 40048 1.0 1.0 1
vsb 35 40048 1.0 1.0 1
vsb 35 40048 1.0 1.0 1
vsb 35 40048 1.0 1.0 1
vsb 35 40048 1.0 1.0 1
vsb 36 40009 1.0 0.8 0
vsb 36 40009 1.0 1.0 1
vsb 36 40009 1.0 1.0 1
vsb 36 40009 1.0 1.0 1
vsb 36 40009 1.0 1.0 1
vsb 36 40009 1.0 1.0 1
vsb 36 40009 1.0 1.0 1
vsb 36 40009 1.0 1.0 1
vsb 36 40009 1.0 1.0 1
vsb 36 40009 1.0 1.0 1
vsb 36 40009 1.0 1.0 1
vsb 37 40009 1.0 0.8 0
vsb 37 40009 0.8 0.9 1
vsb 37 40009 0.8 0.7 1
vsb 37 40009 0.6 0.7 1
vsb 37 40009 0.8 0.7 1
vsb 37 40009 0.8 0.8 1
vsb 37 40009 0.4 0.6 1
vsb 31 40048 1.0 1.0 0
vsb 31 40048 1.0 1.0 1
vsb 31 40048 1.0 1.0 1
vsb 31 40048 1.0 1.0 1
vsb 31 40048 1.0 1.0 1
vsb 31 40048 1.0 1.0 1
vsb 31 40048 1.0 1.0 1
vsb 31 40048 1.0 1.0 1
vsb 31 40048 1.0 1.0 1
vsb 31 40048 1.0 1.0 1
vsb 31 40048 1.0 1.0 1
vsb 31 40048 1.0 1.0 1
vsb 31 40048 0.8 0.9 1
vsb 31 40048 0.8 0.9 1
vsb 31 40048 1.0 1.0 1
vsb 31 40048 1.0 1.0 1
vsb 31 40048 1.0 1.0 1
vsb 31 40048 1.0 1.0 1
vsb 31 40048 1.0 1.0 1
vsb 31 40048 0.2 0.1 1
vsb 31 40048 1.0 1.0 1
vsb 31 40048 1.0 1.0 1
vsb 31 40048 0.2 0.1 1
vsb 31 40048 1.0 1.0 1
vsb 31 40048 0.0 0.0 1
vsb 31 40048 0.0 0.0 1
vsb 31 40048 1.0 1.0 1
vsb 31 40048 1.0 1.0 1
vsb 31 40048 1.0 1.0 1
