sys userno topicid top5 top10 inum avgx ratiox
vsb 01 40009 -1 1.0 0 80.5 0.1
vsb 01 40009 -1 1.0 0 166.9 0.174148296593
vsb 01 40009 -1 1.0 1 166.9 0.174148296593
vsb 01 40009 -1 1.0 1 166.9 0.174148296593
vsb 01 40009 -1 1.0 1 197.2 0.234869739479
vsb 01 40009 -1 1.0 1 126.2 0.0888461538462
vsb 01 40009 -1 1.0 1 114.4 0.0661538461538
vsb 01 40009 -1 1.0 1 337.6 0.536666666667
vsb 01 40009 -1 0.9 1 291.3 0.440208333333
vsb 01 40009 -1 0.9 1 291.3 0.440208333333
vsb 01 40009 -1 0.9 1 284.9 0.50343980344
vsb 01 40009 -1 0.9 1 284.9 0.50343980344
vsb 01 40009 -1 0.9 1 284.9 0.50343980344
vse 01 40048 -1 0.9 0 80.5 0.1
vse 01 40048 -1 0.9 0 81.0 0.2
vse 01 40048 -1 0.9 0 81.0 0.2
vse 01 40048 -1 0.9 0 227.0 0.257894736842
vse 01 40048 -1 0.9 1 227.0 0.257894736842
vse 01 40048 -1 0.9 1 270.6 0.349084249084
vse 01 40048 -1 0.9 1 270.6 0.349084249084
vse 01 40048 -1 0.9 1 265.9 0.340476190476
vse 01 40048 -1 0.9 1 270.6 0.349084249084
vse 01 40048 -1 0.9 1 293.0 0.371080139373
vse 01 40048 -1 0.9 1 293.0 0.371080139373
vse 01 40048 -1 0.9 1 304.7 0.404136690647
vse 01 40048 -1 0.9 1 304.7 0.404136690647
vse 01 40048 -1 0.9 1 268.7 0.358064516129
vse 01 40048 -1 0.9 1 268.7 0.358064516129
vse 01 40048 -1 0.9 1 257.1 0.337977099237
vse 01 40048 -1 0.9 1 257.1 0.337977099237
vse 01 40048 -1 0.9 1 251.8 0.324763705104
vse 01 40048 -1 0.9 1 251.8 0.324763705104
vse 01 40026 -1 0.7 0 80.5 0.1
vse 01 40026 -1 0.7 0 80.5 0.1
vse 01 40026 -1 0.7 0 80.5 0.1
vse 01 40026 -1 0.9 0 365.2 0.562524654832
vse 01 40026 -1 0.9 1 377.7 0.583725490196
vse 01 40026 -1 0.9 1 294.2 0.379115044248
vse 01 40026 -1 0.9 1 294.2 0.379115044248
vse 01 40026 -1 0.9 1 340.1 0.460353982301
vse 01 40026 -1 0.9 1 340.1 0.460353982301
vse 01 40026 -1 0.9 1 491.6 0.715826086957
vse 01 40026 -1 0.9 1 491.6 0.715826086957
vse 01 40026 -1 0.9 1 442.3 0.657531760436
vse 01 40026 -1 0.9 1 442.3 0.657531760436
vse 01 40026 -1 0.9 1 480.9 0.718458781362
vse 01 40026 -1 0.9 1 480.9 0.718458781362
vse 02 40009 -1 0.9 0 81.0 0.2
vse 02 40009 -1 0.7 0 150.9 0.160407239819
vse 02 40009 -1 0.7 0 150.9 0.160407239819
vse 02 40009 -1 1.0 0 241.5 0.498456790123
vse 02 40009 -1 1.0 1 241.5 0.498456790123
vse 02 40009 -1 0.9 1 263.4 0.466666666667
vse 02 40009 -1 0.9 1 263.4 0.466666666667
vse 02 40009 -1 0.9 1 224.6 0.469480519481
vse 02 40009 -1 1.0 1 225.8 0.468810289389
vse 02 40009 -1 1.0 1 113.3 0.189204545455
vse 02 40009 -1 1.0 1 113.3 0.189204545455
vse 02 40009 -1 1.0 1 345.1 0.53126252505
vse 02 40009 -1 1.0 1 113.3 0.189204545455
vse 02 40009 -1 1.0 1 111.5 0.0867768595041
vse 02 40009 -1 1.0 1 112.4 0.0642857142857
vse 02 40009 -1 1.0 1 112.4 0.0642857142857
vse 02 40009 -1 1.0 1 108.8 0.0571428571429
vse 02 40009 -1 1.0 1 211.0 0.255859375
vse 02 40009 -1 1.0 1 211.0 0.255859375
vse 02 40009 -1 0.9 1 352.8 0.554471544715
vse 02 40009 -1 0.9 1 353.4 0.521755725191
vse 02 40009 -1 0.9 1 353.4 0.521755725191
vse 02 40009 -1 0.9 1 342.8 0.494915254237
vse 02 40009 -1 0.9 1 342.8 0.494915254237
vse 02 40009 -1 0.9 1 329.2 0.469303201507
vse 02 40009 -1 0.9 1 329.2 0.469303201507
vse 02 40009 -1 0.9 1 288.1 0.392641509434
vse 02 40009 -1 0.9 1 288.1 0.392641509434
vse 02 40002 -1 0.8 0 80.0 0.0
vse 02 40002 -1 0.8 0 80.0 0.0
vse 02 40002 -1 0.9 0 251.9 0.329310344828
vse 02 40002 -1 0.9 1 251.9 0.329310344828
vse 02 40002 -1 0.8 1 400.6 0.514606741573
vse 02 40002 -1 0.8 1 400.6 0.514606741573
vse 02 40002 -1 0.8 1 134.8 0.110040160643
vse 02 40002 -1 0.8 1 134.8 0.110040160643
vse 02 40002 -1 0.7 1 148.2 0.144186046512
vse 02 40002 -1 0.7 1 148.2 0.144186046512
vse 02 40002 -1 0.7 1 148.2 0.14388185654
vse 02 40002 -1 0.7 1 148.2 0.14388185654
vse 02 40002 -1 0.5 1 369.7 0.470292207792
vse 02 40002 -1 0.7 1 290.2 0.374021352313
vse 02 40002 -1 0.8 1 317.4 0.417223198594
vse 02 40002 -1 0.8 1 317.4 0.417223198594
vse 02 40002 -1 0.8 1 295.0 0.377855887522
vse 02 40002 -1 0.8 1 295.0 0.377855887522
vse 02 40002 -1 0.9 1 285.3 0.339338842975
vse 02 40002 -1 0.9 1 389.8 0.331147540984
vse 02 40002 -1 0.9 1 333.5 0.429661016949
vse 02 40002 -1 0.9 1 350.9 0.459152542373
vse 02 40002 -1 0.9 1 350.9 0.459152542373
vse 02 40002 -1 0.9 1 288.2 0.344701986755
vse 10 40048 -1 0.9 0 81.5 0.3
vse 10 40048 -1 1.0 0 81.0 0.2
vse 10 40048 -1 0.9 0 81.5 0.3
vse 10 40048 -1 0.0 0 80.5 0.1
vse 10 40048 -1 1.0 0 80.5 0.1
vse 10 40048 -1 1.0 0 81.5 0.3
vse 10 40048 -1 1.0 0 81.5 0.3
vse 10 40048 -1 0.9 0 170.2 0.192735042735
vse 10 40048 -1 0.9 1 170.2 0.192735042735
vse 10 40048 -1 1.0 1 316.3 0.445009416196
vse 10 40048 -1 1.0 1 316.3 0.445009416196
vse 10 40048 -1 1.0 1 301.9 0.43003875969
vse 10 40048 -1 1.0 1 301.9 0.43003875969
vse 10 40048 -1 1.0 1 313.3 0.450386100386
vse 10 40048 -1 1.0 1 313.3 0.450386100386
vse 10 40048 -1 1.0 1 364.0 0.540952380952
vse 10 40048 -1 1.0 1 364.0 0.540952380952
vse 10 40048 -1 1.0 1 306.8 0.432
vse 10 40048 -1 1.0 1 306.8 0.432
vse 10 40048 -1 1.0 1 427.6 0.618505338078
vse 10 40048 -1 1.0 1 427.6 0.618505338078
vse 10 40048 -1 1.0 1 398.0 0.562831858407
vse 10 40048 -1 1.0 1 284.4 0.401571709234
vse 10 40048 -1 1.0 1 284.4 0.401571709234
vse 10 40048 -1 1.0 1 255.3 0.344400785855
vse 10 40048 -1 1.0 1 342.5 0.469588550984
vse 10 40048 -1 1.0 1 342.5 0.469588550984
vse 10 40048 -1 1.0 1 309.9 0.466328600406
vse 10 40048 -1 1.0 1 309.9 0.466328600406
vse 10 40048 -1 1.0 1 342.0 0.472924187726
vse 11 40009 -1 0.8 0 436.1 0.43041958042
vse 11 40009 -1 0.8 0 189.2 0.181697171381
vse 11 40009 -1 0.8 1 189.2 0.181697171381
vse 11 40009 -1 0.8 1 362.3 0.426435045317
vse 11 40009 -1 0.8 1 362.3 0.426435045317
vse 11 40009 -1 1.0 1 391.2 0.476569678407
vse 11 40009 -1 1.0 1 387.2 0.489171974522
vse 11 40009 -1 1.0 1 387.1 0.48746031746
vse 11 40009 -1 1.0 1 387.1 0.48746031746
vse 11 40009 -1 1.0 1 373.1 0.462302839117
vse 11 40009 -1 1.0 1 373.1 0.462302839117
vse 11 40009 -1 0.9 1 367.5 0.452755905512
vse 11 40009 -1 0.7 1 310.7 0.376960784314
vse 11 40009 -1 0.9 1 338.1 0.422422258592
vse 11 40009 -1 0.8 1 334.3 0.428836424958
vse 11 40009 -1 0.8 1 374.3 0.493791946309
vse 11 40009 -1 0.8 1 374.3 0.493791946309
vse 11 40009 -1 0.8 1 375.1 0.501018675722
vse 11 40009 -1 0.8 1 375.1 0.501018675722
vse 11 40009 -1 0.8 1 378.9 0.50067001675
vse 11 40009 -1 0.8 1 378.9 0.50067001675
vse 11 40009 -1 0.8 1 376.4 0.520913884007
vse 11 40009 -1 0.8 1 376.4 0.520913884007
vse 11 40009 -1 0.8 1 385.0 0.52495697074
vse 11 40009 -1 0.8 1 385.0 0.52495697074
vse 11 40009 -1 0.8 1 416.7 0.56875
vse 11 40009 -1 0.8 1 416.7 0.56875
vse 11 40009 -1 0.9 1 432.9 0.583305785124
vse 11 40009 -1 0.9 1 388.3 0.51469115192
vse 11 40009 -1 0.9 1 388.3 0.51469115192
vse 11 40009 -1 0.9 1 414.4 0.581565217391
vse 11 40009 -1 0.9 1 414.4 0.581565217391
vse 11 40009 -1 0.9 1 387.8 0.57
vse 11 40009 -1 0.9 1 387.8 0.57
vse 11 40009 -1 0.9 1 432.0 0.604810996564
vse 11 40009 -1 0.9 1 432.0 0.604810996564
vse 11 40009 -1 0.8 1 368.2 0.456012658228
vse 11 40009 -1 0.8 1 366.9 0.448982785603
vse 11 40009 -1 0.8 1 366.9 0.448982785603
vse 11 40009 -1 0.8 1 383.6 0.475862068966
vse 11 40009 -1 0.8 1 383.6 0.475862068966
vsn 11 40048 -1 1.0 0 422.1 0.397272727273
vsn 11 40048 -1 1.0 0 416.0 0.344481605351
vsn 11 40048 -1 1.0 0 360.5 0.521375464684
vsn 11 40048 -1 1.0 1 360.5 0.521375464684
vsn 11 40048 -1 1.0 1 437.0 0.594009983361
vsn 11 40048 -1 1.0 1 437.0 0.594009983361
vsn 11 40048 -1 1.0 1 451.1 0.61440397351
vsn 11 40048 -1 1.0 1 451.1 0.61440397351
vsn 11 40048 -1 1.0 1 479.9 0.662086092715
vsn 11 40048 -1 1.0 1 479.9 0.662086092715
vsn 11 40048 -1 1.0 1 515.4 0.701127214171
vsn 11 40048 -1 1.0 1 515.4 0.701127214171
vsn 11 40048 -1 1.0 1 521.6 0.70656
vsn 11 40048 -1 1.0 1 521.6 0.70656
vsn 11 40048 -1 1.0 1 521.4 0.70624
vsn 11 40048 -1 1.0 1 521.4 0.70624
vsn 11 40048 -1 1.0 1 522.1 0.714216478191
vsn 11 40048 -1 1.0 1 522.1 0.714216478191
vsn 11 40048 -1 1.0 1 521.4 0.730794701987
vsn 11 40048 -1 1.0 1 521.4 0.730794701987
vsn 11 40048 -1 1.0 1 514.9 0.714121510673
vsn 11 40048 -1 1.0 1 514.9 0.714121510673
vsn 11 40048 -1 1.0 1 524.1 0.725653594771
vsn 11 40048 -1 1.0 1 528.1 0.727435064935
vsn 11 40048 -1 1.0 1 528.1 0.727435064935
vsn 11 40048 -1 1.0 1 546.2 0.751935483871
vsn 11 40048 -1 1.0 1 546.2 0.751935483871
vsn 11 40048 -1 1.0 1 544.9 0.754707792208
vsn 11 40048 -1 1.0 1 558.9 0.771175523349
vsn 11 40048 -1 1.0 1 558.9 0.771175523349
vsn 03 40009 -1 1.0 0 542.3 0.801748251748
vsn 03 40009 -1 1.0 0 337.5 0.446273830156
vsn 03 40009 -1 1.0 1 337.5 0.446273830156
vsn 03 40009 -1 1.0 1 406.9 0.55406779661
vsn 03 40009 -1 1.0 1 406.9 0.55406779661
vsn 03 40009 -1 1.0 1 416.1 0.55370675453
vsn 03 40009 -1 1.0 1 416.1 0.55370675453
vsn 03 40009 -1 1.0 1 415.4 0.550738916256
vsn 03 40009 -1 1.0 1 415.4 0.550738916256
vsn 03 40009 -1 1.0 1 402.8 0.530049261084
vsn 03 40009 -1 1.0 1 415.4 0.550738916256
vsn 03 40009 -1 1.0 1 469.0 0.630470016207
vsn 03 40009 -1 1.0 1 469.0 0.630470016207
vsn 03 40009 -1 1.0 1 495.2 0.665384615385
vsn 03 40009 -1 1.0 1 495.2 0.665384615385
vsn 03 40009 -1 1.0 1 504.7 0.691693811075
vsn 03 40009 -1 1.0 1 504.7 0.691693811075
vsn 03 40009 -1 0.7 1 452.6 0.603889789303
vsn 03 40009 -1 1.0 1 503.5 0.690864600326
vsn 03 40009 -1 1.0 1 504.7 0.691693811075
vsn 03 40009 -1 1.0 1 522.0 0.696062992126
vsn 03 40009 -1 1.0 1 522.0 0.696062992126
vsn 03 40009 -1 0.6 1 463.9 0.637707641196
vse 03 40021 -1 1.0 0 487.8 0.611188811189
vse 03 40021 -1 1.0 0 137.8 0.136320754717
vse 03 40021 -1 1.0 1 137.8 0.136320754717
vse 03 40021 -1 1.0 1 191.3 0.231875
vse 03 40021 -1 1.0 1 191.3 0.231875
vse 03 40021 -1 1.0 1 251.9 0.279512195122
vse 03 40021 -1 1.0 1 251.9 0.279512195122
vse 03 40021 -1 1.0 1 227.3 0.239512195122
vse 03 40021 -1 1.0 1 218.3 0.22487804878
vse 03 40021 -1 1.0 1 211.4 0.213658536585
vse 03 40021 -1 1.0 1 218.3 0.22487804878
vse 03 40021 -1 1.0 1 218.3 0.22487804878
vse 03 40021 -1 1.0 1 251.9 0.279512195122
vse 03 40021 -1 1.0 1 255.4 0.28474025974
vse 03 40021 -1 1.0 1 255.4 0.28474025974
vse 03 40021 -1 1.0 1 274.4 0.315584415584
vse 03 40021 -1 1.0 1 274.4 0.315584415584
vse 03 40021 -1 1.0 1 309.2 0.36380952381
vse 03 40021 -1 1.0 1 309.2 0.36380952381
vse 03 40021 -1 1.0 1 363.0 0.464696223317
vse 03 40021 -1 1.0 1 363.0 0.464696223317
vse 03 40021 -1 1.0 1 374.9 0.47564516129
vse 03 40021 -1 1.0 1 374.9 0.47564516129
vse 03 40021 -1 1.0 1 384.1 0.488906752412
vse 03 40021 -1 1.0 1 384.1 0.488906752412
vse 03 40021 -1 1.0 1 371.7 0.468971061093
vse 03 40021 -1 1.0 1 371.7 0.468971061093
vse 03 40021 -1 1.0 1 378.8 0.484278768233
vse 03 40021 -1 1.0 1 378.8 0.484278768233
vse 03 40021 -1 1.0 1 371.0 0.483388704319
vse 03 40021 -1 1.0 1 521.3 0.685248447205
vse 03 40021 -1 1.0 1 366.8 0.446034214619
vse 03 40021 -1 1.0 1 371.7 0.452248062016
vse 03 40021 -1 1.0 1 371.7 0.452248062016
vse 03 40021 -1 1.0 1 375.2 0.457674418605
vse 03 40021 -1 1.0 1 375.2 0.457674418605
vse 20 40009 -1 0.8 0 430.8 0.447908745247
vse 20 40009 -1 0.9 0 391.1 0.301384083045
vse 20 40009 -1 0.8 0 399.5 0.29298245614
vse 20 40009 -1 1.0 0 433.5 0.469491525424
vse 20 40009 -1 1.0 0 387.4 0.575655430712
vse 20 40009 -1 1.0 0 387.4 0.575655430712
vse 20 40009 -1 1.0 0 407.9 0.619848771267
vse 20 40009 -1 1.0 0 424.7 0.614438502674
vse 20 40009 -1 0.9 0 416.4 0.599643493761
vse 20 40009 -1 1.0 0 423.0 0.611408199643
vse 20 40009 -1 0.8 0 427.2 0.635856573705
vse 20 40009 -1 0.9 0 416.0 0.622222222222
vse 20 40009 -1 0.9 0 400.1 0.60625
vse 20 40009 -1 0.9 1 400.1 0.60625
vse 20 40009 -1 0.9 1 405.3 0.603042596349
vse 20 40009 -1 0.9 1 405.3 0.603042596349
vse 20 40009 -1 0.9 1 400.1 0.60625
vse 20 40009 -1 0.9 1 424.3 0.60785440613
vse 20 40009 -1 0.9 1 424.3 0.60785440613
vse 20 40009 -1 0.9 1 433.6 0.659701492537
vse 20 40009 -1 0.9 1 433.6 0.659701492537
vse 20 40009 -1 0.9 1 442.0 0.630885122411
vse 20 40009 -1 0.9 1 442.0 0.630885122411
vse 20 40009 -1 0.9 1 433.6 0.659701492537
vsn 20 40048 -1 1.0 0 449.3 0.478525641026
vsn 20 40048 -1 1.0 0 420.0 0.390909090909
vsn 20 40048 -1 1.0 0 456.5 0.61319218241
vsn 20 40048 -1 1.0 1 456.5 0.61319218241
vsn 20 40048 -1 1.0 1 473.0 0.62480127186
vsn 20 40048 -1 1.0 1 473.0 0.62480127186
vsn 20 40048 -1 1.0 1 497.6 0.672463768116
vsn 20 40048 -1 1.0 1 497.6 0.672463768116
vsn 20 40048 -1 1.0 1 507.9 0.685737179487
vsn 20 40048 -1 1.0 1 507.9 0.685737179487
vsn 20 40048 -1 1.0 1 503.8 0.685760517799
vsn 20 40048 -1 1.0 1 503.8 0.685760517799
vsn 20 40048 -1 1.0 1 505.7 0.682211538462
vsn 20 40048 -1 1.0 1 505.7 0.682211538462
vsn 20 40048 -1 1.0 1 521.3 0.714077669903
vsn 20 40048 -1 1.0 1 521.3 0.714077669903
vsn 20 40048 -1 1.0 1 520.6 0.708360128617
vsn 20 40048 -1 1.0 1 520.6 0.708360128617
vsn 20 40048 -1 1.0 1 523.3 0.716155088853
vsn 20 40048 -1 1.0 1 523.3 0.716155088853
vsn 20 40048 -1 1.0 1 553.5 0.766181229773
vsn 20 40048 -1 1.0 1 553.5 0.766181229773
vse 04 40021 -1 0 0 -1 -1
vse 04 40021 -1 1.0 0 494.4 0.616363636364
vse 04 40021 -1 1.0 0 263.7 0.315094339623
vse 04 40021 -1 1.0 1 263.7 0.315094339623
vse 04 40021 -1 1.0 1 293.8 0.358724832215
vse 04 40021 -1 1.0 1 276.8 0.345263157895
vse 04 40021 -1 1.0 1 344.1 0.476714801444
vse 04 40021 -1 1.0 1 341.5 0.474591651543
vse 04 40021 -1 1.0 1 340.7 0.444880546075
vse 04 40021 -1 1.0 1 340.7 0.444880546075
vse 04 40021 -1 1.0 1 362.3 0.480919931857
vse 04 40021 -1 1.0 1 362.3 0.480919931857
vse 04 40021 -1 1.0 1 407.6 0.556196943973
vse 04 40021 -1 1.0 1 407.6 0.556196943973
vse 04 40021 -1 1.0 1 411.5 0.591964285714
vse 04 40021 -1 1.0 1 416.5 0.586236933798
vse 04 40021 -1 1.0 1 430.0 0.618374558304
vse 04 40021 -1 1.0 1 424.9 0.606151142355
vse 04 40021 -1 1.0 1 421.3 0.577495769882
vse 04 40021 -1 1.0 1 432.9 0.597123519459
vse 04 40021 -1 1.0 1 432.9 0.597123519459
vse 04 40021 -1 1.0 1 430.9 0.590740740741
vse 04 40021 -1 1.0 1 430.9 0.590740740741
vse 04 40021 -1 1.0 1 442.2 0.606700167504
vse 04 40021 -1 1.0 1 441.9 0.626124567474
vse 04 40021 -1 1.0 1 430.0 0.604490500864
vse 04 40021 -1 1.0 1 432.0 0.610051993068
vse 04 40021 -1 1.0 1 432.0 0.610051993068
vsn 04 40009 -1 0.7 0 456.5 0.501748251748
vsn 04 40009 -1 0.7 0 399.4 0.531447587354
vsn 04 40009 -1 0.7 0 445.4 0.585576923077
vsn 04 40009 -1 0.7 0 435.2 0.571980676329
vsn 04 40009 -1 0.7 0 435.2 0.571980676329
vsn 04 40009 -1 0.6 0 497.9 0.680035335689
vsn 04 40009 -1 0.6 0 508.5 0.689024390244
vsn 04 40009 -1 0.6 1 508.5 0.689024390244
vsn 04 40009 -1 0.6 1 506.6 0.698993288591
vsn 04 40009 -1 0.6 1 506.6 0.698993288591
vsn 04 40009 -1 0.6 1 515.4 0.716014234875
vsn 04 40009 -1 0.6 1 515.4 0.716014234875
vsn 04 40009 -1 0.6 1 517.2 0.714381270903
vsn 04 40009 -1 0.6 1 517.2 0.714381270903
vsn 04 40009 -1 0.6 1 521.8 0.698566308244
vsn 04 40009 -1 0.6 1 521.8 0.698566308244
vsn 04 40009 -1 0.6 1 520.6 0.693928571429
vsn 04 40009 -1 0.6 1 520.6 0.693928571429
vsn 04 40009 -1 0.6 1 523.2 0.699821109123
vsn 04 40009 -1 0.6 1 523.2 0.699821109123
vse 05 40048 -1 1.0 0 481.8 0.578181818182
vse 05 40048 -1 1.0 0 481.8 0.578181818182
vse 05 40048 -1 1.0 0 506.6 0.662179487179
vse 05 40048 -1 1.0 0 387.0 0.519458544839
vse 05 40048 -1 1.0 1 435.1 0.596806722689
vse 05 40048 -1 1.0 1 618.1 0.834263565891
vse 05 40048 -1 0.7 1 442.2 0.578594249201
vse 05 40048 -1 0.8 1 609.2 0.806707317073
vse 05 40048 -1 1.0 1 677.4 0.910670731707
vsn 05 40021 -1 1.0 0 447.7 0.406666666667
vsn 05 40021 -1 1.0 0 459.8 0.624671052632
vsn 05 40021 -1 1.0 1 447.3 0.600163398693
vsn 05 40021 -1 1.0 1 465.9 0.627479674797
vsn 05 40021 -1 1.0 1 509.6 0.690675241158
vse 07 40009 -1 0.3 0 455.0 0.0
vse 07 40009 -1 0.8 0 475.7 0.568881118881
vse 07 40009 -1 0.9 0 211.5 0.244423791822
vse 07 40009 -1 0.6 1 321.6 0.406734006734
vse 07 40009 -1 0.6 1 359.6 0.473898305085
vse 07 40009 -1 0.6 1 374.7 0.522517730496
vse 07 40009 -1 0.8 1 378.5 0.498330550918
vse 07 40009 -1 0.7 1 369.0 0.497418244406
vsn 07 40048 -1 1.0 0 424.8 0.405454545455
vsn 07 40048 -1 1.0 0 419.6 0.372727272727
vsn 07 40048 -1 1.0 0 205.4 0.239770554493
vsn 07 40048 -1 1.0 1 351.4 0.437741935484
vsn 07 40048 -1 1.0 1 361.1 0.453387096774
vsn 07 40048 -1 1.0 1 414.8 0.56268907563
vsn 07 40048 -1 1.0 1 490.5 0.667479674797
vsn 07 40048 -1 1.0 1 427.5 0.561389337641
vsn 07 40048 -1 1.0 1 414.8 0.56268907563
vsn 07 40048 -1 1.0 1 429.7 0.599828473413
vsn 07 40048 -1 1.0 1 431.9 0.591428571429
vsn 07 40048 -1 1.0 1 466.8 0.624878836834
vse 08 40021 -1 1.0 0 428.6 0.404195804196
vse 08 40021 -1 1.0 0 212.4 0.239855072464
vse 08 40021 -1 1.0 1 198.2 0.203442340792
vse 08 40021 -1 1.0 1 227.1 0.265523465704
vse 08 40021 -1 1.0 1 250.7 0.308122743682
vse 08 40021 -1 1.0 1 228.0 0.278195488722
vse 08 40021 -1 1.0 1 247.3 0.291972076789
vse 08 40021 -1 1.0 1 249.7 0.293598615917
vsn 08 40009 -1 0.6 0 470.0 0.283333333333
vsn 08 40009 -1 0.7 0 233.1 0.391560102302
vsn 08 40009 -1 0.9 1 546.4 0.743859649123
vsn 08 40009 -1 0.9 1 532.2 0.730533117932
vsn 08 40009 -1 0.9 1 523.2 0.724183006536
vsn 08 40009 -1 0.9 1 525.8 0.738079470199
vsn 08 40009 -1 0.9 1 542.9 0.738277511962
vsn 09 40021 -1 0 0 -1 -1
vsn 09 40021 -1 1.0 0 487.8 0.611188811189
vsn 09 40021 -1 1.0 0 530.2 0.696904024768
vsn 09 40021 -1 1.0 1 450.3 0.612066115702
vsn 09 40021 -1 1.0 1 444.2 0.618336162988
vsn 09 40021 -1 0.8 1 596.4 0.794461538462
vsn 09 40021 -1 0.8 1 593.7 0.79274691358
vsn 09 40021 -1 0.7 1 575.9 0.764098613251
vsn 09 40021 -1 0.1 1 659.2 0.90641627543
vsn 09 40021 -1 1.0 1 494.2 0.674592833876
vsn 09 40021 -1 1.0 1 585.5 0.797318611987
vsn 09 40021 -1 1.0 1 477.7 0.647719869707
vse 09 40048 -1 1.0 0 472.3 0.549393939394
vse 09 40048 -1 1.0 0 463.0 0.691335740072
vse 09 40048 -1 1.0 1 560.7 0.753448275862
vse 09 40048 -1 1.0 1 503.3 0.728571428571
vse 09 40048 -1 0.8 1 616.9 0.83499222395
vse 09 40048 -1 1.0 1 546.7 0.771404958678
vse 09 40048 -1 1.0 1 621.7 0.854416403785
vsn 06 40048 -1 1.0 0 485.4 0.589090909091
vsn 06 40048 -1 1.0 0 488.3 0.603525641026
vsn 06 40048 -1 1.0 0 369.0 0.469155844156
vsn 06 40048 -1 1.0 1 499.0 0.674718196457
vsn 06 40048 -1 1.0 1 484.2 0.644657097289
vsn 06 40048 -1 1.0 1 484.3 0.643789808917
vsn 06 40048 -1 1.0 1 628.1 0.855070202808
vsn 06 40048 -1 1.0 1 627.2 0.856338028169
vse 06 40009 -1 0.8 0 358.8 0.205454545455
vse 06 40009 -1 0.9 0 447.0 0.597719869707
vse 06 40009 -1 0.9 1 480.7 0.645249597424
vse 06 40009 -1 0.9 1 473.8 0.645573770492
vse 13 40021 -1 1.0 0 531.5 0.646245059289
vse 13 40021 -1 1.0 0 447.3 0.409183673469
vse 13 40021 -1 0.2 0 455.0 0.0
vse 13 40021 -1 0.9 0 456.5 0.3
vse 13 40021 -1 1.0 0 428.6 0.404195804196
vse 13 40021 -1 1.0 0 375.9 0.47344
vse 13 40021 -1 1.0 1 383.5 0.480982567353
vsn 13 40009 -1 0.8 0 502.9 0.642121212121
vsn 13 40009 -1 1.0 0 675.0 0.937007874016
vsn 13 40009 -1 0.9 1 682.9 0.928967642527
vse 14 40048 -1 0.1 0 487.1 0.506324110672
vse 14 40048 -1 1.0 0 526.5 0.698943661972
vse 14 40048 -1 1.0 0 532.0 0.714285714286
vse 14 40048 -1 1.0 0 225.8 0.312875536481
vse 14 40048 -1 1.0 1 418.3 0.645610687023
vse 14 40048 -1 1.0 1 425.8 0.646355140187
vse 14 40048 -1 1.0 1 426.7 0.579765886288
vse 14 40048 -1 1.0 1 426.7 0.579765886288
vse 14 40048 -1 1.0 1 426.7 0.579765886288
vse 14 40048 -1 1.0 1 519.3 0.74331641286
vse 14 40048 -1 1.0 1 502.8 0.727710843373
vse 14 40048 -1 1.0 1 540.2 0.778680203046
vsn 14 40021 -1 1.0 0 515.8 0.613654618474
vsn 14 40021 -1 1.0 0 569.0 0.851612903226
vsn 14 40021 -1 1.0 0 387.4 0.507260726073
vsn 14 40021 -1 1.0 1 463.8 0.616051364366
vsn 14 40021 -1 0.9 1 471.2 0.646611570248
vsn 14 40021 -1 0.9 1 478.1 0.658016528926
vsn 14 40021 -1 0.9 1 478.1 0.658016528926
vsn 14 40021 -1 0.9 1 496.0 0.65306122449
vsn 14 40021 -1 1.0 1 477.9 0.62464678179
vsn 14 40021 -1 1.0 1 507.2 0.670643642072
vsn 14 40021 -1 1.0 1 506.8 0.674249605055
vsn 14 40021 -1 1.0 1 490.3 0.639096573209
vsn 14 40021 -1 1.0 1 504.8 0.665830721003
vsn 15 40048 -1 1.0 0 470.5 0.546474358974
vsn 15 40048 -1 1.0 0 195.2 0.252078774617
vsn 15 40048 -1 1.0 1 217.5 0.330528846154
vsn 15 40048 -1 1.0 1 217.5 0.330528846154
vsn 15 40048 -1 1.0 1 406.6 0.557337883959
vse 15 40009 -1 0.8 0 453.6 0.483501683502
vse 15 40009 -1 0.9 0 357.4 0.188196721311
vse 15 40009 -1 1.0 0 417.9 0.642395437262
vse 15 40009 -1 0.9 1 512.3 0.709852216749
vse 15 40009 -1 0.8 1 385.6 0.517966101695
vse 15 40009 -1 0.8 1 385.6 0.517966101695
vse 15 40009 -1 0.8 1 384.1 0.527036395147
vse 15 40009 -1 0.9 1 429.3 0.5910321489
vse 15 40009 -1 0.9 1 428.2 0.582274247492
vse 15 40009 -1 0.9 1 428.2 0.582274247492
vse 15 40009 -1 0.8 1 387.5 0.53664921466
vse 16 40009 -1 1.0 0 545.6 0.764375
vse 16 40009 -1 1.0 0 416.3 0.548613376835
vse 16 40009 -1 1.0 1 426.2 0.563843648208
vse 16 40009 -1 1.0 1 408.3 0.534690553746
vse 16 40009 -1 1.0 1 437.4 0.663079777365
vsn 16 40048 -1 1.0 0 477.9 0.566363636364
vsn 16 40048 -1 1.0 1 540.8 0.72
vsn 16 40048 -1 1.0 1 540.8 0.72
vsn 16 40048 -1 1.0 1 537.1 0.722116903633
vsn 16 40048 -1 1.0 1 543.7 0.732543443918
vsn 16 40048 -1 1.0 1 545.0 0.727699530516
vsn 16 40048 -1 1.0 1 557.7 0.747574334898
vsn 16 40048 -1 1.0 1 565.3 0.759467918623
vsn 16 40048 -1 1.0 1 555.4 0.743974960876
vsn 16 40048 -1 1.0 1 517.8 0.714192495922
vsn 16 40048 -1 1.0 1 565.4 0.765615141956
vsn 16 40048 -1 1.0 1 566.8 0.767823343849
vsn 16 40048 -1 1.0 1 553.4 0.746687697161
vse 17 40021 -1 1.0 0 428.6 0.404195804196
vse 17 40021 -1 1.0 0 469.9 0.366588785047
vse 17 40021 -1 0.2 0 455.0 0.0
vse 17 40021 -1 1.0 0 428.6 0.404195804196
vse 17 40021 -1 1.0 0 308.5 0.388605442177
vse 17 40021 -1 1.0 1 354.1 0.451565074135
vse 17 40021 -1 1.0 1 373.0 0.483498349835
vse 17 40021 -1 1.0 1 365.1 0.491551724138
vse 17 40021 -1 1.0 1 370.0 0.480928689884
vse 17 40021 -1 1.0 1 379.4 0.501507537688
vsn 17 40009 -1 0.0 0 448.5 0.473776223776
vsn 17 40009 -1 0.0 0 459.0 0.51048951049
vsn 17 40009 -1 1.0 0 561.7 0.815838509317
vsn 17 40009 -1 1.0 0 472.7 0.632367149758
vsn 17 40009 -1 1.0 1 550.4 0.766123778502
vsn 17 40009 -1 1.0 1 461.8 0.687927927928
vsn 17 40009 -1 1.0 1 522.9 0.753231292517
vsn 17 40009 -1 1.0 1 502.0 0.71768707483
vsn 17 40009 -1 0.9 1 522.6 0.713870967742
vsn 17 40009 -1 1.0 1 564.2 0.809276437848
vsn 17 40009 -1 1.0 1 564.2 0.809276437848
vsn 18 40021 -1 1.0 0 428.6 0.404195804196
vsn 18 40021 -1 1.0 0 433.1 0.430606060606
vsn 18 40021 -1 1.0 1 294.8 0.378169014085
vsn 18 40021 -1 1.0 1 467.0 0.617224880383
vsn 18 40021 -1 1.0 1 426.6 0.552791068581
vse 18 40048 -1 1.0 0 441.8 0.45034965035
vse 18 40048 -1 1.0 0 524.6 0.773217391304
vse 18 40048 -1 1.0 1 462.8 0.654358974359
vse 18 40048 -1 1.0 1 461.3 0.61008
vse 19 40048 -1 1.0 0 408.5 0.356060606061
vse 19 40048 -1 1.0 0 512.8 0.747495682211
vse 19 40048 -1 1.0 1 525.8 0.772616984402
vse 19 40048 -1 1.0 1 504.3 0.745694200351
vse 19 40048 -1 1.0 1 524.6 0.769204152249
vse 19 40048 -1 1.0 1 519.6 0.711326860841
vse 19 40048 -1 1.0 1 539.7 0.743851132686
vsn 19 40021 -1 1.0 0 428.6 0.404195804196
vsn 19 40021 -1 1.0 0 428.6 0.404195804196
vsn 19 40021 -1 1.0 0 428.6 0.404195804196
vsn 19 40021 -1 1.0 0 433.1 0.430606060606
vsn 19 40021 -1 1.0 0 406.6 0.525925925926
vsn 19 40021 -1 1.0 1 463.1 0.569051878354
vsn 19 40021 -1 1.0 1 427.9 0.581772575251
vsn 19 40021 -1 1.0 1 437.0 0.609215017065
vsn 19 40021 -1 0.4 1 571.5 0.778922345483
vsn 21 40009 -1 0.7 0 335.7 0.0802120141343
vsn 21 40009 -1 0.9 0 439.3 0.450337837838
vsn 21 40009 -1 1.0 1 398.8 0.592565055762
vsn 21 40009 -1 1.0 1 463.8 0.712059369202
vsn 21 40009 -1 1.0 1 464.1 0.698363636364
vsn 21 40009 -1 0.9 1 468.1 0.657796610169
vsn 21 40009 -1 0.9 1 484.7 0.682462057336
vse 21 40021 -1 1.0 0 433.1 0.430606060606
vse 21 40021 -1 1.0 0 249.9 0.29445407279
vse 21 40021 -1 1.0 1 285.2 0.353793103448
vse 21 40021 -1 1.0 1 263.4 0.307718120805
vse 21 40021 -1 1.0 1 279.6 0.342367066895
vse 21 40021 -1 1.0 1 311.1 0.3910321489
vsn 12 40009 -1 1.0 0 572.9 0.854242424242
vsn 12 40009 -1 0.8 0 499.4 0.669178082192
vsn 12 40009 -1 0.5 0 512.7 0.698251748252
vsn 12 40009 -1 1.0 0 569.4 0.78935483871
vsn 12 40009 -1 1.0 1 549.6 0.802735042735
vsn 12 40009 -1 0.8 1 564.1 0.76356466877
vsn 12 40009 -1 0.8 1 564.1 0.76356466877
vsn 12 40009 -1 1.0 1 494.6 0.676345840131
vsn 12 40009 -1 1.0 1 480.9 0.653996737357
vsn 12 40009 -1 0.8 1 433.4 0.576508972268
vsn 12 40009 -1 1.0 1 503.4 0.732525951557
vsn 12 40009 -1 0.8 1 410.4 0.541639344262
vsn 12 40009 -1 0.5 1 536.4 0.723296354992
vsn 12 40009 -1 0.7 1 594.6 0.816825396825
vsn 12 40009 -1 0.9 1 665.1 0.921417322835
vsn 12 40009 -1 0.9 1 665.1 0.921417322835
vsn 12 40009 -1 0.7 1 610.5 0.819938176198
vse 12 40021 -1 1.0 0 389.6 0.267832167832
vse 12 40021 -1 1.0 0 268.4 0.306341463415
vse 12 40021 -1 1.0 1 287.8 0.355821917808
vse 12 40021 -1 1.0 1 346.8 0.443189368771
vse 12 40021 -1 1.0 1 346.1 0.449493243243
vse 12 40021 -1 1.0 1 363.0 0.475630252101
vse 12 40021 -1 1.0 1 432.6 0.565064102564
vse 12 40021 -1 1.0 1 472.6 0.629166666667
vse 12 40021 -1 1.0 1 321.2 0.418024263432
vsn 01 40021 -1 0 0 -1 -1
vsn 01 40021 -1 1.0 0 487.8 0.611188811189
vsn 01 40021 -1 1.0 0 487.8 0.611188811189
vsn 01 40021 -1 1.0 0 531.5 0.646245059289
vsn 01 40021 -1 1.0 1 466.7 0.616746411483
vse 23 40048 -1 0.9 0 379.3 0.531927710843
vse 23 40048 -1 0.9 0 463.2 0.41185770751
vse 23 40048 -1 1.0 0 519.7 0.393413173653
vse 23 40048 -1 1.0 0 650.5 0.879044684129
vse 23 40048 -1 1.0 1 650.5 0.879044684129
vse 23 40048 -1 1.0 1 626.8 0.834809160305
vse 23 40048 -1 1.0 1 585.6 0.78753894081
vse 23 40048 -1 1.0 1 585.6 0.78753894081
vse 23 40048 -1 1.0 1 585.6 0.78753894081
vse 23 40048 -1 1.0 1 603.8 0.802143950995
vsn 23 40021 -1 1.0 0 531.5 0.646245059289
vsn 23 40021 -1 1.0 0 449.9 0.614451827243
vsn 23 40021 -1 0.9 1 453.0 0.595846645367
vsn 23 40021 -1 1.0 1 455.9 0.593838862559
vsn 23 40021 -1 1.0 1 500.3 0.663981042654
vsn 23 40021 -1 1.0 1 586.2 0.794662480377
vsn 24 40048 -1 1.0 0 430.7 0.423333333333
vsn 24 40048 -1 1.0 0 301.3 0.400905797101
vsn 24 40048 -1 1.0 1 262.3 0.32965641953
vsn 24 40048 -1 1.0 1 416.8 0.566296296296
vsn 24 40048 -1 0.9 1 624.0 0.851330203443
vsn 24 40048 -1 1.0 1 509.0 0.706754530478
vsn 24 40048 -1 1.0 1 491.8 0.689782244556
vsn 24 40048 -1 1.0 1 518.2 0.717184942717
vse 24 40009 -1 0.9 0 353.9 0.197178683386
vse 24 40009 -1 0.6 0 394.4 0.241924398625
vse 24 40009 -1 0.6 1 377.5 0.225524475524
vse 24 40009 -1 0.6 1 263.6 0.33503649635
vse 24 40009 -1 0.6 1 263.4 0.417767653759
vse 24 40009 -1 0.6 1 255.3 0.451804123711
vse 24 40009 -1 0.9 1 388.9 0.278021978022
vse 24 40009 -1 1.0 1 321.1 0.449813432836
vse 24 40009 -1 0.9 1 298.9 0.429215686275
vse 24 40009 -1 0.6 1 618.2 0.834418604651
vse 24 40009 -1 0.5 1 642.1 0.87554517134
vse 24 40009 -1 0.9 1 480.4 0.661818181818
vse 24 40009 -1 0.9 1 448.2 0.623011844332
vse 24 40009 -1 0.8 1 441.6 0.593760262726
vse 25 40009 -1 0.8 0 532.1 0.737171052632
vse 25 40009 -1 0.9 0 534.9 0.82439862543
vse 25 40009 -1 0.9 0 525.3 0.791408934708
vse 25 40009 -1 0.6 0 299.5 0.454451345756
vse 25 40009 -1 0.2 1 399.2 0.487328244275
vse 25 40009 -1 0.7 1 290.7 0.398298676749
vse 25 40009 -1 0.5 1 278.7 0.413097713098
vse 25 40009 -1 0.7 1 356.5 0.466273187184
vsn 25 40048 -1 0.6 0 383.4 0.488888888889
vsn 25 40048 -1 1.0 0 508.1 0.666987179487
vsn 25 40048 -1 1.0 0 527.8 0.722258064516
vse 26 40021 -1 1.0 0 487.8 0.611188811189
vse 26 40021 -1 1.0 0 487.8 0.611188811189
vse 26 40021 -1 1.0 0 333.0 0.438474870017
vse 26 40021 -1 1.0 1 361.3 0.480854700855
vse 26 40021 -1 1.0 1 377.4 0.513644214162
vse 26 40021 -1 1.0 1 406.9 0.55406779661
vse 26 40021 -1 1.0 1 372.7 0.488647746244
vse 26 40021 -1 1.0 1 531.7 0.721565495208
vse 26 40021 -1 1.0 1 535.6 0.709657320872
vse 26 40021 -1 1.0 1 536.2 0.733440514469
vse 26 40021 -1 1.0 1 353.7 0.440032154341
vsn 26 40009 -1 0.7 0 442.9 0.460303030303
vsn 26 40009 -1 1.0 1 445.3 0.632006920415
vsn 26 40009 -1 0.9 1 554.2 0.791652754591
vsn 26 40009 -1 0.9 1 554.2 0.762379421222
vsn 26 40009 -1 0.9 1 554.2 0.762379421222
vsn 26 40009 -1 0.0 1 586.7 0.800473933649
vsn 26 40009 -1 0.0 1 586.7 0.800473933649
vsn 26 40009 -1 0.5 1 572.0 0.753445635528
vsn 26 40009 -1 0.4 1 594.0 0.803125
vsn 27 40021 -1 1.0 0 494.4 0.616363636364
vsn 27 40021 -1 1.0 0 199.9 0.218
vsn 27 40021 -1 1.0 1 348.6 0.453716216216
vsn 27 40021 -1 1.0 1 380.4 0.49652892562
vsn 27 40021 -1 1.0 1 377.7 0.492066115702
vsn 27 40021 -1 1.0 1 377.7 0.492066115702
vsn 27 40021 -1 1.0 1 401.8 0.529276315789
vsn 27 40021 -1 1.0 1 384.0 0.502479338843
vsn 27 40021 -1 1.0 1 432.6 0.575203915171
vsn 27 40021 -1 1.0 1 414.3 0.558096828047
vsn 27 40021 -1 1.0 1 450.8 0.600972447326
vsn 27 40021 -1 1.0 1 480.8 0.644372990354
vsn 27 40021 -1 1.0 1 466.4 0.63240589198
vsn 27 40021 -1 1.0 1 462.1 0.625368248773
vsn 27 40021 -1 1.0 1 466.7 0.632896890344
vsn 27 40021 -1 1.0 1 466.7 0.632896890344
vsn 27 40021 -1 1.0 1 466.7 0.632896890344
vse 27 40048 -1 1.0 0 490.7 0.621328671329
vse 27 40048 -1 1.0 0 530.2 0.692615384615
vse 27 40048 -1 1.0 0 458.5 0.619476268412
vse 27 40048 -1 1.0 0 470.8 0.642763157895
vse 27 40048 -1 1.0 0 480.3 0.668280467446
vse 27 40048 -1 1.0 0 460.8 0.635726210351
vse 27 40048 -1 1.0 0 488.1 0.640659340659
vse 27 40048 -1 1.0 0 485.3 0.698793103448
vse 27 40048 -1 1.0 0 546.8 0.730516431925
vse 27 40048 -1 1.0 0 612.2 0.82256568779
vse 27 40048 -1 1.0 1 615.1 0.827047913447
vse 22 40021 -1 0.9 0 408.1 0.332517482517
vse 22 40021 -1 1.0 0 433.1 0.430606060606
vse 22 40021 -1 1.0 0 394.3 0.255719557196
vse 22 40021 -1 1.0 0 224.6 0.271804511278
vse 22 40021 -1 1.0 1 213.6 0.225675675676
vse 22 40021 -1 1.0 1 233.4 0.277898550725
vse 22 40021 -1 1.0 1 202.4 0.215492957746
vse 22 40021 -1 1.0 1 438.2 0.605067567568
vse 22 40021 -1 1.0 1 414.9 0.539291465378
vse 22 40021 -1 1.0 1 479.7 0.642604501608
vse 22 40021 -1 1.0 1 467.0 0.670710571924
vse 22 40021 -1 1.0 1 467.0 0.670710571924
vse 22 40021 -1 1.0 1 530.8 0.723595505618
vsn 22 40009 -1 1.0 0 545.6 0.764375
vsn 22 40009 -1 1.0 0 401.0 0.555363321799
vsn 22 40009 -1 1.0 1 401.9 0.559826086957
vsn 22 40009 -1 1.0 1 468.4 0.670811744387
vsn 22 40009 -1 0.9 1 448.5 0.636442141623
vsn 22 40009 -1 1.0 1 468.4 0.69605734767
vse 28 40048 -1 1.0 0 457.0 0.4
vse 28 40048 -1 1.0 0 457.0 0.4
vse 28 40048 -1 1.0 0 457.0 0.4
vse 28 40048 -1 1.0 0 622.0 0.832565284178
vse 28 40048 -1 1.0 1 608.7 0.757007575758
vsn 28 40021 -1 1.0 0 433.1 0.352054794521
vsn 28 40021 -1 1.0 0 456.3 0.66838365897
vsn 28 40021 -1 1.0 1 456.3 0.66838365897
vsn 28 40021 -1 1.0 1 383.4 0.488698630137
vsn 28 40021 -1 1.0 1 492.1 0.518336886994
vsn 28 40021 -1 1.0 1 491.8 0.517697228145
vsn 28 40021 -1 1.0 1 542.5 0.635699373695
vse 29 40009 -1 0.8 0 377.1 0.28801369863
vse 29 40009 -1 0.8 0 364.7 0.232830188679
vse 29 40009 -1 0.5 0 438.1 0.55553602812
vse 29 40009 -1 0.1 0 578.8 0.787096774194
vse 29 40009 -1 0.3 0 620.4 0.815700934579
vse 29 40009 -1 0.1 1 569.8 0.751398601399
vse 29 40009 -1 0.0 1 614.0 0.82
vse 29 40009 -1 0.2 1 594.7 0.814398734177
vse 29 40009 -1 0.1 1 620.8 0.795463137996
vsn 29 40048 -1 1.0 0 506.6 0.583399209486
vsn 29 40048 -1 1.0 0 455.8 0.538976377953
vsn 29 40048 -1 1.0 1 472.1 0.665087719298
vsn 29 40048 -1 1.0 1 693.8 0.934098360656
vsn 29 40048 -1 1.0 1 693.8 0.935782747604
vsn 29 40048 -1 1.0 1 698.9 0.932239382239
vsn 29 40048 -1 0.0 1 663.6 0.826976744186
vsb 29 40021 -1 1.0 1 397.1 0.517984189723
vsn 30 40009 -1 0.8 0 475.7 0.540528634361
vsn 30 40009 -1 1.0 0 469.8 0.561538461538
vsn 30 40009 -1 0.8 0 478.5 0.699600798403
vsn 30 40009 -1 0.0 1 0.0 -1
vsn 30 40009 -1 0.9 1 516.1 0.694943820225
vsn 30 40009 -1 0.9 1 516.1 0.694943820225
vsn 30 40009 -1 0.8 1 526.6 0.778775510204
vsn 30 40009 -1 0.8 1 520.9 0.767142857143
vsn 30 40009 -1 0.8 1 497.8 0.72
vse 30 40021 -1 1.0 0 487.8 0.468235294118
vse 30 40021 -1 0.2 0 455.0 0.0
vse 30 40021 -1 0.1 0 455.5 0.1
vse 30 40021 -1 0.2 0 455.0 0.0
vse 30 40021 -1 0.2 0 455.0 0.0
vse 30 40021 -1 0.9 0 456.5 0.3
vse 30 40021 -1 1.0 0 428.6 0.331506849315
vse 30 40021 -1 1.0 1 302.6 0.341621621622
vse 30 40021 -1 1.0 1 302.4 0.341261261261
vse 30 40021 -1 1.0 1 363.4 0.479271070615
vse 30 40021 -1 1.0 1 385.1 0.52785467128
vse 30 40021 -1 1.0 1 375.8 0.423985239852
vse 32 40048 -1 1.0 0 444.6 0.51512605042
vse 32 40048 -1 1.0 0 169.2 0.188185654008
vse 32 40048 -1 1.0 1 188.1 0.209902912621
vse 32 40048 -1 1.0 1 223.0 0.277669902913
vse 32 40048 -1 1.0 1 203.4 0.277927927928
vse 32 40048 -1 1.0 1 197.8 0.27523364486
vse 32 40048 -1 1.0 1 278.2 0.341035856574
vse 32 40048 -1 1.0 1 443.1 0.618307086614
vse 32 40048 -1 1.0 1 481.6 0.642504743833
vse 32 40048 -1 1.0 1 496.3 0.649448529412
vse 32 40048 -1 1.0 1 511.6 0.657884231537
vse 32 40048 -1 1.0 1 511.6 0.657884231537
vse 32 40048 -1 1.0 1 525.8 0.652441229656
vse 32 40048 -1 1.0 1 472.8 0.574042553191
vse 32 40048 -1 1.0 1 550.9 0.763261648746
vsn 32 40021 -1 1.0 0 424.9 0.288785046729
vsn 32 40021 -1 1.0 0 409.2 0.363157894737
vsn 32 40021 -1 1.0 0 221.7 0.253488372093
vsn 32 40021 -1 1.0 1 246.8 0.298389982111
vsn 32 40021 -1 1.0 1 237.7 0.235501858736
vsn 32 40021 -1 1.0 1 285.2 0.412048192771
vsn 32 40021 -1 1.0 1 361.2 0.474893617021
vsn 32 40021 -1 1.0 1 371.5 0.458762886598
vsn 32 40021 -1 1.0 1 353.9 0.470197044335
vsn 32 40021 -1 1.0 1 402.5 0.503378378378
vsn 32 40021 -1 1.0 1 448.8 0.512927756654
vsn 32 40021 -1 1.0 1 462.3 0.559881422925
vsn 32 40021 -1 1.0 1 478.3 0.59033530572
vsn 32 40021 -1 1.0 1 476.7 0.593027888446
vsn 33 40048 -1 1.0 0 481.4 0.362557077626
vsn 33 40048 -1 1.0 0 452.6 0.651398601399
vsn 33 40048 -1 1.0 1 465.3 0.60868878357
vsn 33 40048 -1 1.0 1 464.5 0.607424960506
vsn 33 40048 -1 0.1 1 654.3 0.857166392092
vsn 33 40048 -1 1.0 1 589.4 0.772307692308
vsn 33 40048 -1 1.0 1 522.4 0.620823244552
vsn 33 40048 -1 1.0 1 513.0 0.598062953995
vsb 33 40021 -1 0.8 1 474.7 0.581020408163
vse 33 40009 -1 1.0 0 439.7 0.447703180212
vse 33 40009 -1 0.7 0 482.9 0.692945326279
vse 34 40009 -1 0.7 0 337.1 0.0971774193548
vse 34 40009 -1 1.0 0 525.6 0.707301587302
vse 34 40009 -1 1.0 1 525.6 0.707301587302
vsn 34 40048 -1 0.0 0 455.5 0.1
vsn 34 40048 -1 0.0 0 455.5 0.1
vsn 34 40048 -1 0.0 0 455.5 0.1
vsn 34 40048 -1 0.7 0 455.5 0.1
vsn 34 40048 -1 0.0 0 455.5 0.1
vsn 34 40048 -1 0.0 0 455.5 0.1
vsn 34 40048 -1 0.0 0 455.5 0.1
vsn 34 40048 -1 0.7 0 455.5 0.1
vsn 34 40048 -1 1.0 0 410.2 0.397333333333
vsn 34 40048 -1 1.0 0 384.4 0.51768707483
vsn 34 40048 -1 1.0 1 506.6 0.655726495726
vse 35 40021 -1 1.0 0 531.5 0.652380952381
vse 35 40021 -1 1.0 0 488.3 0.32735042735
vse 35 40021 -1 1.0 0 435.5 0.40625
vse 35 40021 -1 1.0 0 395.1 0.339247311828
vse 35 40021 -1 1.0 0 559.7 0.769983948636
vse 35 40021 -1 1.0 1 501.7 0.703151260504
vse 35 40021 -1 1.0 1 436.4 0.372048192771
vse 35 40021 -1 1.0 1 508.4 0.695668549906
vse 35 40021 -1 1.0 1 453.7 0.642321428571
vsn 35 40009 -1 0.9 0 443.2 0.305434782609
vsn 35 40009 -1 0.9 0 462.0 0.622641509434
vsn 35 40009 -1 1.0 1 458.1 0.538309859155
vsn 35 40009 -1 0.9 1 477.6 0.593827160494
vsn 35 40009 -1 0.8 1 470.6 0.600829875519
vsn 35 40009 -1 0.7 1 445.9 0.424926686217
vsn 36 40021 -1 1.0 0 404.7 0.359565217391
vsn 36 40021 -1 1.0 0 388.6 0.523976608187
vsn 36 40021 -1 1.0 0 324.0 0.425828970332
vsn 36 40021 -1 1.0 1 392.3 0.529322033898
vsn 36 40021 -1 1.0 1 539.3 0.671677559913
vsn 36 40021 -1 1.0 1 557.0 0.695067264574
vsn 36 40021 -1 1.0 1 548.3 0.745700636943
vsn 36 40021 -1 1.0 1 570.8 0.724356435644
vsn 36 40021 -1 1.0 1 557.6 0.671393643032
vsn 36 40021 -1 1.0 1 557.6 0.671393643032
vsn 36 40021 -1 1.0 1 584.2 0.76875
vsn 36 40021 -1 1.0 1 577.9 0.684597156398
vsn 36 40021 -1 1.0 1 593.4 0.746610169492
vsn 36 40021 -1 1.0 1 609.2 0.844601769912
vsn 36 40021 -1 1.0 1 606.9 0.79573283859
vse 36 40048 -1 1.0 0 420.0 0.425742574257
vse 36 40048 -1 1.0 0 480.4 0.60190023753
vse 36 40048 -1 1.0 1 497.5 0.630718954248
vse 36 40048 -1 0.9 1 556.2 0.760616438356
vse 36 40048 -1 1.0 1 421.2 0.6824
vse 36 40048 -1 1.0 1 435.0 0.631672597865
vse 36 40048 -1 1.0 1 436.1 0.604584040747
vse 37 40048 -1 0.0 0 455.5 0.1
vse 37 40048 -1 0.0 0 455.5 0.1
vse 37 40048 -1 1.0 0 443.2 0.527125506073
vse 37 40048 -1 1.0 0 514.9 0.709461663948
vse 37 40048 -1 1.0 1 527.1 0.722294022617
vse 37 40048 -1 1.0 1 498.7 0.726909722222
vse 37 40048 -1 1.0 1 581.6 0.79619047619
vse 37 40048 -1 1.0 1 562.8 0.766349206349
vse 37 40048 -1 1.0 1 609.0 0.852739726027
vse 37 40048 -1 1.0 1 504.0 0.679794520548
vse 37 40048 -1 1.0 1 611.6 0.84262295082
vse 37 40048 -1 1.0 1 594.9 0.82265758092
vsn 37 40021 -1 1.0 0 487.8 0.468235294118
vsn 37 40021 -1 1.0 0 503.4 0.571982758621
vsn 37 40021 -1 1.0 1 469.7 0.55237020316
vsn 37 40021 -1 1.0 1 493.6 0.655125284738
vsn 37 40021 -1 1.0 1 534.4 0.636658932715
vsn 37 40021 -1 1.0 1 587.7 0.699739583333
vsn 37 40021 -1 1.0 1 524.5 0.626777251185
vsn 37 40021 -1 1.0 1 524.5 0.534340659341
vse 31 40021 -1 1.0 0 373.4 0.0951111111111
vse 31 40021 -1 1.0 0 334.3 0.3574204947
vse 31 40021 -1 1.0 0 449.4 0.545009416196
vse 31 40021 -1 1.0 1 325.1 0.459849906191
vse 31 40021 -1 1.0 1 242.3 0.338830897704
vse 31 40021 -1 0.2 1 354.6 0.44077046549
vse 31 40021 -1 1.0 1 352.1 0.481459566075
vse 31 40021 -1 1.0 1 328.6 0.423509369676
vse 31 40021 -1 0.9 1 356.2 0.515298507463
vse 31 40021 -1 0.9 1 363.1 0.515664845173
vse 31 40021 -1 1.0 1 301.5 0.354578096948
vse 31 40021 -1 1.0 1 466.6 0.644333333333
vse 31 40021 -1 0.9 1 337.7 0.370615034169
vsn 31 40009 -1 0.8 0 438.2 0.349579831933
vsn 31 40009 -1 0.3 0 437.8 0.619031141869
vsn 31 40009 -1 0.6 0 388.6 0.533910034602
vsn 31 40009 -1 0.6 0 388.6 0.533910034602
vsn 31 40009 -1 0.5 0 566.6 0.756280587276
vsn 31 40009 -1 1.0 0 528.4 0.700366300366
vsn 31 40009 -1 0.7 0 569.7 0.789500860585
vsn 31 40009 -1 0.8 0 512.0 0.734432234432
vsn 31 40009 -1 0.8 0 512.0 0.734432234432
vsn 31 40009 -1 0.8 0 508.3 0.733025830258
vsn 31 40009 -1 0.8 0 500.4 0.66679462572
vsn 31 40009 -1 0.8 0 450.4 0.6
vsn 31 40009 -1 0.8 0 450.4 0.6
vsn 31 40009 -1 0.8 0 500.4 0.66679462572
vsn 31 40009 -1 0.8 0 545.2 0.694159292035
vsn 31 40009 -1 0.8 0 559.3 0.803531598513
vsn 31 40009 -1 0.8 1 559.3 0.803531598513
vsn 31 40009 -1 0.8 1 567.9 0.756814449918
