sys userno topicid top5 top10 inum
vsb 01 40009 -1 1.0 0
vsb 01 40009 -1 1.0 0
vsb 01 40009 -1 1.0 1
vsb 01 40009 -1 1.0 1
vsb 01 40009 -1 1.0 1
vsb 01 40009 -1 1.0 1
vsb 01 40009 -1 1.0 1
vsb 01 40009 -1 1.0 1
vsb 01 40009 -1 0.9 1
vsb 01 40009 -1 0.9 1
vsb 01 40009 -1 0.9 1
vsb 01 40009 -1 0.9 1
vsb 01 40009 -1 0.9 1
vse 01 40048 -1 0.9 0
vse 01 40048 -1 0.9 0
vse 01 40048 -1 0.9 0
vse 01 40048 -1 0.9 0
vse 01 40048 -1 0.9 1
vse 01 40048 -1 0.9 1
vse 01 40048 -1 0.9 1
vse 01 40048 -1 0.9 1
vse 01 40048 -1 0.9 1
vse 01 40048 -1 0.9 1
vse 01 40048 -1 0.9 1
vse 01 40048 -1 0.9 1
vse 01 40048 -1 0.9 1
vse 01 40048 -1 0.9 1
vse 01 40048 -1 0.9 1
vse 01 40048 -1 0.9 1
vse 01 40048 -1 0.9 1
vse 01 40048 -1 0.9 1
vse 01 40048 -1 0.9 1
vse 01 40026 -1 0.7 0
vse 01 40026 -1 0.7 0
vse 01 40026 -1 0.7 0
vse 01 40026 -1 0.9 0
vse 01 40026 -1 0.9 1
vse 01 40026 -1 0.9 1
vse 01 40026 -1 0.9 1
vse 01 40026 -1 0.9 1
vse 01 40026 -1 0.9 1
vse 01 40026 -1 0.9 1
vse 01 40026 -1 0.9 1
vse 01 40026 -1 0.9 1
vse 01 40026 -1 0.9 1
vse 01 40026 -1 0.9 1
vse 01 40026 -1 0.9 1
vse 02 40009 -1 0.9 0
vse 02 40009 -1 0.7 0
vse 02 40009 -1 0.7 0
vse 02 40009 -1 1.0 0
vse 02 40009 -1 1.0 1
vse 02 40009 -1 0.9 1
vse 02 40009 -1 0.9 1
vse 02 40009 -1 0.9 1
vse 02 40009 -1 1.0 1
vse 02 40009 -1 1.0 1
vse 02 40009 -1 1.0 1
vse 02 40009 -1 1.0 1
vse 02 40009 -1 1.0 1
vse 02 40009 -1 1.0 1
vse 02 40009 -1 1.0 1
vse 02 40009 -1 1.0 1
vse 02 40009 -1 1.0 1
vse 02 40009 -1 1.0 1
vse 02 40009 -1 1.0 1
vse 02 40009 -1 0.9 1
vse 02 40009 -1 0.9 1
vse 02 40009 -1 0.9 1
vse 02 40009 -1 0.9 1
vse 02 40009 -1 0.9 1
vse 02 40009 -1 0.9 1
vse 02 40009 -1 0.9 1
vse 02 40009 -1 0.9 1
vse 02 40009 -1 0.9 1
vse 02 40002 -1 0.8 0
vse 02 40002 -1 0.8 0
vse 02 40002 -1 0.9 0
vse 02 40002 -1 0.9 1
vse 02 40002 -1 0.8 1
vse 02 40002 -1 0.8 1
vse 02 40002 -1 0.8 1
vse 02 40002 -1 0.8 1
vse 02 40002 -1 0.7 1
vse 02 40002 -1 0.7 1
vse 02 40002 -1 0.7 1
vse 02 40002 -1 0.7 1
vse 02 40002 -1 0.5 1
vse 02 40002 -1 0.7 1
vse 02 40002 -1 0.8 1
vse 02 40002 -1 0.8 1
vse 02 40002 -1 0.8 1
vse 02 40002 -1 0.8 1
vse 02 40002 -1 0.9 1
vse 02 40002 -1 0.9 1
vse 02 40002 -1 0.9 1
vse 02 40002 -1 0.9 1
vse 02 40002 -1 0.9 1
vse 02 40002 -1 0.9 1
vse 10 40048 -1 0.9 0
vse 10 40048 -1 1.0 0
vse 10 40048 -1 0.9 0
vse 10 40048 -1 0.0 0
vse 10 40048 -1 1.0 0
vse 10 40048 -1 1.0 0
vse 10 40048 -1 1.0 0
vse 10 40048 -1 0.9 0
vse 10 40048 -1 0.9 1
vse 10 40048 -1 1.0 1
vse 10 40048 -1 1.0 1
vse 10 40048 -1 1.0 1
vse 10 40048 -1 1.0 1
vse 10 40048 -1 1.0 1
vse 10 40048 -1 1.0 1
vse 10 40048 -1 1.0 1
vse 10 40048 -1 1.0 1
vse 10 40048 -1 1.0 1
vse 10 40048 -1 1.0 1
vse 10 40048 -1 1.0 1
vse 10 40048 -1 1.0 1
vse 10 40048 -1 1.0 1
vse 10 40048 -1 1.0 1
vse 10 40048 -1 1.0 1
vse 10 40048 -1 1.0 1
vse 10 40048 -1 1.0 1
vse 10 40048 -1 1.0 1
vse 10 40048 -1 1.0 1
vse 10 40048 -1 1.0 1
vse 10 40048 -1 1.0 1
vse 11 40009 -1 0.8 0
vse 11 40009 -1 0.8 0
vse 11 40009 -1 0.8 1
vse 11 40009 -1 0.8 1
vse 11 40009 -1 0.8 1
vse 11 40009 -1 1.0 1
vse 11 40009 -1 1.0 1
vse 11 40009 -1 1.0 1
vse 11 40009 -1 1.0 1
vse 11 40009 -1 1.0 1
vse 11 40009 -1 1.0 1
vse 11 40009 -1 0.9 1
vse 11 40009 -1 0.7 1
vse 11 40009 -1 0.9 1
vse 11 40009 -1 0.8 1
vse 11 40009 -1 0.8 1
vse 11 40009 -1 0.8 1
vse 11 40009 -1 0.8 1
vse 11 40009 -1 0.8 1
vse 11 40009 -1 0.8 1
vse 11 40009 -1 0.8 1
vse 11 40009 -1 0.8 1
vse 11 40009 -1 0.8 1
vse 11 40009 -1 0.8 1
vse 11 40009 -1 0.8 1
vse 11 40009 -1 0.8 1
vse 11 40009 -1 0.8 1
vse 11 40009 -1 0.9 1
vse 11 40009 -1 0.9 1
vse 11 40009 -1 0.9 1
vse 11 40009 -1 0.9 1
vse 11 40009 -1 0.9 1
vse 11 40009 -1 0.9 1
vse 11 40009 -1 0.9 1
vse 11 40009 -1 0.9 1
vse 11 40009 -1 0.9 1
vse 11 40009 -1 0.8 1
vse 11 40009 -1 0.8 1
vse 11 40009 -1 0.8 1
vse 11 40009 -1 0.8 1
vse 11 40009 -1 0.8 1
vsn 11 40048 -1 1.0 0
vsn 11 40048 -1 1.0 0
vsn 11 40048 -1 1.0 0
vsn 11 40048 -1 1.0 1
vsn 11 40048 -1 1.0 1
vsn 11 40048 -1 1.0 1
vsn 11 40048 -1 1.0 1
vsn 11 40048 -1 1.0 1
vsn 11 40048 -1 1.0 1
vsn 11 40048 -1 1.0 1
vsn 11 40048 -1 1.0 1
vsn 11 40048 -1 1.0 1
vsn 11 40048 -1 1.0 1
vsn 11 40048 -1 1.0 1
vsn 11 40048 -1 1.0 1
vsn 11 40048 -1 1.0 1
vsn 11 40048 -1 1.0 1
vsn 11 40048 -1 1.0 1
vsn 11 40048 -1 1.0 1
vsn 11 40048 -1 1.0 1
vsn 11 40048 -1 1.0 1
vsn 11 40048 -1 1.0 1
vsn 11 40048 -1 1.0 1
vsn 11 40048 -1 1.0 1
vsn 11 40048 -1 1.0 1
vsn 11 40048 -1 1.0 1
vsn 11 40048 -1 1.0 1
vsn 11 40048 -1 1.0 1
vsn 11 40048 -1 1.0 1
vsn 11 40048 -1 1.0 1
vsn 03 40009 -1 1.0 0
vsn 03 40009 -1 1.0 0
vsn 03 40009 -1 1.0 1
vsn 03 40009 -1 1.0 1
vsn 03 40009 -1 1.0 1
vsn 03 40009 -1 1.0 1
vsn 03 40009 -1 1.0 1
vsn 03 40009 -1 1.0 1
vsn 03 40009 -1 1.0 1
vsn 03 40009 -1 1.0 1
vsn 03 40009 -1 1.0 1
vsn 03 40009 -1 1.0 1
vsn 03 40009 -1 1.0 1
vsn 03 40009 -1 1.0 1
vsn 03 40009 -1 1.0 1
vsn 03 40009 -1 1.0 1
vsn 03 40009 -1 1.0 1
vsn 03 40009 -1 0.7 1
vsn 03 40009 -1 1.0 1
vsn 03 40009 -1 1.0 1
vsn 03 40009 -1 1.0 1
vsn 03 40009 -1 1.0 1
vsn 03 40009 -1 0.6 1
vse 03 40021 -1 1.0 0
vse 03 40021 -1 1.0 0
vse 03 40021 -1 1.0 1
vse 03 40021 -1 1.0 1
vse 03 40021 -1 1.0 1
vse 03 40021 -1 1.0 1
vse 03 40021 -1 1.0 1
vse 03 40021 -1 1.0 1
vse 03 40021 -1 1.0 1
vse 03 40021 -1 1.0 1
vse 03 40021 -1 1.0 1
vse 03 40021 -1 1.0 1
vse 03 40021 -1 1.0 1
vse 03 40021 -1 1.0 1
vse 03 40021 -1 1.0 1
vse 03 40021 -1 1.0 1
vse 03 40021 -1 1.0 1
vse 03 40021 -1 1.0 1
vse 03 40021 -1 1.0 1
vse 03 40021 -1 1.0 1
vse 03 40021 -1 1.0 1
vse 03 40021 -1 1.0 1
vse 03 40021 -1 1.0 1
vse 03 40021 -1 1.0 1
vse 03 40021 -1 1.0 1
vse 03 40021 -1 1.0 1
vse 03 40021 -1 1.0 1
vse 03 40021 -1 1.0 1
vse 03 40021 -1 1.0 1
vse 03 40021 -1 1.0 1
vse 03 40021 -1 1.0 1
vse 03 40021 -1 1.0 1
vse 03 40021 -1 1.0 1
vse 03 40021 -1 1.0 1
vse 03 40021 -1 1.0 1
vse 03 40021 -1 1.0 1
vse 20 40009 -1 0.8 0
vse 20 40009 -1 0.9 0
vse 20 40009 -1 0.8 0
vse 20 40009 -1 1.0 0
vse 20 40009 -1 1.0 0
vse 20 40009 -1 1.0 0
vse 20 40009 -1 1.0 0
vse 20 40009 -1 1.0 0
vse 20 40009 -1 0.9 0
vse 20 40009 -1 1.0 0
vse 20 40009 -1 0.8 0
vse 20 40009 -1 0.9 0
vse 20 40009 -1 0.9 0
vse 20 40009 -1 0.9 1
vse 20 40009 -1 0.9 1
vse 20 40009 -1 0.9 1
vse 20 40009 -1 0.9 1
vse 20 40009 -1 0.9 1
vse 20 40009 -1 0.9 1
vse 20 40009 -1 0.9 1
vse 20 40009 -1 0.9 1
vse 20 40009 -1 0.9 1
vse 20 40009 -1 0.9 1
vse 20 40009 -1 0.9 1
vsn 20 40048 -1 1.0 0
vsn 20 40048 -1 1.0 0
vsn 20 40048 -1 1.0 0
vsn 20 40048 -1 1.0 1
vsn 20 40048 -1 1.0 1
vsn 20 40048 -1 1.0 1
vsn 20 40048 -1 1.0 1
vsn 20 40048 -1 1.0 1
vsn 20 40048 -1 1.0 1
vsn 20 40048 -1 1.0 1
vsn 20 40048 -1 1.0 1
vsn 20 40048 -1 1.0 1
vsn 20 40048 -1 1.0 1
vsn 20 40048 -1 1.0 1
vsn 20 40048 -1 1.0 1
vsn 20 40048 -1 1.0 1
vsn 20 40048 -1 1.0 1
vsn 20 40048 -1 1.0 1
vsn 20 40048 -1 1.0 1
vsn 20 40048 -1 1.0 1
vsn 20 40048 -1 1.0 1
vsn 20 40048 -1 1.0 1
vse 04 40021 -1 0 0
vse 04 40021 -1 1.0 0
vse 04 40021 -1 1.0 0
vse 04 40021 -1 1.0 1
vse 04 40021 -1 1.0 1
vse 04 40021 -1 1.0 1
vse 04 40021 -1 1.0 1
vse 04 40021 -1 1.0 1
vse 04 40021 -1 1.0 1
vse 04 40021 -1 1.0 1
vse 04 40021 -1 1.0 1
vse 04 40021 -1 1.0 1
vse 04 40021 -1 1.0 1
vse 04 40021 -1 1.0 1
vse 04 40021 -1 1.0 1
vse 04 40021 -1 1.0 1
vse 04 40021 -1 1.0 1
vse 04 40021 -1 1.0 1
vse 04 40021 -1 1.0 1
vse 04 40021 -1 1.0 1
vse 04 40021 -1 1.0 1
vse 04 40021 -1 1.0 1
vse 04 40021 -1 1.0 1
vse 04 40021 -1 1.0 1
vse 04 40021 -1 1.0 1
vse 04 40021 -1 1.0 1
vse 04 40021 -1 1.0 1
vse 04 40021 -1 1.0 1
vsn 04 40009 -1 0.7 0
vsn 04 40009 -1 0.7 0
vsn 04 40009 -1 0.7 0
vsn 04 40009 -1 0.7 0
vsn 04 40009 -1 0.7 0
vsn 04 40009 -1 0.6 0
vsn 04 40009 -1 0.6 0
vsn 04 40009 -1 0.6 1
vsn 04 40009 -1 0.6 1
vsn 04 40009 -1 0.6 1
vsn 04 40009 -1 0.6 1
vsn 04 40009 -1 0.6 1
vsn 04 40009 -1 0.6 1
vsn 04 40009 -1 0.6 1
vsn 04 40009 -1 0.6 1
vsn 04 40009 -1 0.6 1
vsn 04 40009 -1 0.6 1
vsn 04 40009 -1 0.6 1
vsn 04 40009 -1 0.6 1
vsn 04 40009 -1 0.6 1
vse 05 40048 -1 1.0 0
vse 05 40048 -1 1.0 0
vse 05 40048 -1 1.0 0
vse 05 40048 -1 1.0 0
vse 05 40048 -1 1.0 1
vse 05 40048 -1 1.0 1
vse 05 40048 -1 0.7 1
vse 05 40048 -1 0.8 1
vse 05 40048 -1 1.0 1
vsn 05 40021 -1 1.0 0
vsn 05 40021 -1 1.0 0
vsn 05 40021 -1 1.0 1
vsn 05 40021 -1 1.0 1
vsn 05 40021 -1 1.0 1
vse 07 40009 -1 0.3 0
vse 07 40009 -1 0.8 0
vse 07 40009 -1 0.9 0
vse 07 40009 -1 0.6 1
vse 07 40009 -1 0.6 1
vse 07 40009 -1 0.6 1
vse 07 40009 -1 0.8 1
vse 07 40009 -1 0.7 1
vsn 07 40048 -1 1.0 0
vsn 07 40048 -1 1.0 0
vsn 07 40048 -1 1.0 0
vsn 07 40048 -1 1.0 1
vsn 07 40048 -1 1.0 1
vsn 07 40048 -1 1.0 1
vsn 07 40048 -1 1.0 1
vsn 07 40048 -1 1.0 1
vsn 07 40048 -1 1.0 1
vsn 07 40048 -1 1.0 1
vsn 07 40048 -1 1.0 1
vsn 07 40048 -1 1.0 1
vse 08 40021 -1 1.0 0
vse 08 40021 -1 1.0 0
vse 08 40021 -1 1.0 1
vse 08 40021 -1 1.0 1
vse 08 40021 -1 1.0 1
vse 08 40021 -1 1.0 1
vse 08 40021 -1 1.0 1
vse 08 40021 -1 1.0 1
vsn 08 40009 -1 0.6 0
vsn 08 40009 -1 0.7 0
vsn 08 40009 -1 0.9 1
vsn 08 40009 -1 0.9 1
vsn 08 40009 -1 0.9 1
vsn 08 40009 -1 0.9 1
vsn 08 40009 -1 0.9 1
vsn 09 40021 -1 0 0
vsn 09 40021 -1 1.0 0
vsn 09 40021 -1 1.0 0
vsn 09 40021 -1 1.0 1
vsn 09 40021 -1 1.0 1
vsn 09 40021 -1 0.8 1
vsn 09 40021 -1 0.8 1
vsn 09 40021 -1 0.7 1
vsn 09 40021 -1 0.1 1
vsn 09 40021 -1 1.0 1
vsn 09 40021 -1 1.0 1
vsn 09 40021 -1 1.0 1
vse 09 40048 -1 1.0 0
vse 09 40048 -1 1.0 0
vse 09 40048 -1 1.0 1
vse 09 40048 -1 1.0 1
vse 09 40048 -1 0.8 1
vse 09 40048 -1 1.0 1
vse 09 40048 -1 1.0 1
vsn 06 40048 -1 1.0 0
vsn 06 40048 -1 1.0 0
vsn 06 40048 -1 1.0 0
vsn 06 40048 -1 1.0 1
vsn 06 40048 -1 1.0 1
vsn 06 40048 -1 1.0 1
vsn 06 40048 -1 1.0 1
vsn 06 40048 -1 1.0 1
vse 06 40009 -1 0.8 0
vse 06 40009 -1 0.9 0
vse 06 40009 -1 0.9 1
vse 06 40009 -1 0.9 1
vse 13 40021 -1 1.0 0
vse 13 40021 -1 1.0 0
vse 13 40021 -1 0.2 0
vse 13 40021 -1 0.9 0
vse 13 40021 -1 1.0 0
vse 13 40021 -1 1.0 0
vse 13 40021 -1 1.0 1
vsn 13 40009 -1 0.8 0
vsn 13 40009 -1 1.0 0
vsn 13 40009 -1 0.9 1
vse 14 40048 -1 0.1 0
vse 14 40048 -1 1.0 0
vse 14 40048 -1 1.0 0
vse 14 40048 -1 1.0 0
vse 14 40048 -1 1.0 1
vse 14 40048 -1 1.0 1
vse 14 40048 -1 1.0 1
vse 14 40048 -1 1.0 1
vse 14 40048 -1 1.0 1
vse 14 40048 -1 1.0 1
vse 14 40048 -1 1.0 1
vse 14 40048 -1 1.0 1
vsn 14 40021 -1 1.0 0
vsn 14 40021 -1 1.0 0
vsn 14 40021 -1 1.0 0
vsn 14 40021 -1 1.0 1
vsn 14 40021 -1 0.9 1
vsn 14 40021 -1 0.9 1
vsn 14 40021 -1 0.9 1
vsn 14 40021 -1 0.9 1
vsn 14 40021 -1 1.0 1
vsn 14 40021 -1 1.0 1
vsn 14 40021 -1 1.0 1
vsn 14 40021 -1 1.0 1
vsn 14 40021 -1 1.0 1
vsn 15 40048 -1 1.0 0
vsn 15 40048 -1 1.0 0
vsn 15 40048 -1 1.0 1
vsn 15 40048 -1 1.0 1
vsn 15 40048 -1 1.0 1
vse 15 40009 -1 0.8 0
vse 15 40009 -1 0.9 0
vse 15 40009 -1 1.0 0
vse 15 40009 -1 0.9 1
vse 15 40009 -1 0.8 1
vse 15 40009 -1 0.8 1
vse 15 40009 -1 0.8 1
vse 15 40009 -1 0.9 1
vse 15 40009 -1 0.9 1
vse 15 40009 -1 0.9 1
vse 15 40009 -1 0.8 1
vse 16 40009 -1 1.0 0
vse 16 40009 -1 1.0 0
vse 16 40009 -1 1.0 1
vse 16 40009 -1 1.0 1
vse 16 40009 -1 1.0 1
vsn 16 40048 -1 1.0 0
vsn 16 40048 -1 1.0 1
vsn 16 40048 -1 1.0 1
vsn 16 40048 -1 1.0 1
vsn 16 40048 -1 1.0 1
vsn 16 40048 -1 1.0 1
vsn 16 40048 -1 1.0 1
vsn 16 40048 -1 1.0 1
vsn 16 40048 -1 1.0 1
vsn 16 40048 -1 1.0 1
vsn 16 40048 -1 1.0 1
vsn 16 40048 -1 1.0 1
vsn 16 40048 -1 1.0 1
vse 17 40021 -1 1.0 0
vse 17 40021 -1 1.0 0
vse 17 40021 -1 0.2 0
vse 17 40021 -1 1.0 0
vse 17 40021 -1 1.0 0
vse 17 40021 -1 1.0 1
vse 17 40021 -1 1.0 1
vse 17 40021 -1 1.0 1
vse 17 40021 -1 1.0 1
vse 17 40021 -1 1.0 1
vsn 17 40009 -1 0.0 0
vsn 17 40009 -1 0.0 0
vsn 17 40009 -1 1.0 0
vsn 17 40009 -1 1.0 0
vsn 17 40009 -1 1.0 1
vsn 17 40009 -1 1.0 1
vsn 17 40009 -1 1.0 1
vsn 17 40009 -1 1.0 1
vsn 17 40009 -1 0.9 1
vsn 17 40009 -1 1.0 1
vsn 17 40009 -1 1.0 1
vsn 18 40021 -1 1.0 0
vsn 18 40021 -1 1.0 0
vsn 18 40021 -1 1.0 1
vsn 18 40021 -1 1.0 1
vsn 18 40021 -1 1.0 1
vse 18 40048 -1 1.0 0
vse 18 40048 -1 1.0 0
vse 18 40048 -1 1.0 1
vse 18 40048 -1 1.0 1
vse 19 40048 -1 1.0 0
vse 19 40048 -1 1.0 0
vse 19 40048 -1 1.0 1
vse 19 40048 -1 1.0 1
vse 19 40048 -1 1.0 1
vse 19 40048 -1 1.0 1
vse 19 40048 -1 1.0 1
vsn 19 40021 -1 1.0 0
vsn 19 40021 -1 1.0 0
vsn 19 40021 -1 1.0 0
vsn 19 40021 -1 1.0 0
vsn 19 40021 -1 1.0 0
vsn 19 40021 -1 1.0 1
vsn 19 40021 -1 1.0 1
vsn 19 40021 -1 1.0 1
vsn 19 40021 -1 0.4 1
vsn 21 40009 -1 0.7 0
vsn 21 40009 -1 0.9 0
vsn 21 40009 -1 1.0 1
vsn 21 40009 -1 1.0 1
vsn 21 40009 -1 1.0 1
vsn 21 40009 -1 0.9 1
vsn 21 40009 -1 0.9 1
vse 21 40021 -1 1.0 0
vse 21 40021 -1 1.0 0
vse 21 40021 -1 1.0 1
vse 21 40021 -1 1.0 1
vse 21 40021 -1 1.0 1
vse 21 40021 -1 1.0 1
vsn 12 40009 -1 1.0 0
vsn 12 40009 -1 0.8 0
vsn 12 40009 -1 0.5 0
vsn 12 40009 -1 1.0 0
vsn 12 40009 -1 1.0 1
vsn 12 40009 -1 0.8 1
vsn 12 40009 -1 0.8 1
vsn 12 40009 -1 1.0 1
vsn 12 40009 -1 1.0 1
vsn 12 40009 -1 0.8 1
vsn 12 40009 -1 1.0 1
vsn 12 40009 -1 0.8 1
vsn 12 40009 -1 0.5 1
vsn 12 40009 -1 0.7 1
vsn 12 40009 -1 0.9 1
vsn 12 40009 -1 0.9 1
vsn 12 40009 -1 0.7 1
vse 12 40021 -1 1.0 0
vse 12 40021 -1 1.0 0
vse 12 40021 -1 1.0 1
vse 12 40021 -1 1.0 1
vse 12 40021 -1 1.0 1
vse 12 40021 -1 1.0 1
vse 12 40021 -1 1.0 1
vse 12 40021 -1 1.0 1
vse 12 40021 -1 1.0 1
vsn 01 40021 -1 0 0
vsn 01 40021 -1 1.0 0
vsn 01 40021 -1 1.0 0
vsn 01 40021 -1 1.0 0
vsn 01 40021 -1 1.0 1
vse 23 40048 -1 0.9 0
vse 23 40048 -1 0.9 0
vse 23 40048 -1 1.0 0
vse 23 40048 -1 1.0 0
vse 23 40048 -1 1.0 1
vse 23 40048 -1 1.0 1
vse 23 40048 -1 1.0 1
vse 23 40048 -1 1.0 1
vse 23 40048 -1 1.0 1
vse 23 40048 -1 1.0 1
vsn 23 40021 -1 1.0 0
vsn 23 40021 -1 1.0 0
vsn 23 40021 -1 0.9 1
vsn 23 40021 -1 1.0 1
vsn 23 40021 -1 1.0 1
vsn 23 40021 -1 1.0 1
vsn 24 40048 -1 1.0 0
vsn 24 40048 -1 1.0 0
vsn 24 40048 -1 1.0 1
vsn 24 40048 -1 1.0 1
vsn 24 40048 -1 0.9 1
vsn 24 40048 -1 1.0 1
vsn 24 40048 -1 1.0 1
vsn 24 40048 -1 1.0 1
vse 24 40009 -1 0.9 0
vse 24 40009 -1 0.6 0
vse 24 40009 -1 0.6 1
vse 24 40009 -1 0.6 1
vse 24 40009 -1 0.6 1
vse 24 40009 -1 0.6 1
vse 24 40009 -1 0.9 1
vse 24 40009 -1 1.0 1
vse 24 40009 -1 0.9 1
vse 24 40009 -1 0.6 1
vse 24 40009 -1 0.5 1
vse 24 40009 -1 0.9 1
vse 24 40009 -1 0.9 1
vse 24 40009 -1 0.8 1
vse 25 40009 -1 0.8 0
vse 25 40009 -1 0.9 0
vse 25 40009 -1 0.9 0
vse 25 40009 -1 0.6 0
vse 25 40009 -1 0.2 1
vse 25 40009 -1 0.7 1
vse 25 40009 -1 0.5 1
vse 25 40009 -1 0.7 1
vsn 25 40048 -1 0.6 0
vsn 25 40048 -1 1.0 0
vsn 25 40048 -1 1.0 0
vse 26 40021 -1 1.0 0
vse 26 40021 -1 1.0 0
vse 26 40021 -1 1.0 0
vse 26 40021 -1 1.0 1
vse 26 40021 -1 1.0 1
vse 26 40021 -1 1.0 1
vse 26 40021 -1 1.0 1
vse 26 40021 -1 1.0 1
vse 26 40021 -1 1.0 1
vse 26 40021 -1 1.0 1
vse 26 40021 -1 1.0 1
vsn 26 40009 -1 0.7 0
vsn 26 40009 -1 1.0 1
vsn 26 40009 -1 0.9 1
vsn 26 40009 -1 0.9 1
vsn 26 40009 -1 0.9 1
vsn 26 40009 -1 0.0 1
vsn 26 40009 -1 0.0 1
vsn 26 40009 -1 0.5 1
vsn 26 40009 -1 0.4 1
vsn 27 40021 -1 1.0 0
vsn 27 40021 -1 1.0 0
vsn 27 40021 -1 1.0 1
vsn 27 40021 -1 1.0 1
vsn 27 40021 -1 1.0 1
vsn 27 40021 -1 1.0 1
vsn 27 40021 -1 1.0 1
vsn 27 40021 -1 1.0 1
vsn 27 40021 -1 1.0 1
vsn 27 40021 -1 1.0 1
vsn 27 40021 -1 1.0 1
vsn 27 40021 -1 1.0 1
vsn 27 40021 -1 1.0 1
vsn 27 40021 -1 1.0 1
vsn 27 40021 -1 1.0 1
vsn 27 40021 -1 1.0 1
vsn 27 40021 -1 1.0 1
vse 27 40048 -1 1.0 0
vse 27 40048 -1 1.0 0
vse 27 40048 -1 1.0 0
vse 27 40048 -1 1.0 0
vse 27 40048 -1 1.0 0
vse 27 40048 -1 1.0 0
vse 27 40048 -1 1.0 0
vse 27 40048 -1 1.0 0
vse 27 40048 -1 1.0 0
vse 27 40048 -1 1.0 0
vse 27 40048 -1 1.0 1
vse 22 40021 -1 0.9 0
vse 22 40021 -1 1.0 0
vse 22 40021 -1 1.0 0
vse 22 40021 -1 1.0 0
vse 22 40021 -1 1.0 1
vse 22 40021 -1 1.0 1
vse 22 40021 -1 1.0 1
vse 22 40021 -1 1.0 1
vse 22 40021 -1 1.0 1
vse 22 40021 -1 1.0 1
vse 22 40021 -1 1.0 1
vse 22 40021 -1 1.0 1
vse 22 40021 -1 1.0 1
vsn 22 40009 -1 1.0 0
vsn 22 40009 -1 1.0 0
vsn 22 40009 -1 1.0 1
vsn 22 40009 -1 1.0 1
vsn 22 40009 -1 0.9 1
vsn 22 40009 -1 1.0 1
vse 28 40048 -1 1.0 0
vse 28 40048 -1 1.0 0
vse 28 40048 -1 1.0 0
vse 28 40048 -1 1.0 0
vse 28 40048 -1 1.0 1
vsn 28 40021 -1 1.0 0
vsn 28 40021 -1 1.0 0
vsn 28 40021 -1 1.0 1
vsn 28 40021 -1 1.0 1
vsn 28 40021 -1 1.0 1
vsn 28 40021 -1 1.0 1
vsn 28 40021 -1 1.0 1
vse 29 40009 -1 0.8 0
vse 29 40009 -1 0.8 0
vse 29 40009 -1 0.5 0
vse 29 40009 -1 0.1 0
vse 29 40009 -1 0.3 0
vse 29 40009 -1 0.1 1
vse 29 40009 -1 0.0 1
vse 29 40009 -1 0.2 1
vse 29 40009 -1 0.1 1
vsn 29 40048 -1 1.0 0
vsn 29 40048 -1 1.0 0
vsn 29 40048 -1 1.0 1
vsn 29 40048 -1 1.0 1
vsn 29 40048 -1 1.0 1
vsn 29 40048 -1 1.0 1
vsn 29 40048 -1 0.0 1
vsb 29 40021 -1 1.0 1
vsn 30 40009 -1 0.8 0
vsn 30 40009 -1 1.0 0
vsn 30 40009 -1 0.8 0
vsn 30 40009 -1 0.0 1
vsn 30 40009 -1 0.9 1
vsn 30 40009 -1 0.9 1
vsn 30 40009 -1 0.8 1
vsn 30 40009 -1 0.8 1
vsn 30 40009 -1 0.8 1
vse 30 40021 -1 1.0 0
vse 30 40021 -1 0.2 0
vse 30 40021 -1 0.1 0
vse 30 40021 -1 0.2 0
vse 30 40021 -1 0.2 0
vse 30 40021 -1 0.9 0
vse 30 40021 -1 1.0 0
vse 30 40021 -1 1.0 1
vse 30 40021 -1 1.0 1
vse 30 40021 -1 1.0 1
vse 30 40021 -1 1.0 1
vse 30 40021 -1 1.0 1
vse 32 40048 -1 1.0 0
vse 32 40048 -1 1.0 0
vse 32 40048 -1 1.0 1
vse 32 40048 -1 1.0 1
vse 32 40048 -1 1.0 1
vse 32 40048 -1 1.0 1
vse 32 40048 -1 1.0 1
vse 32 40048 -1 1.0 1
vse 32 40048 -1 1.0 1
vse 32 40048 -1 1.0 1
vse 32 40048 -1 1.0 1
vse 32 40048 -1 1.0 1
vse 32 40048 -1 1.0 1
vse 32 40048 -1 1.0 1
vse 32 40048 -1 1.0 1
vsn 32 40021 -1 1.0 0
vsn 32 40021 -1 1.0 0
vsn 32 40021 -1 1.0 0
vsn 32 40021 -1 1.0 1
vsn 32 40021 -1 1.0 1
vsn 32 40021 -1 1.0 1
vsn 32 40021 -1 1.0 1
vsn 32 40021 -1 1.0 1
vsn 32 40021 -1 1.0 1
vsn 32 40021 -1 1.0 1
vsn 32 40021 -1 1.0 1
vsn 32 40021 -1 1.0 1
vsn 32 40021 -1 1.0 1
vsn 32 40021 -1 1.0 1
vsn 33 40048 -1 1.0 0
vsn 33 40048 -1 1.0 0
vsn 33 40048 -1 1.0 1
vsn 33 40048 -1 1.0 1
vsn 33 40048 -1 0.1 1
vsn 33 40048 -1 1.0 1
vsn 33 40048 -1 1.0 1
vsn 33 40048 -1 1.0 1
vsb 33 40021 -1 0.8 1
vse 33 40009 -1 1.0 0
vse 33 40009 -1 0.7 0
vse 34 40009 -1 0.7 0
vse 34 40009 -1 1.0 0
vse 34 40009 -1 1.0 1
vsn 34 40048 -1 0.0 0
vsn 34 40048 -1 0.0 0
vsn 34 40048 -1 0.0 0
vsn 34 40048 -1 0.7 0
vsn 34 40048 -1 0.0 0
vsn 34 40048 -1 0.0 0
vsn 34 40048 -1 0.0 0
vsn 34 40048 -1 0.7 0
vsn 34 40048 -1 1.0 0
vsn 34 40048 -1 1.0 0
vsn 34 40048 -1 1.0 1
vse 35 40021 -1 1.0 0
vse 35 40021 -1 1.0 0
vse 35 40021 -1 1.0 0
vse 35 40021 -1 1.0 0
vse 35 40021 -1 1.0 0
vse 35 40021 -1 1.0 1
vse 35 40021 -1 1.0 1
vse 35 40021 -1 1.0 1
vse 35 40021 -1 1.0 1
vsn 35 40009 -1 0.9 0
vsn 35 40009 -1 0.9 0
vsn 35 40009 -1 1.0 1
vsn 35 40009 -1 0.9 1
vsn 35 40009 -1 0.8 1
vsn 35 40009 -1 0.7 1
vsn 36 40021 -1 1.0 0
vsn 36 40021 -1 1.0 0
vsn 36 40021 -1 1.0 0
vsn 36 40021 -1 1.0 1
vsn 36 40021 -1 1.0 1
vsn 36 40021 -1 1.0 1
vsn 36 40021 -1 1.0 1
vsn 36 40021 -1 1.0 1
vsn 36 40021 -1 1.0 1
vsn 36 40021 -1 1.0 1
vsn 36 40021 -1 1.0 1
vsn 36 40021 -1 1.0 1
vsn 36 40021 -1 1.0 1
vsn 36 40021 -1 1.0 1
vsn 36 40021 -1 1.0 1
vse 36 40048 -1 1.0 0
vse 36 40048 -1 1.0 0
vse 36 40048 -1 1.0 1
vse 36 40048 -1 0.9 1
vse 36 40048 -1 1.0 1
vse 36 40048 -1 1.0 1
vse 36 40048 -1 1.0 1
vse 37 40048 -1 0.0 0
vse 37 40048 -1 0.0 0
vse 37 40048 -1 1.0 0
vse 37 40048 -1 1.0 0
vse 37 40048 -1 1.0 1
vse 37 40048 -1 1.0 1
vse 37 40048 -1 1.0 1
vse 37 40048 -1 1.0 1
vse 37 40048 -1 1.0 1
vse 37 40048 -1 1.0 1
vse 37 40048 -1 1.0 1
vse 37 40048 -1 1.0 1
vsn 37 40021 -1 1.0 0
vsn 37 40021 -1 1.0 0
vsn 37 40021 -1 1.0 1
vsn 37 40021 -1 1.0 1
vsn 37 40021 -1 1.0 1
vsn 37 40021 -1 1.0 1
vsn 37 40021 -1 1.0 1
vsn 37 40021 -1 1.0 1
vse 31 40021 -1 1.0 0
vse 31 40021 -1 1.0 0
vse 31 40021 -1 1.0 0
vse 31 40021 -1 1.0 1
vse 31 40021 -1 1.0 1
vse 31 40021 -1 0.2 1
vse 31 40021 -1 1.0 1
vse 31 40021 -1 1.0 1
vse 31 40021 -1 0.9 1
vse 31 40021 -1 0.9 1
vse 31 40021 -1 1.0 1
vse 31 40021 -1 1.0 1
vse 31 40021 -1 0.9 1
vsn 31 40009 -1 0.8 0
vsn 31 40009 -1 0.3 0
vsn 31 40009 -1 0.6 0
vsn 31 40009 -1 0.6 0
vsn 31 40009 -1 0.5 0
vsn 31 40009 -1 1.0 0
vsn 31 40009 -1 0.7 0
vsn 31 40009 -1 0.8 0
vsn 31 40009 -1 0.8 0
vsn 31 40009 -1 0.8 0
vsn 31 40009 -1 0.8 0
vsn 31 40009 -1 0.8 0
vsn 31 40009 -1 0.8 0
vsn 31 40009 -1 0.8 0
vsn 31 40009 -1 0.8 0
vsn 31 40009 -1 0.8 0
vsn 31 40009 -1 0.8 1
vsn 31 40009 -1 0.8 1
