sys userno topicid qno noteno noteid docno prec
vsn 03 40009 1 8 8171 XIN20001014.1400.0087 0.9976635514018691
vsn 03 40009 1 7 8170 VOA20001028.2100.0233 1.0
vsn 03 40009 1 6 8169 XIN20001110.1400.0088 1.0
vsn 03 40009 2 8 8171 XIN20001014.1400.0087 0.9976635514018691
vsn 03 40009 3 8 8171 XIN20001014.1400.0087 0.9976635514018691
vsn 03 40009 3 6 8169 XIN20001110.1400.0088 1.0
vsn 03 40009 4 6 8169 XIN20001110.1400.0088 1.0
vsn 03 40009 5 3 8166 AFA20001018.1800.0227 1.0
vsn 03 40009 5 5 8168 XIN20001110.1400.0088 0.5524861878453039
vsn 03 40009 6 1 8164 AFA20001018.1800.0227 1.0
vsn 03 40009 6 2 8165 AFA20001018.1800.0227 1.0
vsn 03 40009 6 3 8166 AFA20001018.1800.0227 1.0
vsn 03 40009 6 4 8167 AFA20001018.1800.0227 1.0
vsn 03 40009 7 1 8164 AFA20001018.1800.0227 1.0
vse 03 40021 1 13 8194 CNN20010114.1400.0018 1.0
vse 03 40021 1 1 8182 XIN20010114.2000.0128 1.0
vse 03 40021 3 12 8193 CNN20010114.1400.0018 1.0
vse 03 40021 3 10 8191 CTS20010115.2000.0008 0.9946666666666667
vse 03 40021 5 9 8190 ZBN20010115.0400.0014 0.7030075187969925
vse 03 40021 6 8 8189 ZBN20010115.0400.0014 0.0
vse 03 40021 7 3 8184 CTV20010116.1330.1565 0.9827586206896551
vse 03 40021 9 4 8185 ZBN20010115.0400.0014 1.0
vse 03 40021 9 3 8184 CTV20010116.1330.1565 0.9827586206896551
vse 03 40021 9 2 8183 XIN20010114.2000.0128 1.0
vse 03 40021 10 10 8191 CTS20010115.2000.0008 0.9946666666666667
vse 03 40021 11 7 8188 ZBN20010115.0400.0014 0.6533333333333333
vse 03 40021 11 5 8186 ZBN20010115.0400.0014 0.0
vse 03 40021 12 5 8186 ZBN20010115.0400.0014 0.0
vsb 03 40048 1 9 8180 NYT20001112.1903.0110 1.0
vsb 03 40048 1 10 8181 APW20001112.0900.0320 0.02631578947368421
vsb 03 40048 2 8 8179 NYT20001112.1903.0110 0.9979166666666667
vsb 03 40048 3 6 8177 APW20001112.1831.0439 1.0
vsb 03 40048 3 7 8178 NYT20001112.1903.0110 0.0
vsb 03 40048 4 2 8173 APW20001112.1831.0439 1.0
vsb 03 40048 5 1 8172 APW20001112.1831.0439 1.0
vsb 03 40048 6 6 8177 APW20001112.1831.0439 1.0
vsb 03 40048 7 3 8174 APW20001112.1831.0439 1.0
vsb 03 40048 7 5 8176 APW20001112.1831.0439 1.0
vsb 03 40048 8 4 8175 APW20001112.1831.0439 0.0
vsn 04 40009 1 6 8278 VOA20001006.2100.0364 0.996551724137931
vsn 04 40009 1 7 8279 VOA20001006.2100.0364 1.0
vsn 04 40009 1 1 8273 ZBN20001030.0400.0009 0.6455910340452526
vsn 04 40009 2 2 8274 XIN20001110.1400.0088 0.0
vsn 04 40009 3 3 8275 APW20001018.1350.0468 0.995880535530381
vsn 04 40009 3 5 8277 VOM20010124.0700.0972 0.0
vsn 04 40009 4 9 8281 NYT20001204.0926.0050 1.0
vsn 04 40009 4 7 8279 VOA20001006.2100.0364 1.0
vsn 04 40009 5 6 8278 VOA20001006.2100.0364 0.996551724137931
vsn 04 40009 6 1 8273 ZBN20001030.0400.0009 0.6455910340452526
vsn 04 40009 6 2 8274 XIN20001110.1400.0088 0.0
vsn 04 40009 6 3 8275 APW20001018.1350.0468 0.995880535530381
vsn 04 40009 7 7 8279 VOA20001006.2100.0364 1.0
vsn 04 40009 7 9 8281 NYT20001204.0926.0050 1.0
vse 04 40021 1 2 8262 ZBN20010117.0400.0003 0.9137844611528823
vse 04 40021 1 7 8267 ZBN20010115.0400.0014 0.8590998043052838
vse 04 40021 1 11 8271 APW20010114.0219.0078 0.9963855421686747
vse 04 40021 2 11 8271 APW20010114.0219.0078 0.9963855421686747
vse 04 40021 3 2 8262 ZBN20010117.0400.0003 0.9137844611528823
vse 04 40021 4 2 8262 ZBN20010117.0400.0003 0.9137844611528823
vse 04 40021 4 7 8267 ZBN20010115.0400.0014 0.8590998043052838
vse 04 40021 5 2 8262 ZBN20010117.0400.0003 0.9137844611528823
vse 04 40021 6 7 8267 ZBN20010115.0400.0014 0.8590998043052838
vse 04 40021 7 3 8263 ZBN20010117.0400.0003 1.0
vse 04 40021 8 3 8263 ZBN20010117.0400.0003 1.0
vse 04 40021 8 4 8264 APW20010114.0543.0317 0.999002493765586
vse 04 40021 9 9 8269 CTS20010117.1300.0493 0.6014492753623188
vse 04 40021 10 1 8261 CTS20010115.2000.0008 0.78099173553719
vse 04 40021 11 5 8265 APW20010114.0543.0317 0.47114375655823715
vse 04 40021 11 10 8270 CTS20010115.2000.0008 0.7206632653061225
vse 04 40021 12 5 8265 APW20010114.0543.0317 0.47114375655823715
vse 04 40021 12 10 8270 CTS20010115.2000.0008 0.7206632653061225
vsb 04 40048 1 2 8247 XIN20001112.0200.0028 1.0
vsb 04 40048 1 13 8258 APW20001111.0851.0291 0.6254416961130742
vsb 04 40048 1 14 8259 XIN20001114.2000.0107 0.9969325153374233
vsb 04 40048 1 15 8260 NBC20001112.1830.1225 1.0
vsb 04 40048 2 1 8246 XIN20001112.0200.0028 1.0
vsb 04 40048 2 2 8247 XIN20001112.0200.0028 1.0
vsb 04 40048 2 13 8258 APW20001111.0851.0291 0.6254416961130742
vsb 04 40048 2 14 8259 XIN20001114.2000.0107 0.9969325153374233
vsb 04 40048 3 6 8251 NYT20001111.1525.0144 0.0
vsb 04 40048 3 12 8257 ZBN20001112.1300.0037 0.0
vsb 04 40048 4 5 8250 ZBN20001112.1300.0037 1.0
vsb 04 40048 4 9 8254 NYT20001112.1903.0110 0.5263157894736842
vsb 04 40048 4 11 8256 ZBN20001112.1300.0037 1.0
vsb 04 40048 5 5 8250 ZBN20001112.1300.0037 1.0
vsb 04 40048 5 9 8254 NYT20001112.1903.0110 0.5263157894736842
vsb 04 40048 5 11 8256 ZBN20001112.1300.0037 1.0
vsb 04 40048 6 3 8248 NYT20001112.1903.0110 1.0
vsb 04 40048 6 6 8251 NYT20001111.1525.0144 0.0
vsb 04 40048 7 11 8256 ZBN20001112.1300.0037 1.0
vsb 04 40048 7 5 8250 ZBN20001112.1300.0037 1.0
vsb 04 40048 7 9 8254 NYT20001112.1903.0110 0.5263157894736842
vsb 04 40048 8 7 8252 NYT20001111.1525.0144 1.0
vsb 04 40048 8 10 8255 ZBN20001112.1300.0037 1.0
vsn 05 40021 1 9 8318 CNN20010115.0900.0296 1.0
vsn 05 40021 1 5 8314 CNN20010114.1400.0018 1.0
vsn 05 40021 2 9 8318 CNN20010115.0900.0296 1.0
vsn 05 40021 2 5 8314 CNN20010114.1400.0018 1.0
vsn 05 40021 3 9 8318 CNN20010115.0900.0296 1.0
vsn 05 40021 3 5 8314 CNN20010114.1400.0018 1.0
vsn 05 40021 4 9 8318 CNN20010115.0900.0296 1.0
vsn 05 40021 4 5 8314 CNN20010114.1400.0018 1.0
vsn 05 40021 6 6 8315 CNN20010114.0900.0182 0.9982905982905983
vsn 05 40021 6 5 8314 CNN20010114.1400.0018 1.0
vsn 05 40021 8 3 8312 CTS20010115.2000.0008 1.0
vsn 05 40021 8 9 8318 CNN20010115.0900.0296 1.0
vsn 05 40021 9 6 8315 CNN20010114.0900.0182 0.9982905982905983
vsn 05 40021 9 8 8317 ZBN20010115.0400.0014 1.0
vsn 05 40021 10 3 8312 CTS20010115.2000.0008 1.0
vsn 05 40021 11 4 8313 CTS20010115.2000.0008 0.9946666666666667
vsn 05 40021 11 2 8311 APW20010114.0543.0230 1.0
vsn 05 40021 11 1 8310 APW20010114.0543.0230 1.0
vsn 05 40021 12 1 8310 APW20010114.0543.0230 1.0
vse 05 40048 1 3 8303 APW20001112.1831.0448 1.0
vse 05 40048 1 8 8308 APW20001111.0851.0294 1.0
vse 05 40048 1 5 8305 PRI20001113.2000.1255 1.0
vse 05 40048 2 7 8307 APW20001111.0851.0294 1.0
vse 05 40048 2 5 8305 PRI20001113.2000.1255 1.0
vse 05 40048 3 1 8301 APW20001112.1831.0448 1.0
vse 05 40048 4 2 8302 APW20001112.1831.0448 1.0
vse 05 40048 6 8 8308 APW20001111.0851.0294 1.0
vse 05 40048 6 2 8302 APW20001112.1831.0448 1.0
vse 05 40048 7 2 8302 APW20001112.1831.0448 1.0
vse 05 40048 8 4 8304 PRI20001113.2000.1255 0.6872852233676976
vse 06 40009 1 1 8566 NYT20001202.1028.0024 1.0
vse 06 40009 1 3 8569 NYT20001202.1028.0024 0.0
vse 06 40009 1 26 8602 AFA20001018.1800.0227 1.0
vse 06 40009 1 14 8587 VOA20001018.2100.2160 1.0
vse 06 40009 1 15 8588 VOA20001018.2100.2160 1.0
vse 06 40009 1 26 8602 AFA20001018.1800.0227 1.0
vse 06 40009 1 18 8591 VOA20001018.2100.2160 0.0
vse 06 40009 1 4 8572 NYT20001202.1028.0024 0.0
vse 06 40009 2 2 8568 NYT20001202.1028.0024 1.0
vse 06 40009 2 4 8572 NYT20001202.1028.0024 0.0
vse 06 40009 3 22 8597 VOA20001018.2100.2160 1.0
vse 06 40009 3 24 8600 AFA20001018.1800.0227 1.0
vse 06 40009 3 25 8601 AFA20001018.1800.0227 0.0
vse 06 40009 3 21 8595 VOA20001018.2100.2160 1.0
vse 06 40009 3 12 8585 VOA20001018.2100.2160 1.0
vse 06 40009 4 14 8587 VOA20001018.2100.2160 1.0
vse 06 40009 4 15 8588 VOA20001018.2100.2160 1.0
vse 06 40009 5 15 8588 VOA20001018.2100.2160 1.0
vse 06 40009 5 19 8592 VOA20001018.2100.2160 0.0
vse 06 40009 5 7 8578 NYT20001202.1028.0024 0.0
vse 06 40009 5 6 8575 NYT20001202.1028.0024 0.0
vse 06 40009 5 5 8574 NYT20001202.1028.0024 1.0
vse 06 40009 6 23 8599 AFA20001018.1800.0227 1.0
vse 06 40009 6 22 8597 VOA20001018.2100.2160 1.0
vse 06 40009 6 20 8594 VOA20001018.2100.2160 0.997979797979798
vse 06 40009 6 16 8589 VOA20001018.2100.2160 1.0
vse 06 40009 6 13 8586 VOA20001018.2100.2160 1.0
vse 06 40009 6 11 8582 VOA20001018.2100.2160 1.0
vse 06 40009 6 10 8581 VOA20001018.2100.2160 1.0
vse 06 40009 6 8 8579 VOA20001018.2100.2160 0.9977426636568849
vse 06 40009 7 21 8595 VOA20001018.2100.2160 1.0
vse 06 40009 7 8 8579 VOA20001018.2100.2160 0.9977426636568849
vsb 06 40021 1 2 8543 XIN20010117.2000.0179 0.0
vsb 06 40021 1 6 8547 ZBN20010115.0400.0014 1.0
vsb 06 40021 1 7 8548 ZBN20010115.0400.0014 1.0
vsb 06 40021 1 9 8550 ZBN20010115.0400.0014 0.0
vsb 06 40021 1 20 8561 XIN20010115.2000.0144 1.0
vsb 06 40021 1 22 8563 ABC20010114.1830.0045 0.0
vsb 06 40021 3 10 8551 ZBN20010115.0400.0014 0.0
vsb 06 40021 4 9 8550 ZBN20010115.0400.0014 0.0
vsb 06 40021 5 8 8549 ZBN20010115.0400.0014 1.0
vsb 06 40021 5 10 8551 ZBN20010115.0400.0014 0.0
vsb 06 40021 5 11 8552 ZBN20010115.0400.0014 1.0
vsb 06 40021 5 15 8556 XIN20010114.2000.0139 0.0
vsb 06 40021 6 5 8546 ZBN20010115.0400.0014 1.0
vsb 06 40021 7 12 8553 AFA20010114.1000.0063 1.0
vsb 06 40021 9 12 8553 AFA20010114.1000.0063 1.0
vsb 06 40021 10 14 8555 AFA20010114.1000.0063 0.0
vsb 06 40021 10 24 8565 AFA20010114.0000.0003 1.0
vsb 06 40021 11 17 8558 CTS20010115.2000.0008 0.0
vsb 06 40021 11 18 8559 CTS20010115.2000.0008 0.3837837837837838
vsb 06 40021 11 2 8543 XIN20010117.2000.0179 0.0
vsb 06 40021 11 1 8542 XIN20010117.2000.0179 0.0
vsb 06 40021 12 18 8559 CTS20010115.2000.0008 0.3837837837837838
vsb 06 40021 12 19 8560 XIN20010115.2000.0144 1.0
vsb 06 40021 12 2 8543 XIN20010117.2000.0179 0.0
vsb 06 40021 12 1 8542 XIN20010117.2000.0179 0.0
vsn 06 40048 1 1 8533 ZBN20001113.0400.0019 1.0
vsn 06 40048 1 7 8541 ZBN20001113.0400.0019 1.0
vsn 06 40048 1 5 8538 ZBN20001112.1300.0037 1.0
vsn 06 40048 3 3 8536 ZBN20001112.1300.0037 1.0
vsn 06 40048 4 2 8535 ZBN20001113.0400.0019 1.0
vsn 06 40048 4 6 8539 ZBN20001112.1300.0037 1.0
vsn 06 40048 5 2 8535 ZBN20001113.0400.0019 1.0
vsn 06 40048 6 4 8537 ZBN20001112.1300.0037 1.0
vsn 06 40048 7 2 8535 ZBN20001113.0400.0019 1.0
vsn 06 40048 7 6 8539 ZBN20001112.1300.0037 1.0
vsn 06 40048 8 2 8535 ZBN20001113.0400.0019 1.0
vse 07 40009 1 6 8362 AFA20001109.1800.0150 0.0
vse 07 40009 2 5 8361 XIN20001019.0200.0015 1.0
vse 07 40009 3 4 8360 XIN20001014.1400.0087 0.9987179487179487
vse 07 40009 4 3 8359 XIN20001014.1400.0087 0.0
vse 07 40009 5 2 8358 APW20010117.0520.0259 1.0
vse 07 40009 6 1 8357 AFA20001109.1800.0150 0.0
vsb 07 40021 1 2 8353 XIN20010115.1400.0118 0.8416945373467113
vsb 07 40021 2 5 8356 ZBN20010116.0400.0007 0.0
vsb 07 40021 3 4 8355 XIN20010117.2000.0179 1.0
vsb 07 40021 4 4 8355 XIN20010117.2000.0179 1.0
vsb 07 40021 5 3 8354 XIN20010114.2000.0139 0.0
vsb 07 40021 6 1 8351 APW20010114.1733.0443 1.0
vsn 07 40048 1 4 8368 ZBN20001113.0400.0019 0.5465346534653466
vsn 07 40048 2 3 8367 APW20001207.1122.0418 0.724669603524229
vsn 07 40048 3 2 8365 APW20001113.1340.0344 1.0
vsn 07 40048 6 1 8363 ANN20001113.1500.0065 1.0
vsn 08 40009 1 4 8394 AFA20001109.1800.0150 0.0
vsn 08 40009 2 3 8393 XIN20001014.1400.0087 1.0
vsn 08 40009 3 4 8394 AFA20001109.1800.0150 0.0
vsn 08 40009 5 2 8392 XIN20001014.1400.0087 1.0
vse 08 40021 1 3 8387 XIN20010115.2000.0144 1.0
vse 08 40021 2 3 8387 XIN20010115.2000.0144 1.0
vsb 08 40048 1 6 8403 APW20001112.1831.0439 1.0
vsb 08 40048 1 14 8411 APW20001113.1340.0344 1.0
vsb 08 40048 1 13 8410 NYT20001111.1525.0144 1.0
vsb 08 40048 2 7 8404 APW20001112.1831.0439 1.0
vsb 08 40048 2 11 8408 APW20001112.0900.0308 1.0
vsb 08 40048 3 4 8401 XIN20001112.0200.0028 1.0
vsb 08 40048 3 10 8407 APW20001112.0900.0308 0.0
vsb 08 40048 6 5 8402 APW20001207.1122.0418 1.0
vsb 08 40048 7 1 8398 APW20001112.1831.0439 0.0
vsb 08 40048 7 2 8399 ZBN20001116.0400.0016 1.0
vsb 08 40048 7 8 8405 APW20001112.0900.0308 1.0
vsb 08 40048 7 3 8400 APW20001207.1122.0418 1.0
vsb 08 40048 7 9 8406 APW20001112.0900.0308 0.975
vsb 09 40009 1 22 8470 APW20010111.1817.0705 1.0
vsb 09 40009 1 24 8472 XIN20001112.2000.0124 0.0
vsb 09 40009 2 3 8451 ZBN20001030.0400.0009 1.0
vsb 09 40009 2 12 8460 ALH20001020.1300.0093 1.0
vsb 09 40009 2 18 8466 XIN20001110.1400.0088 1.0
vsb 09 40009 3 2 8450 ZBN20001030.0400.0009 1.0
vsb 09 40009 3 19 8467 XIN20001110.1400.0088 1.0
vsb 09 40009 3 23 8471 APW20010111.1817.0705 0.0
vsb 09 40009 4 4 8452 ZBN20001030.0400.0009 1.0
vsb 09 40009 4 3 8451 ZBN20001030.0400.0009 1.0
vsb 09 40009 4 2 8450 ZBN20001030.0400.0009 1.0
vsb 09 40009 4 24 8472 XIN20001112.2000.0124 0.0
vsb 09 40009 5 3 8451 ZBN20001030.0400.0009 1.0
vsb 09 40009 5 5 8453 ZBN20001030.0400.0009 0.002898550724637681
vsb 09 40009 5 13 8461 ALH20001020.1300.0093 1.0
vsb 09 40009 5 19 8467 XIN20001110.1400.0088 1.0
vsb 09 40009 6 1 8449 ZBN20001030.0400.0009 1.0
vsb 09 40009 6 7 8455 ZBN20001030.0400.0009 1.0
vsb 09 40009 6 8 8456 AFA20001018.1800.0227 1.0
vsb 09 40009 6 9 8457 AFA20001018.1800.0227 1.0
vsb 09 40009 6 11 8459 AFA20001109.1800.0150 0.0
vsb 09 40009 6 13 8461 ALH20001020.1300.0093 1.0
vsb 09 40009 6 19 8467 XIN20001110.1400.0088 1.0
vsb 09 40009 6 20 8468 APW20010111.1817.0705 1.0
vsb 09 40009 6 21 8469 APW20010111.1817.0705 0.0
vsb 09 40009 6 23 8471 APW20010111.1817.0705 0.0
vsb 09 40009 7 6 8454 ZBN20001030.0400.0009 1.0
vsb 09 40009 7 7 8455 ZBN20001030.0400.0009 1.0
vsb 09 40009 7 10 8458 AFA20001109.1800.0150 0.0
vsb 09 40009 7 11 8459 AFA20001109.1800.0150 0.0
vsb 09 40009 7 20 8468 APW20010111.1817.0705 1.0
vsb 09 40009 7 21 8469 APW20010111.1817.0705 0.0
vsb 09 40009 7 23 8471 APW20010111.1817.0705 0.0
vsn 09 40021 1 10 8442 CBS20010121.0800.0231 1.0
vsn 09 40021 2 14 8446 XIN20010114.2000.0139 0.0
vsn 09 40021 2 10 8442 CBS20010121.0800.0231 1.0
vsn 09 40021 3 14 8446 XIN20010114.2000.0139 0.0
vsn 09 40021 4 2 8433 CTS20010115.2000.0008 0.0
vsn 09 40021 5 13 8445 XIN20010115.2000.0144 0.0
vsn 09 40021 5 12 8444 CTS20010123.1300.1023 1.0
vsn 09 40021 5 4 8435 CTS20010115.2000.0008 0.0
vsn 09 40021 6 6 8437 CTS20010115.2000.0008 1.0
vsn 09 40021 8 1 8432 CTS20010115.2000.0008 1.0
vsn 09 40021 9 8 8440 XIN20010114.2000.0128 1.0
vsn 09 40021 9 6 8437 CTS20010115.2000.0008 1.0
vsn 09 40021 10 9 8441 CBS20010121.0800.0231 1.0
vsn 09 40021 10 15 8447 CTS20010115.2000.0008 1.0
vsn 09 40021 10 16 8448 XIN20010115.2000.0144 1.0
vsn 09 40021 10 14 8446 XIN20010114.2000.0139 0.0
vsn 09 40021 10 5 8436 CTS20010115.2000.0008 1.0
vsn 09 40021 11 7 8439 VOM20010116.0700.0098 1.0
vsn 09 40021 11 5 8436 CTS20010115.2000.0008 1.0
vsn 09 40021 12 11 8443 CTS20010123.1300.1023 1.0
vsn 09 40021 12 7 8439 VOM20010116.0700.0098 1.0
vse 09 40048 1 3 8475 NYT20001111.1525.0144 1.0
vse 09 40048 1 8 8480 NYT20001111.1525.0144 1.0
vse 09 40048 1 10 8482 APW20001207.1122.0418 0.984251968503937
vse 09 40048 1 11 8483 APW20001207.1122.0418 1.0
vse 09 40048 1 13 8485 APW20001111.1611.0427 1.0
vse 09 40048 1 19 8491 APW20001111.0851.0294 0.0
vse 09 40048 1 25 8497 XIN20001111.0200.0012 1.0
vse 09 40048 1 26 8498 XIN20001111.0200.0012 1.0
vse 09 40048 1 27 8499 APW20001207.1122.0418 1.0
vse 09 40048 1 28 8500 APW20001207.1122.0418 0.0
vse 09 40048 1 30 8502 ZBN20001112.1300.0037 1.0
vse 09 40048 1 33 8505 ZBN20001112.1300.0037 1.0
vse 09 40048 1 34 8506 ZBN20001112.1300.0037 1.0
vse 09 40048 1 35 8507 ZBN20001112.1300.0037 1.0
vse 09 40048 1 37 8509 APW20001111.0851.0294 1.0
vse 09 40048 1 39 8511 APW20001111.0851.0294 0.0
vse 09 40048 2 13 8485 APW20001111.1611.0427 1.0
vse 09 40048 2 27 8499 APW20001207.1122.0418 1.0
vse 09 40048 2 28 8500 APW20001207.1122.0418 0.0
vse 09 40048 2 30 8502 ZBN20001112.1300.0037 1.0
vse 09 40048 2 33 8505 ZBN20001112.1300.0037 1.0
vse 09 40048 2 34 8506 ZBN20001112.1300.0037 1.0
vse 09 40048 2 35 8507 ZBN20001112.1300.0037 1.0
vse 09 40048 2 37 8509 APW20001111.0851.0294 1.0
vse 09 40048 2 39 8511 APW20001111.0851.0294 0.0
vse 09 40048 3 8 8480 NYT20001111.1525.0144 1.0
vse 09 40048 3 14 8486 APW20001111.1611.0427 1.0
vse 09 40048 3 22 8494 APW20001111.0851.0294 0.0
vse 09 40048 3 30 8502 ZBN20001112.1300.0037 1.0
vse 09 40048 3 36 8508 ZBN20001112.1300.0037 1.0
vse 09 40048 3 38 8510 APW20001111.0851.0294 0.6859504132231405
vse 09 40048 3 39 8511 APW20001111.0851.0294 0.0
vse 09 40048 4 6 8478 NYT20001111.1525.0144 1.0
vse 09 40048 4 22 8494 APW20001111.0851.0294 0.0
vse 09 40048 5 1 8473 NYT20001111.1525.0144 1.0
vse 09 40048 5 2 8474 NYT20001111.1525.0144 1.0
vse 09 40048 5 7 8479 NYT20001111.1525.0144 1.0
vse 09 40048 5 20 8492 CBS20001114.1000.0691 1.0
vse 09 40048 5 21 8493 CBS20001114.1000.0691 1.0
vse 09 40048 5 22 8494 APW20001111.0851.0294 0.0
vse 09 40048 5 23 8495 APW20001111.0851.0294 1.0
vse 09 40048 5 31 8503 ZBN20001112.1300.0037 1.0
vse 09 40048 5 32 8504 ZBN20001112.1300.0037 0.0
vse 09 40048 6 9 8481 NYT20001111.1525.0144 1.0
vse 09 40048 6 22 8494 APW20001111.0851.0294 0.0
vse 09 40048 6 24 8496 XIN20001111.0200.0012 1.0
vse 09 40048 6 29 8501 ZBN20001112.1300.0037 1.0
vse 09 40048 7 4 8476 NYT20001111.1525.0144 1.0
vse 09 40048 7 5 8477 NYT20001111.1525.0144 1.0
vse 09 40048 7 12 8484 APW20001111.1611.0427 1.0
vse 09 40048 7 15 8487 APW20001111.1611.0427 1.0
vse 09 40048 7 16 8488 APW20001111.1611.0427 1.0
vse 09 40048 7 17 8489 APW20001111.1611.0427 0.9933993399339934
vse 09 40048 7 18 8490 APW20001111.0851.0294 0.9161425576519916
vse 09 40048 7 22 8494 APW20001111.0851.0294 0.0
vse 09 40048 7 23 8495 APW20001111.0851.0294 1.0
vse 09 40048 7 31 8503 ZBN20001112.1300.0037 1.0
vse 09 40048 7 32 8504 ZBN20001112.1300.0037 0.0
vse 09 40048 8 1 8473 NYT20001111.1525.0144 1.0
vse 09 40048 8 2 8474 NYT20001111.1525.0144 1.0
vse 09 40048 8 7 8479 NYT20001111.1525.0144 1.0
vse 09 40048 8 16 8488 APW20001111.1611.0427 1.0
vse 09 40048 8 18 8490 APW20001111.0851.0294 0.9161425576519916
vse 09 40048 8 20 8492 CBS20001114.1000.0691 1.0
vse 09 40048 8 21 8493 CBS20001114.1000.0691 1.0
vse 09 40048 8 22 8494 APW20001111.0851.0294 0.0
vse 09 40048 8 23 8495 APW20001111.0851.0294 1.0
vse 09 40048 8 31 8503 ZBN20001112.1300.0037 1.0
vse 09 40048 8 32 8504 ZBN20001112.1300.0037 0.0
vsb 10 40009 1 8 8074 APW20001110.1844.0451 0.6744186046511628
vsb 10 40009 3 1 8067 VOA20001018.2100.2160 0.8337912087912088
vsb 10 40009 3 7 8073 VOA20001018.2100.2160 1.0
vsb 10 40009 4 6 8072 APW20001110.1844.0451 1.0
vsb 10 40009 5 5 8071 XIN20001014.1400.0087 0.0
vsb 10 40009 5 4 8070 XIN20001014.1400.0087 0.0
vsb 10 40009 7 2 8068 XIN20001029.2000.0106 0.9971264367816092
vsb 10 40009 7 3 8069 XIN20001014.1400.0087 0.0
vse 10 40048 1 5 8079 APW20001112.1831.0439 1.0
vse 10 40048 1 6 8080 APW20001112.1831.0448 1.0
vse 10 40048 1 7 8081 APW20001112.1831.0448 1.0
vse 10 40048 2 9 8083 ZBN20001112.1300.0037 0.0
vse 10 40048 2 10 8084 APW20001111.0851.0303 1.0
vse 10 40048 2 8 8082 APW20001111.0851.0294 1.0
vse 10 40048 3 4 8078 APW20001112.1831.0439 1.0
vse 10 40048 4 1 8075 APW20001112.1831.0439 1.0
vse 10 40048 6 3 8077 APW20001112.1831.0439 0.991869918699187
vse 10 40048 8 3 8077 APW20001112.1831.0439 0.991869918699187
vse 11 40009 1 15 8117 APW20001018.1350.0468 0.0
vse 11 40009 2 13 8115 VOA20001018.2100.2160 0.0
vse 11 40009 2 12 8114 VOA20001018.2100.2160 0.0
vse 11 40009 3 7 8109 ZBN20001030.0400.0009 0.2182410423452769
vse 11 40009 3 2 8104 VOA20001018.2100.2160 1.0
vse 11 40009 4 12 8114 VOA20001018.2100.2160 0.0
vse 11 40009 5 9 8111 VOA20001018.2100.2160 1.0
vse 11 40009 5 8 8110 VOA20001018.2100.2160 1.0
vse 11 40009 5 11 8113 VOA20001018.2100.2160 1.0
vse 11 40009 6 6 8108 ZBN20001030.0400.0009 1.0
vse 11 40009 7 5 8107 XIN20001110.1400.0088 1.0
vse 11 40009 7 4 8106 VOA20001224.0500.0524 1.0
vse 11 40009 7 1 8103 VOA20001018.2100.2160 1.0
vsb 11 40021 1 3 8134 AFA20010114.1000.0063 1.0
vsb 11 40021 1 14 8145 APW20010114.0543.0230 1.0
vsb 11 40021 2 3 8134 AFA20010114.1000.0063 1.0
vsb 11 40021 2 7 8138 ZBN20010115.0400.0014 1.0
vsb 11 40021 3 2 8133 AFA20010114.1000.0063 1.0
vsb 11 40021 3 6 8137 AFA20010114.1000.0063 0.9933774834437086
vsb 11 40021 3 7 8138 ZBN20010115.0400.0014 1.0
vsb 11 40021 4 2 8133 AFA20010114.1000.0063 1.0
vsb 11 40021 5 11 8142 APW20010115.2023.0562 0.9801980198019802
vsb 11 40021 6 10 8141 ZBN20010116.0400.0007 0.9942857142857143
vsb 11 40021 8 1 8132 AFA20010114.1000.0063 1.0
vsb 11 40021 9 9 8140 ZBN20010117.0400.0003 1.0
vsb 11 40021 10 1 8132 AFA20010114.1000.0063 1.0
vsb 11 40021 11 5 8136 AFA20010114.1000.0063 0.9933333333333333
vsb 11 40021 11 13 8144 APW20010114.0543.0230 0.6929824561403509
vsb 11 40021 11 4 8135 AFA20010114.1000.0063 1.0
vsb 11 40021 12 13 8144 APW20010114.0543.0230 0.6929824561403509
vsb 11 40021 12 5 8136 AFA20010114.1000.0063 0.9933333333333333
vsb 11 40021 12 4 8135 AFA20010114.1000.0063 1.0
vsn 11 40048 1 13 8131 CBS20001113.1000.0822 1.0
vsn 11 40048 1 12 8130 NYT20001112.1903.0110 0.9168949771689497
vsn 11 40048 2 12 8130 NYT20001112.1903.0110 0.9168949771689497
vsn 11 40048 2 3 8121 APW20001112.1831.0448 1.0
vsn 11 40048 3 10 8128 APW20001114.1245.0373 1.0
vsn 11 40048 4 8 8126 APW20001114.1245.0373 0.0
vsn 11 40048 4 9 8127 APW20001114.1245.0373 1.0
vsn 11 40048 5 2 8120 APW20001112.1831.0448 1.0
vsn 11 40048 6 6 8124 NYT20001111.1525.0144 1.0
vsn 11 40048 7 5 8123 NYT20001111.1525.0144 0.9302325581395349
vsn 11 40048 8 1 8119 APW20001112.1831.0448 1.0
vsn 13 40009 1 12 8648 APW20001016.1724.0512 1.0
vsn 13 40009 1 13 8649 VOA20001018.2100.0775 1.0
vsn 13 40009 2 2 8638 APW20001016.1724.0512 0.9921259842519685
vsn 13 40009 3 7 8643 VOA20001028.2100.0233 1.0
vsn 13 40009 3 6 8642 XIN20001029.2000.0106 0.997289972899729
vsn 13 40009 3 10 8646 APW20001016.1724.0512 1.0
vsn 13 40009 4 11 8647 APW20001016.1724.0512 0.0
vsn 13 40009 5 9 8645 APW20010117.0520.0259 1.0
vsn 13 40009 6 9 8645 APW20010117.0520.0259 1.0
vsn 13 40009 6 10 8646 APW20001016.1724.0512 1.0
vsn 13 40009 7 12 8648 APW20001016.1724.0512 1.0
vsn 13 40009 7 3 8639 APW20001016.1724.0512 0.9984
vsn 13 40009 7 1 8637 APW20001016.1724.0512 0.9973718791064389
vse 13 40021 1 8 8636 XIN20010131.1400.0097 0.0
vse 13 40021 1 4 8632 APW20001218.1535.0417 0.0
vse 13 40021 2 8 8636 XIN20010131.1400.0097 0.0
vse 13 40021 2 4 8632 APW20001218.1535.0417 0.0
vse 13 40021 3 7 8635 VOM20010131.0700.0152 0.0
vse 13 40021 5 8 8636 XIN20010131.1400.0097 0.0
vse 13 40021 7 1 8629 XIN20010117.2000.0179 1.0
vse 13 40021 7 2 8630 XIN20010117.2000.0179 0.9979317476732161
vse 13 40021 10 4 8632 APW20001218.1535.0417 0.0
vse 13 40021 10 7 8635 VOM20010131.0700.0152 0.0
vse 13 40021 11 1 8629 XIN20010117.2000.0179 1.0
vse 13 40021 11 2 8630 XIN20010117.2000.0179 0.9979317476732161
vse 13 40021 12 2 8630 XIN20010117.2000.0179 0.9979317476732161
vsb 13 40048 1 2 8621 AFA20001111.1800.0160 1.0
vsb 13 40048 1 1 8620 ZBN20001113.0400.0019 1.0
vsb 13 40048 1 7 8627 VOA20001111.2100.0206 1.0
vsb 13 40048 2 1 8620 ZBN20001113.0400.0019 1.0
vsb 13 40048 3 5 8625 APW20001111.0851.0294 1.0
vsb 13 40048 3 8 8628 XIN20001114.2000.0107 1.0
vsb 13 40048 3 3 8622 XIN20001111.0200.0012 1.0
vsb 13 40048 4 6 8626 APW20001111.0851.0294 1.0
vsb 13 40048 4 4 8624 ZBN20001112.1300.0037 1.0
vsb 13 40048 5 3 8622 XIN20001111.0200.0012 1.0
vsb 13 40048 6 5 8625 APW20001111.0851.0294 1.0
vsb 13 40048 7 6 8626 APW20001111.0851.0294 1.0
vsb 13 40048 7 4 8624 ZBN20001112.1300.0037 1.0
vsb 13 40048 8 7 8627 VOA20001111.2100.0206 1.0
vsb 13 40048 8 6 8626 APW20001111.0851.0294 1.0
vsb 13 40048 8 4 8624 ZBN20001112.1300.0037 1.0
vsb 14 40009 1 10 8688 ALH20001020.1300.0093 0.3649025069637883
vsb 14 40009 2 9 8687 ALH20001020.1300.0093 1.0
vsb 14 40009 3 8 8686 ALH20001020.1300.0093 1.0
vsb 14 40009 4 2 8679 ZBN20001030.0400.0009 1.0
vsb 14 40009 5 1 8678 ZBN20001030.0400.0009 1.0
vsb 14 40009 6 5 8683 AFA20001018.1800.0227 1.0
vsb 14 40009 6 2 8679 ZBN20001030.0400.0009 1.0
vsb 14 40009 7 4 8682 APW20001216.0556.0272 0.0
vsn 14 40021 1 7 8677 AFA20010114.1800.0155 0.9967845659163987
vsn 14 40021 1 6 8676 AFA20010114.1000.0022 1.7296898079763663
vsn 14 40021 2 5 8675 VAR20010114.1100.0825 1.0
vsn 14 40021 3 4 8674 XIN20010114.2000.0139 1.0
vsn 14 40021 4 4 8674 XIN20010114.2000.0139 1.0
vsn 14 40021 6 2 8672 APW20010114.0543.0230 1.0
vsn 14 40021 7 3 8673 VOA20010115.2000.1835 1.0
vsn 14 40021 8 1 8671 AFA20010114.1000.0063 1.0
vsn 14 40021 10 2 8672 APW20010114.0543.0230 1.0
vsn 14 40021 11 3 8673 VOA20010115.2000.1835 1.0
vsn 14 40021 12 3 8673 VOA20010115.2000.1835 1.0
vse 14 40048 1 8 8669 APW20001111.1611.0427 0.5606060606060606
vse 14 40048 2 8 8669 APW20001111.1611.0427 0.5606060606060606
vse 14 40048 3 6 8667 CBS20001111.1000.0659 0.9919354838709677
vse 14 40048 4 5 8666 CBS20001114.1000.0691 0.9942028985507246
vse 14 40048 5 1 8662 NYT20001112.1903.0110 1.0
vse 14 40048 6 3 8664 APW20001111.1611.0418 1.0
vse 14 40048 7 2 8663 APW20001113.1340.0344 0.9967845659163987
vse 14 40048 8 4 8665 CBS20001114.1000.0691 1.0
vse 15 40009 1 7 8739 AFA20010117.1800.0240 0.0
vse 15 40009 1 8 8740 CNN20001019.1400.0598 1.0
vse 15 40009 2 1 8733 NYT20001202.1028.0024 1.0
vse 15 40009 5 2 8734 AFA20001018.1800.0227 0.9952038369304557
vse 15 40009 6 3 8735 XIN20001110.1400.0088 0.0
vse 15 40009 6 4 8736 XIN20001110.1400.0088 0.0
vse 15 40009 6 5 8737 AFA20001109.1800.0150 0.0
vse 15 40009 6 6 8738 CNN20001018.1400.0577 1.0
vsb 15 40021 1 20 8732 APW20010116.1521.0424 1.0
vsb 15 40021 2 20 8732 APW20010116.1521.0424 1.0
vsb 15 40021 3 6 8718 CTS20010115.2000.0008 1.0
vsb 15 40021 3 9 8721 ZBN20010116.0400.0007 1.0
vsb 15 40021 5 13 8725 ZBN20010116.0400.0007 1.0
vsb 15 40021 6 5 8717 CTS20010115.2000.0008 1.0
vsb 15 40021 6 7 8719 VAR20010114.1100.0825 1.0
vsb 15 40021 6 16 8728 VOM20010114.0700.0373 1.0
vsb 15 40021 8 4 8716 CBS20010115.1000.0930 1.0
vsb 15 40021 8 14 8726 ZBN20010116.0400.0007 0.0
vsb 15 40021 9 16 8728 VOM20010114.0700.0373 1.0
vsb 15 40021 11 8 8720 AFA20010114.1000.0022 2.0
vsb 15 40021 11 15 8727 VOM20010114.0700.0373 1.0
vsb 15 40021 11 17 8729 AFA20010113.1800.0158 0.7679180887372014
vsb 15 40021 11 18 8730 CTS20010115.2000.0008 1.0
vsb 15 40021 12 11 8723 ZBN20010116.0400.0007 1.0
vsb 15 40021 12 12 8724 ZBN20010116.0400.0007 1.0
vsb 15 40021 12 14 8726 ZBN20010116.0400.0007 0.0
vsn 15 40048 1 9 8712 NYT20001112.1903.0110 1.0
vsn 15 40048 2 8 8711 APW20001112.1831.0439 0.0
vsn 15 40048 2 5 8708 NYT20001111.1525.0144 1.0
vsn 15 40048 3 2 8705 APW20001112.1831.0439 1.0
vsn 15 40048 3 4 8707 NYT20001111.1525.0144 1.0
vsn 15 40048 3 7 8710 APW20001113.1340.0344 1.0
vsn 15 40048 4 1 8704 APW20001112.1831.0439 1.0
vsn 15 40048 7 3 8706 NYT20001111.1525.0144 1.0
vse 16 40009 1 15 8792 VOA20001018.2100.2160 0.0
vse 16 40009 1 16 8793 VOA20001018.2100.2160 1.0
vse 16 40009 1 11 8788 VOA20001018.2100.0775 1.0
vse 16 40009 1 9 8786 VOA20001018.2100.0775 1.0
vse 16 40009 1 12 8789 VOA20001018.2100.2160 1.0
vse 16 40009 2 4 8781 APW20001019.0539.0204 0.37089201877934275
vse 16 40009 3 3 8780 APW20001019.0539.0204 1.0
vse 16 40009 4 4 8781 APW20001019.0539.0204 0.37089201877934275
vse 16 40009 5 5 8782 APW20001019.0539.0204 1.0
vse 16 40009 6 1 8778 APW20001019.0539.0204 1.0
vse 16 40009 6 2 8779 APW20001019.0539.0204 1.0
vse 16 40009 6 8 8785 VOA20001018.2100.0775 1.0
vse 16 40009 7 14 8791 VOA20001018.2100.2160 1.0
vsb 16 40021 1 2 8768 ZBN20010115.0400.0014 1.0
vsb 16 40021 2 2 8768 ZBN20010115.0400.0014 1.0
vsb 16 40021 3 8 8774 AFA20010114.0000.0003 1.0
vsb 16 40021 5 4 8770 ZBN20010115.0400.0014 1.0
vsb 16 40021 6 3 8769 ZBN20010115.0400.0014 1.0
vsb 16 40021 9 3 8769 ZBN20010115.0400.0014 1.0
vsb 16 40021 10 2 8768 ZBN20010115.0400.0014 1.0
vsb 16 40021 11 1 8767 ZBN20010115.0400.0014 1.0
vsb 16 40021 11 7 8773 ABC20010114.1830.0045 0.0
vsn 16 40048 1 13 8806 APW20001111.0851.0290 0.9
vsn 16 40048 1 14 8807 APW20001111.0851.0290 0.9925373134328358
vsn 16 40048 2 11 8804 APW20001207.1122.0418 1.0
vsn 16 40048 3 14 8807 APW20001111.0851.0290 0.9925373134328358
vsn 16 40048 3 10 8803 APW20001111.0851.0290 1.0
vsn 16 40048 4 7 8800 NYT20001111.1525.0144 0.8269230769230769
vsn 16 40048 5 2 8795 NYT20001111.1525.0144 0.9975247524752475
vsn 16 40048 6 10 8803 APW20001111.0851.0290 1.0
vsn 16 40048 7 13 8806 APW20001111.0851.0290 0.9
vsn 16 40048 7 8 8801 NYT20001111.1525.0144 0.995049504950495
vsn 16 40048 7 7 8800 NYT20001111.1525.0144 0.8269230769230769
vsn 16 40048 7 6 8799 NYT20001111.1525.0144 0.0
vsn 16 40048 8 2 8795 NYT20001111.1525.0144 0.9975247524752475
vsn 17 40009 1 5 8846 APW20001019.0539.0204 1.0
vsn 17 40009 1 10 8851 APW20001019.0539.0204 0.0
vsn 17 40009 2 11 8852 XIN20001014.1400.0087 0.6519083969465649
vsn 17 40009 2 4 8845 VOA20001018.2100.0775 0.9946200403496974
vsn 17 40009 3 1 8842 APW20001018.1350.0468 1.0
vsn 17 40009 3 8 8849 APW20001019.0539.0204 0.0
vsn 17 40009 3 10 8851 APW20001019.0539.0204 0.0
vsn 17 40009 4 11 8852 XIN20001014.1400.0087 0.6519083969465649
vsn 17 40009 4 10 8851 APW20001019.0539.0204 0.0
vsn 17 40009 5 3 8844 ZBN20001030.0400.0009 1.0
vsn 17 40009 6 1 8842 APW20001018.1350.0468 1.0
vsn 17 40009 6 2 8843 APW20001018.1350.0468 1.0
vsn 17 40009 7 1 8842 APW20001018.1350.0468 1.0
vsn 17 40009 7 7 8848 APW20001019.0539.0204 0.8494623655913979
vsn 17 40009 7 9 8850 APW20001019.0539.0204 0.0
vsn 17 40009 7 5 8846 APW20001019.0539.0204 1.0
vse 17 40021 1 5 8835 ZBN20010115.0400.0014 1.0
vse 17 40021 1 3 8833 XIN20010114.2000.0139 1.0
vse 17 40021 2 10 8840 XIN20010115.1400.0118 0.9911111111111112
vse 17 40021 3 1 8831 CTS20010115.2000.0008 1.0
vse 17 40021 3 5 8835 ZBN20010115.0400.0014 1.0
vse 17 40021 4 5 8835 ZBN20010115.0400.0014 1.0
vse 17 40021 4 3 8833 XIN20010114.2000.0139 1.0
vse 17 40021 5 10 8840 XIN20010115.1400.0118 0.9911111111111112
vse 17 40021 5 11 8841 XIN20010115.2000.0144 1.0
vse 17 40021 6 4 8834 ZBN20010115.0400.0014 0.9905437352245863
vse 17 40021 6 7 8837 XIN20010115.2000.0144 1.0
vse 17 40021 7 3 8833 XIN20010114.2000.0139 1.0
vse 17 40021 7 1 8831 CTS20010115.2000.0008 1.0
vse 17 40021 8 3 8833 XIN20010114.2000.0139 1.0
vse 17 40021 9 4 8834 ZBN20010115.0400.0014 0.9905437352245863
vse 17 40021 10 9 8839 XIN20010115.1400.0118 0.9046052631578947
vse 17 40021 11 7 8837 XIN20010115.2000.0144 1.0
vse 17 40021 12 4 8834 ZBN20010115.0400.0014 0.9905437352245863
vsb 17 40048 1 8 8862 APW20001112.1831.0448 1.0
vsb 17 40048 1 6 8860 NYT20001112.1903.0110 0.9168949771689497
vsb 17 40048 2 1 8855 NYT20001112.1903.0110 0.9973958333333334
vsb 17 40048 2 8 8862 APW20001112.1831.0448 1.0
vsb 17 40048 2 13 8867 APW20001111.0851.0294 1.0
vsb 17 40048 3 3 8857 NYT20001112.1903.0110 0.0
vsb 17 40048 4 17 8871 NBC20001112.1830.1225 0.9973614775725593
vsb 17 40048 4 14 8868 CBS20001114.1000.0691 1.0
vsb 17 40048 5 7 8861 NYT20001112.1903.0110 0.661522633744856
vsb 17 40048 5 10 8864 APW20001112.1831.0448 0.7433784579164214
vsb 17 40048 5 17 8871 NBC20001112.1830.1225 0.9973614775725593
vsb 17 40048 6 16 8870 CBS20001112.1000.0176 0.5617021276595745
vsb 17 40048 6 17 8871 NBC20001112.1830.1225 0.9973614775725593
vsb 17 40048 7 12 8866 APW20001112.1831.0448 1.0
vsb 17 40048 7 14 8868 CBS20001114.1000.0691 1.0
vsb 18 40009 1 6 8905 NYT20001202.1028.0024 0.0
vsb 18 40009 1 2 8901 ZBN20001030.0400.0009 0.998109640831758
vsb 18 40009 3 6 8905 NYT20001202.1028.0024 0.0
vsb 18 40009 4 2 8901 ZBN20001030.0400.0009 0.998109640831758
vsb 18 40009 5 1 8900 ZBN20001030.0400.0009 1.0
vsb 18 40009 5 3 8902 VOA20001018.2100.2160 0.997907949790795
vsb 18 40009 6 3 8902 VOA20001018.2100.2160 0.997907949790795
vsb 18 40009 6 4 8903 VOA20001018.2100.2160 1.0
vsb 18 40009 6 8 8907 NYT20001202.1028.0024 1.0
vsb 18 40009 7 5 8904 XIN20001110.1400.0088 1.0
vsn 18 40021 1 9 8899 APW20010114.0543.0317 1.0
vsn 18 40021 2 3 8893 ZBN20010116.0400.0007 1.0
vsn 18 40021 2 9 8899 APW20010114.0543.0317 1.0
vsn 18 40021 3 6 8896 APW20010125.0333.0172 1.0
vsn 18 40021 4 6 8896 APW20010125.0333.0172 1.0
vsn 18 40021 5 2 8892 ZBN20010116.0400.0007 1.0
vsn 18 40021 5 4 8894 ZBN20010116.0400.0007 1.0
vsn 18 40021 6 5 8895 APW20010114.0543.0317 1.0
vsn 18 40021 9 5 8895 APW20010114.0543.0317 1.0
vsn 18 40021 10 4 8894 ZBN20010116.0400.0007 1.0
vsn 18 40021 11 1 8891 ZBN20010116.0400.0007 1.0
vse 18 40048 1 1 8909 NYT20001112.1903.0110 1.0
vse 18 40048 1 8 8919 PRI20001113.2000.1925 0.6893424036281179
vse 18 40048 2 12 8923 APW20001207.1122.0418 0.9900990099009901
vse 18 40048 3 10 8921 APW20001112.0900.0308 0.0
vse 18 40048 4 11 8922 APW20001112.0900.0308 1.0
vse 18 40048 5 3 8912 NYT20001112.1903.0110 1.0
vse 18 40048 7 2 8910 NYT20001112.1903.0110 1.0
vse 18 40048 7 6 8916 APW20001112.1831.0439 1.0
vse 18 40048 7 7 8917 APW20001112.1831.0439 1.0
vse 18 40048 8 6 8916 APW20001112.1831.0439 1.0
vse 18 40048 8 9 8920 CBS20001114.1000.0691 1.0
vsb 19 40009 1 8 8962 NYT20001202.1028.0024 0.0
vsb 19 40009 1 5 8958 XIN20001029.2000.0106 0.5573770491803278
vsb 19 40009 2 8 8962 NYT20001202.1028.0024 0.0
vsb 19 40009 3 2 8955 VOA20001018.2100.2160 0.998212689901698
vsb 19 40009 3 6 8960 VOA20001018.2100.0775 0.9945205479452055
vsb 19 40009 4 8 8962 NYT20001202.1028.0024 0.0
vsb 19 40009 5 7 8961 CNN20001019.1400.0598 0.9922555663117134
vsb 19 40009 6 2 8955 VOA20001018.2100.2160 0.998212689901698
vsb 19 40009 6 3 8956 XIN20001029.2000.0106 1.0
vsb 19 40009 6 4 8957 VOA20001018.2100.0775 1.0
vsb 19 40009 7 1 8954 ZBN20001030.0400.0009 1.0
vsn 19 40021 1 2 8978 APW20010114.0543.0317 1.0
vsn 19 40021 1 3 8979 APW20010114.0543.0317 1.0
vsn 19 40021 1 4 8980 ZBN20010116.0400.0007 1.0
vsn 19 40021 1 7 8983 APW20010114.1733.0443 1.0
vsn 19 40021 2 3 8979 APW20010114.0543.0317 1.0
vsn 19 40021 3 7 8983 APW20010114.1733.0443 1.0
vsn 19 40021 5 1 8977 APW20010114.0543.0317 1.0
vsn 19 40021 6 3 8979 APW20010114.0543.0317 1.0
vsn 19 40021 6 5 8981 ZBN20010116.0400.0007 1.0
vsn 19 40021 6 8 8984 APW20010114.1733.0443 1.0
vsn 19 40021 6 10 8986 AFA20010114.0000.0003 1.0
vsn 19 40021 8 2 8978 APW20010114.0543.0317 1.0
vsn 19 40021 8 4 8980 ZBN20010116.0400.0007 1.0
vsn 19 40021 9 10 8986 AFA20010114.0000.0003 1.0
vsn 19 40021 9 8 8984 APW20010114.1733.0443 1.0
vsn 19 40021 9 6 8982 CNN20010115.1400.0111 1.0
vsn 19 40021 11 9 8985 XIN20010117.2000.0179 1.0
vsn 19 40021 11 4 8980 ZBN20010116.0400.0007 1.0
vse 19 40048 1 2 8964 APW20001112.1831.0448 1.0
vse 19 40048 1 6 8968 APW20001112.1831.0448 1.0
vse 19 40048 1 12 8974 APW20001111.0851.0303 1.0
vse 19 40048 1 14 8976 ZBN20001112.1300.0037 1.0
vse 19 40048 2 10 8972 XIN20001114.2000.0107 1.0
vse 19 40048 2 11 8973 XIN20001111.0200.0012 1.0
vse 19 40048 3 13 8975 APW20001111.0851.0303 1.0
vse 19 40048 4 1 8963 APW20001112.1831.0448 1.0
vse 19 40048 4 3 8965 APW20001112.1831.0448 1.0
vse 19 40048 5 4 8966 APW20001112.1831.0448 1.0
vse 19 40048 6 5 8967 APW20001112.1831.0448 1.0
vse 19 40048 6 7 8969 NYT20001112.1903.0110 1.0
vse 19 40048 6 8 8970 NYT20001112.1903.0110 1.0
vse 19 40048 7 1 8963 APW20001112.1831.0448 1.0
vse 19 40048 7 3 8965 APW20001112.1831.0448 1.0
vse 19 40048 8 1 8963 APW20001112.1831.0448 1.0
vse 19 40048 8 3 8965 APW20001112.1831.0448 1.0
vse 20 40009 1 5 8213 ZBN20001030.0400.0009 0.6746666666666666
vse 20 40009 3 1 8208 ZBN20001030.0400.0009 0.9971264367816092
vse 20 40009 3 3 8210 APW20001018.1350.0468 0.35
vse 20 40009 5 4 8212 XIN20001029.2000.0106 0.9975594874923734
vse 20 40009 6 2 8209 APW20001016.1724.0512 0.9985449254274281
vse 20 40009 6 3 8210 APW20001018.1350.0468 0.35
vse 20 40009 7 4 8212 XIN20001029.2000.0106 0.9975594874923734
vse 20 40009 7 5 8213 ZBN20001030.0400.0009 0.6746666666666666
vsb 20 40021 1 7 8231 AFA20010114.0000.0003 0.9948979591836735
vsb 20 40021 1 9 8233 CTS20010115.2000.0008 1.0
vsb 20 40021 1 10 8234 APW20010114.0543.0317 0.5
vsb 20 40021 1 11 8235 ZBN20010115.0400.0014 1.0
vsb 20 40021 1 12 8236 ZBN20010116.0400.0007 1.0
vsb 20 40021 3 12 8236 ZBN20010116.0400.0007 1.0
vsb 20 40021 4 9 8233 CTS20010115.2000.0008 1.0
vsb 20 40021 5 5 8229 APW20010114.0543.0317 1.0
vsb 20 40021 6 1 8225 ZBN20010115.0400.0014 0.9967558799675588
vsb 20 40021 7 2 8226 ZBN20010115.0400.0014 0.508298755186722
vsb 20 40021 7 4 8228 AFA20010114.1000.0063 0.9970887918486172
vsb 20 40021 7 6 8230 XIN20010114.2000.0139 0.9923809523809524
vsb 20 40021 8 3 8227 ZBN20010115.0400.0014 0.5567765567765568
vsb 20 40021 9 4 8228 AFA20010114.1000.0063 0.9970887918486172
vsb 20 40021 9 8 8232 CTS20010115.2000.0008 0.8590425531914894
vsb 20 40021 10 7 8231 AFA20010114.0000.0003 0.9948979591836735
vsb 20 40021 10 9 8233 CTS20010115.2000.0008 1.0
vsb 20 40021 10 10 8234 APW20010114.0543.0317 0.5
vsb 20 40021 10 11 8235 ZBN20010115.0400.0014 1.0
vsb 20 40021 12 4 8228 AFA20010114.1000.0063 0.9970887918486172
vsb 20 40021 12 8 8232 CTS20010115.2000.0008 0.8590425531914894
vsn 20 40048 1 1 8215 NYT20001111.1525.0144 0.9956521739130435
vsn 20 40048 1 3 8217 NYT20001111.1525.0144 0.9983660130718954
vsn 20 40048 1 9 8223 APW20001112.1831.0439 1.0
vsn 20 40048 2 1 8215 NYT20001111.1525.0144 0.9956521739130435
vsn 20 40048 2 8 8222 APW20001112.1831.0439 1.0
vsn 20 40048 3 10 8224 APW20001113.1340.0344 1.0
vsn 20 40048 4 5 8219 NYT20001111.1525.0144 1.0
vsn 20 40048 5 4 8218 NYT20001111.1525.0144 0.997134670487106
vsn 20 40048 6 6 8220 NYT20001111.1525.0144 0.5311720698254364
vsn 20 40048 7 2 8216 NYT20001111.1525.0144 1.0
vsn 20 40048 7 7 8221 NYT20001111.1525.0144 0.0
vsn 20 40048 8 5 8219 NYT20001111.1525.0144 1.0
vsn 21 40009 1 13 9016 APW20001019.0539.0204 1.0
vsn 21 40009 2 12 9015 ZBN20001030.0400.0009 0.0
vsn 21 40009 2 11 9014 ZBN20001030.0400.0009 1.0
vsn 21 40009 3 1 9004 ZBN20001030.0400.0009 1.0
vsn 21 40009 3 3 9006 APW20001016.1724.0512 1.0
vsn 21 40009 4 13 9016 APW20001019.0539.0204 1.0
vsn 21 40009 5 7 9010 CNN20001019.1400.0598 1.0
vsn 21 40009 5 10 9013 ZBN20001030.0400.0009 0.0
vsn 21 40009 6 10 9013 ZBN20001030.0400.0009 0.0
vsn 21 40009 6 9 9012 XIN20001029.2000.0106 0.5573770491803278
vsn 21 40009 6 8 9011 CNN20001019.1400.0598 0.991304347826087
vsn 21 40009 6 5 9008 APW20001016.1724.0512 1.0
vsn 21 40009 7 7 9010 CNN20001019.1400.0598 1.0
vsn 21 40009 7 6 9009 CNN20001019.1400.0598 1.0
vsn 21 40009 7 2 9005 APW20001016.1724.0512 1.0
vsn 21 40009 7 4 9007 APW20001016.1724.0512 1.0
vse 21 40021 1 20 9053 CNN20010115.0900.0296 1.0
vse 21 40021 1 19 9052 CNN20010115.0900.0296 0.0
vse 21 40021 2 18 9051 ZBN20010116.0400.0007 1.0
vse 21 40021 3 17 9050 CTS20010116.1300.0512 1.0
vse 21 40021 4 19 9052 CNN20010115.0900.0296 0.0
vse 21 40021 5 17 9050 CTS20010116.1300.0512 1.0
vse 21 40021 5 13 9046 XIN20010115.2000.0144 1.0
vse 21 40021 5 11 9044 AFA20010114.1000.0063 1.0
vse 21 40021 6 14 9047 CNN20010114.1400.0018 1.0
vse 21 40021 6 15 9048 AFA20010114.0000.0003 1.0
vse 21 40021 7 15 9048 AFA20010114.0000.0003 1.0
vse 21 40021 7 12 9045 AFA20010114.1000.0063 0.9933993399339934
vse 21 40021 8 16 9049 CTS20010116.1300.0512 1.0
vse 21 40021 10 11 9044 AFA20010114.1000.0063 1.0
vse 21 40021 11 2 9035 ZBN20010116.0400.0007 1.0
vse 21 40021 11 3 9036 ZBN20010116.0400.0007 1.0
vse 21 40021 11 1 9034 ZBN20010116.0400.0007 1.0
vse 21 40021 11 5 9038 CTS20010119.1300.0854 1.0
vse 21 40021 12 9 9042 AFA20010114.1000.0063 1.0
vse 21 40021 12 3 9036 ZBN20010116.0400.0007 1.0
vse 21 40021 12 6 9039 ZBN20010116.0400.0007 0.0
vsb 21 40048 1 17 9033 APW20001114.1245.0373 1.0
vsb 21 40048 1 16 9032 NYT20001112.1903.0110 1.0
vsb 21 40048 2 15 9031 APW20001111.1611.0427 0.993421052631579
vsb 21 40048 3 12 9028 APW20001111.0851.0291 0.0
vsb 21 40048 3 11 9027 CBS20001112.1000.0176 0.9867549668874173
vsb 21 40048 3 8 9024 CBS20001114.1000.0691 1.0
vsb 21 40048 4 14 9030 XIN20001111.0200.0012 1.0
vsb 21 40048 5 4 9020 NYT20001112.1903.0110 1.0
vsb 21 40048 5 3 9019 CBS20001113.1000.0822 1.0
vsb 21 40048 6 7 9023 CBS20001114.1000.0691 1.0
vsb 21 40048 7 9 9025 APW20001111.0851.0294 1.0
vsb 21 40048 7 2 9018 NYT20001112.1903.0110 1.0
vsb 21 40048 7 1 9017 NYT20001112.1903.0110 1.0
vsb 21 40048 8 4 9020 NYT20001112.1903.0110 1.0
vsb 21 40048 8 3 9019 CBS20001113.1000.0822 1.0
vsb 22 40048 1 6 9409 NYT20001112.1903.0110 1.0
vsb 22 40048 1 7 9410 NYT20001112.1903.0110 1.0
vsb 22 40048 2 5 9408 NYT20001112.1903.0110 1.0
vsb 22 40048 3 2 9402 APW20001112.1831.0448 1.0
vsb 22 40048 4 4 9407 NYT20001112.1903.0110 1.0
vsb 22 40048 6 1 9401 APW20001112.1831.0439 1.0
vsb 22 40048 7 3 9405 APW20001112.1831.0448 0.9941002949852508
vse 22 40021 1 8 9419 AFA20010114.1400.0094 1.0
vse 22 40021 2 1 9412 AFA20010114.1000.0063 1.0
vse 22 40021 3 7 9418 AFA20010114.1400.0094 1.0
vse 22 40021 5 2 9413 AFA20010114.1000.0063 1.0
vse 22 40021 5 6 9417 AFA20010114.1000.0063 1.0
vse 22 40021 6 3 9414 AFA20010114.1000.0063 1.0
vse 22 40021 10 5 9416 AFA20010114.1000.0063 1.0
vse 22 40021 11 4 9415 AFA20010114.1000.0063 0.0
vsn 22 40009 1 8 9427 VOA20001018.2100.2160 1.0
vsn 22 40009 2 7 9426 APW20001018.1350.0468 0.6134453781512605
vsn 22 40009 3 2 9421 ZBN20001030.0400.0009 1.0
vsn 22 40009 4 6 9425 NYT20001006.2228.0359 0.0
vsn 22 40009 5 1 9420 ZBN20001030.0400.0009 1.0
vsn 22 40009 6 2 9421 ZBN20001030.0400.0009 1.0
vsn 22 40009 6 3 9422 NYT20001006.2228.0359 1.0
vsn 22 40009 6 4 9423 ALH20001020.1300.0093 1.0
vsn 22 40009 7 5 9424 APW20001016.1724.0512 1.0
vsb 23 40009 1 8 9197 ZBN20001030.0400.0009 1.0
vsb 23 40009 2 9 9198 XIN20001029.2000.0106 1.0
vsb 23 40009 2 7 9196 VOA20001018.2100.2160 0.6808866583019657
vsb 23 40009 3 6 9195 VOA20001018.2100.2160 0.998212689901698
vsb 23 40009 4 2 9191 VOA20001018.2100.2160 1.0
vsb 23 40009 5 4 9193 VOA20001018.2100.2160 0.9983726606997559
vsb 23 40009 6 3 9192 VOA20001018.2100.2160 1.0
vsb 23 40009 7 1 9190 VOA20001018.2100.2160 1.0
vsn 23 40021 1 11 9186 AFA20010114.0000.0003 0.9976162097735399
vsn 23 40021 1 12 9187 XIN20010115.2000.0144 1.0
vsn 23 40021 1 13 9188 XIN20010115.2000.0144 1.0
vsn 23 40021 1 14 9189 XIN20010115.2000.0144 1.0
vsn 23 40021 3 12 9187 XIN20010115.2000.0144 1.0
vsn 23 40021 4 1 9176 ZBN20010115.0400.0014 1.0
vsn 23 40021 5 10 9185 AFA20010114.0000.0003 1.0
vsn 23 40021 6 9 9184 VAR20010114.1100.0825 1.0
vsn 23 40021 7 2 9177 ZBN20010115.0400.0014 1.0
vsn 23 40021 8 6 9181 CTS20010115.2000.0008 0.9963201471941122
vsn 23 40021 10 10 9185 AFA20010114.0000.0003 1.0
vsn 23 40021 11 8 9183 CTS20010123.1300.1023 1.0
vsn 23 40021 12 4 9179 AFA20010114.1000.0063 1.0
vse 23 40048 1 10 9175 XIN20001112.0200.0028 1.0
vse 23 40048 2 8 9173 NYT20001111.1525.0144 1.0
vse 23 40048 3 7 9172 APW20001111.1611.0427 0.0
vse 23 40048 4 3 9168 NYT20001111.1525.0144 1.0
vse 23 40048 5 4 9169 NYT20001111.1525.0144 1.0
vse 23 40048 6 5 9170 APW20001114.1245.0373 0.9969325153374233
vse 23 40048 7 3 9168 NYT20001111.1525.0144 1.0
vsn 24 40048 1 1 9213 CBS20001111.1000.0659 1.0
vsn 24 40048 1 6 9219 CBS20001112.1000.0176 1.0
vsn 24 40048 2 1 9213 CBS20001111.1000.0659 1.0
vsn 24 40048 2 6 9219 CBS20001112.1000.0176 1.0
vsn 24 40048 3 10 9223 VOA20001112.2100.2621 1.0
vsn 24 40048 4 9 9222 VOA20001112.2100.2621 1.0
vsn 24 40048 5 2 9214 CBS20001111.1000.0659 1.0
vsn 24 40048 5 4 9216 APW20001112.0900.0320 1.0
vsn 24 40048 6 11 9224 VOA20001112.2100.2621 1.0
vsn 24 40048 7 3 9215 CBS20001111.1000.0659 1.0
vsn 24 40048 8 2 9214 CBS20001111.1000.0659 1.0
vsb 24 40021 1 11 9239 VOM20010116.0700.2014 1.0
vsb 24 40021 2 11 9239 VOM20010116.0700.2014 1.0
vsb 24 40021 3 7 9235 ZBN20010115.0400.0014 0.4977578475336323
vsb 24 40021 5 10 9238 AFA20010114.0000.0003 0.0
vsb 24 40021 6 2 9230 AFA20010114.1000.0063 1.0
vsb 24 40021 7 12 9240 CNN20010114.0900.0182 0.6782334384858044
vsb 24 40021 8 6 9234 ZBN20010115.0400.0014 0.0
vsb 24 40021 9 1 9229 ZBN20010115.0400.0014 1.0
vsb 24 40021 9 6 9234 ZBN20010115.0400.0014 0.0
vsb 24 40021 10 5 9233 ZBN20010115.0400.0014 1.0
vsb 24 40021 11 9 9237 AFA20010114.0000.0003 0.9885057471264368
vsb 24 40021 11 3 9231 AFA20010114.1000.0063 1.0
vsb 24 40021 12 6 9234 ZBN20010115.0400.0014 0.0
vse 24 40009 1 10 9253 ZBN20001030.0400.0009 0.0
vse 24 40009 3 7 9250 VOA20001018.2100.2160 1.0
vse 24 40009 4 4 9247 VOA20001018.2100.2160 1.0
vse 24 40009 5 8 9251 APW20010117.2147.0916 0.0
vse 24 40009 6 9 9252 ZBN20001030.0400.0009 1.0
vse 24 40009 6 7 9250 VOA20001018.2100.2160 1.0
vse 24 40009 6 6 9249 VOA20001018.2100.2160 1.0
vse 24 40009 6 3 9245 VOA20001018.2100.2160 1.0
vse 24 40009 7 2 9244 VOA20001018.2100.0775 1.0
vse 24 40009 7 4 9247 VOA20001018.2100.2160 1.0
vse 24 40009 7 6 9249 VOA20001018.2100.2160 1.0
vse 24 40009 7 7 9250 VOA20001018.2100.2160 1.0
vse 24 40009 7 9 9252 ZBN20001030.0400.0009 1.0
vse 24 40009 7 10 9253 ZBN20001030.0400.0009 0.0
vsn 25 40048 1 12 9299 NYT20001111.1525.0144 1.0
vsn 25 40048 1 13 9300 VOA20001114.2000.0217 1.0
vsn 25 40048 2 14 9301 AFA20001111.1800.0160 1.0
vsn 25 40048 2 3 9290 XIN20001111.0200.0012 1.0
vsn 25 40048 3 6 9293 XIN20001111.0200.0012 1.0
vsn 25 40048 4 5 9292 XIN20001111.0200.0012 0.9921259842519685
vsn 25 40048 5 1 9288 ZBN20001113.0400.0019 1.0
vsn 25 40048 6 2 9289 ZBN20001113.0400.0019 1.0
vsn 25 40048 7 5 9292 XIN20001111.0200.0012 0.9921259842519685
vsn 25 40048 7 8 9295 ZBN20001112.1300.0037 1.0
vsn 25 40048 8 1 9288 ZBN20001113.0400.0019 1.0
vsb 25 40021 1 3 9272 AFA20010113.1800.0169 0.9930795847750865
vsb 25 40021 2 3 9272 AFA20010113.1800.0169 0.9930795847750865
vsb 25 40021 3 8 9277 CTS20010115.2000.0008 1.0
vsb 25 40021 5 6 9275 CTS20010116.1300.0512 1.0
vsb 25 40021 6 1 9270 AFA20010114.1000.0063 1.0
vsb 25 40021 6 2 9271 XIN20010114.2000.0128 1.0
vsb 25 40021 7 5 9274 XIN20010115.2000.0144 1.0
vsb 25 40021 9 1 9270 AFA20010114.1000.0063 1.0
vsb 25 40021 10 6 9275 CTS20010116.1300.0512 1.0
vsb 25 40021 11 1 9270 AFA20010114.1000.0063 1.0
vsb 25 40021 12 1 9270 AFA20010114.1000.0063 1.0
vse 25 40009 1 4 9282 APW20010117.2147.0916 0.0
vse 25 40009 3 2 9280 XIN20001014.1400.0087 0.0
vse 25 40009 3 5 9283 APW20001018.1350.0468 0.0
vse 25 40009 4 3 9281 XIN20001014.1400.0087 1.0
vse 25 40009 5 8 9286 APW20001018.1350.0468 1.0
vse 25 40009 6 8 9286 APW20001018.1350.0468 1.0
vse 25 40009 6 9 9287 APW20001018.1350.0468 1.0
vse 25 40009 6 1 9279 APW20010117.2147.0916 0.0
vse 25 40009 7 7 9285 APW20001018.1350.0468 1.0
vsn 26 40009 1 6 9323 APW20001016.1724.0512 1.0
vsn 26 40009 2 4 9321 XIN20001014.1400.0087 0.0
vsn 26 40009 3 4 9321 XIN20001014.1400.0087 0.0
vsn 26 40009 4 4 9321 XIN20001014.1400.0087 0.0
vsn 26 40009 5 3 9320 ZBN20001030.0400.0009 1.0
vsn 26 40009 6 1 9318 APW20001018.1350.0468 1.0
vsn 26 40009 6 2 9319 ZBN20001030.0400.0009 1.0
vsn 26 40009 6 5 9322 APW20001016.1724.0512 1.0
vsn 26 40009 7 2 9319 ZBN20001030.0400.0009 1.0
vsn 26 40009 7 5 9322 APW20001016.1724.0512 1.0
vse 26 40021 1 2 9315 CTS20010115.2000.0008 0.9861111111111112
vse 26 40021 1 3 9316 XIN20010115.1400.0118 0.7333333333333333
vse 26 40021 1 4 9317 VAR20010114.1100.0825 1.0
vse 26 40021 8 1 9314 CTS20010116.1300.0512 0.9968553459119497
vsb 26 40048 1 8 9331 CBS20001114.1000.0691 1.0
vsb 26 40048 1 10 9333 APW20001111.1611.0427 0.9920634920634921
vsb 26 40048 2 9 9332 CBS20001114.1000.0691 1.0
vsb 26 40048 3 7 9330 CBS20001114.1000.0691 0.9942028985507246
vsb 26 40048 4 5 9328 CBS20001111.1000.0659 1.0
vsb 26 40048 6 6 9329 NYT20001111.1525.0144 1.0
vsb 26 40048 7 1 9324 APW20001112.1831.0448 1.0
vsb 26 40048 7 2 9325 APW20001112.1831.0448 1.0
vsb 26 40048 7 3 9326 APW20001112.1831.0448 1.0
vsb 26 40048 8 4 9327 NYT20001111.1525.0144 0.9956521739130435
vsn 27 40021 1 7 9355 ZBN20010115.0400.0014 0.9716312056737588
vsn 27 40021 3 6 9354 AFA20010116.0000.0003 1.0
vsn 27 40021 5 5 9353 CTS20010115.2000.0008 0.9946666666666667
vsn 27 40021 6 4 9352 ABC20010114.1830.0045 0.0
vsn 27 40021 11 1 9349 APW20010114.0543.0230 1.0
vse 27 40048 1 10 9379 APW20001119.1232.0369 0.0
vse 27 40048 1 7 9375 APW20001111.0851.0294 1.0
vse 27 40048 1 8 9376 APW20001111.0851.0303 1.0
vse 27 40048 1 3 9371 NYT20001112.1903.0110 1.0
vse 27 40048 2 9 9377 ZBN20001112.1300.0037 1.0
vse 27 40048 3 5 9373 NYT20001111.1525.0144 0.995049504950495
vse 27 40048 4 6 9374 NYT20001111.1525.0144 1.0
vse 27 40048 6 4 9372 NYT20001111.1525.0144 1.0
vse 27 40048 7 1 9369 CBS20001114.1000.0691 1.0
vse 27 40048 8 2 9370 NYT20001112.1903.0110 1.0
vsb 27 40009 1 10 9366 XIN20001014.1400.0087 0.0
vsb 27 40009 1 12 9368 ZBN20001030.0400.0009 1.0
vsb 27 40009 2 5 9361 CNN20001019.1400.0598 1.0
vsb 27 40009 3 4 9360 CNN20001019.1400.0598 1.0
vsb 27 40009 4 1 9357 NYT20001202.1028.0024 1.0
vsb 27 40009 4 5 9361 CNN20001019.1400.0598 1.0
vsb 27 40009 4 6 9362 AFA20001109.1800.0150 0.0
vsb 27 40009 5 3 9359 AFA20001109.1800.0150 0.0
vsb 27 40009 5 11 9367 XIN20001014.1400.0087 0.0
vsb 27 40009 6 8 9364 XIN20001029.2000.0106 1.0
vsb 27 40009 6 7 9363 VOA20001109.2100.3072 0.0
vsb 27 40009 6 2 9358 VOA20001018.2100.2160 1.0
vsb 27 40009 7 9 9365 XIN20001029.2000.0106 1.0
vsn 28 40021 1 2 9481 ZBN20010115.0400.0014 0.9912472647702407
vsn 28 40021 2 2 9481 ZBN20010115.0400.0014 0.9912472647702407
vsn 28 40021 2 3 9482 ZBN20010115.0400.0014 0.5780346820809249
vsn 28 40021 3 4 9483 XIN20010117.2000.0179 1.0
vsn 28 40021 4 4 9483 XIN20010117.2000.0179 1.0
vsn 28 40021 5 2 9481 ZBN20010115.0400.0014 0.9912472647702407
vsn 28 40021 5 3 9482 ZBN20010115.0400.0014 0.5780346820809249
vsn 28 40021 6 1 9480 ZBN20010115.0400.0014 1.0
vsn 28 40021 7 1 9480 ZBN20010115.0400.0014 1.0
vsn 28 40021 8 1 9480 ZBN20010115.0400.0014 1.0
vsn 28 40021 9 1 9480 ZBN20010115.0400.0014 1.0
vsn 28 40021 10 8 9487 AFA20010114.0000.0003 0.9943502824858758
vsn 28 40021 10 12 9491 APW20010129.0525.0157 0.3006993006993007
vsn 28 40021 11 5 9484 XIN20010117.2000.0179 0.0
vsn 28 40021 11 7 9486 ABC20010114.1830.0045 0.0
vsn 28 40021 12 1 9480 ZBN20010115.0400.0014 1.0
vsn 28 40021 12 8 9487 AFA20010114.0000.0003 0.9943502824858758
vsb 28 40009 1 1 9457 APW20001019.0539.0204 1.0
vsb 28 40009 2 11 9467 VOA20001018.2100.2160 0.8413547237076648
vsb 28 40009 2 12 9468 VOA20001018.2100.2160 0.9954545454545455
vsb 28 40009 3 2 9458 APW20001019.0539.0204 1.0
vsb 28 40009 3 6 9462 VOA20001018.2100.2160 1.0
vsb 28 40009 4 10 9466 VOA20001018.2100.2160 0.0
vsb 28 40009 5 8 9464 VOA20001018.2100.2160 0.0
vsb 28 40009 6 3 9459 APW20001019.0539.0204 0.6800766283524904
vsb 28 40009 6 4 9460 APW20001019.0539.0204 0.0
vsb 28 40009 6 5 9461 VOA20001018.2100.2160 0.9864864864864865
vsb 28 40009 7 4 9460 APW20001019.0539.0204 0.0
vse 28 40048 1 5 9473 NYT20001112.1903.0110 0.376
vse 28 40048 1 6 9474 NYT20001112.1903.0110 1.0
vse 28 40048 1 7 9475 VOA20001111.2100.1891 1.0
vse 28 40048 1 11 9479 APW20001111.1611.0427 0.3231441048034934
vse 28 40048 2 2 9470 NYT20001112.1903.0110 1.0
vse 28 40048 2 5 9473 NYT20001112.1903.0110 0.376
vse 28 40048 2 11 9479 APW20001111.1611.0427 0.3231441048034934
vse 28 40048 3 1 9469 NYT20001112.1903.0110 1.0
vse 28 40048 3 4 9472 NYT20001112.1903.0110 1.0
vse 28 40048 4 4 9472 NYT20001112.1903.0110 1.0
vse 28 40048 5 1 9469 NYT20001112.1903.0110 1.0
vse 28 40048 6 1 9469 NYT20001112.1903.0110 1.0
vse 28 40048 6 9 9477 APW20001111.0851.0294 1.0
vse 28 40048 7 1 9469 NYT20001112.1903.0110 1.0
vse 28 40048 7 4 9472 NYT20001112.1903.0110 1.0
vse 28 40048 7 8 9476 APW20001111.0851.0294 0.944973544973545
vse 28 40048 8 1 9469 NYT20001112.1903.0110 1.0
vse 28 40048 8 4 9472 NYT20001112.1903.0110 1.0
vse 28 40048 8 8 9476 APW20001111.0851.0294 0.944973544973545
vse 29 40009 1 18 9523 CBS20010113.0800.0178 0.0
vse 29 40009 1 19 9524 AFA20010102.1000.0053 0.0
vse 29 40009 2 17 9522 ALH20001019.0700.0052 0.0
vse 29 40009 3 17 9522 ALH20001019.0700.0052 0.0
vse 29 40009 4 16 9521 AFA20010104.1800.0122 0.0
vse 29 40009 5 16 9521 AFA20010104.1800.0122 0.0
vse 29 40009 5 17 9522 ALH20001019.0700.0052 0.0
vse 29 40009 6 13 9518 XIN20001226.2000.0141 0.0
vse 29 40009 6 14 9519 AFA20001122.1000.0067 0.0
vse 29 40009 6 15 9520 ANN20001108.0900.0059 0.0
vse 29 40009 7 1 9506 XIN20001110.1400.0088 0.6606538895152199
vse 29 40009 7 2 9507 XIN20001110.1400.0088 0.0
vse 29 40009 7 3 9508 ALH20001020.1300.0093 0.996937212863706
vse 29 40009 7 4 9509 ALH20001020.1300.0093 0.996937212863706
vse 29 40009 7 5 9510 XIN20001101.1400.0144 0.0
vse 29 40009 7 6 9511 CTV20001011.1330.1068 0.0
vse 29 40009 7 7 9512 APW20001110.1844.0451 1.0
vse 29 40009 7 8 9513 APW20001110.1844.0451 1.0
vse 29 40009 7 9 9514 ALH20001028.1300.0074 0.0
vsn 29 40048 1 5 9529 CNR20010115.1700.0843 0.0
vsn 29 40048 2 4 9528 APW20001111.0851.0294 1.0
vsn 29 40048 2 5 9529 CNR20010115.1700.0843 0.0
vsn 29 40048 3 3 9527 ZBN20001113.0400.0019 0.6491228070175439
vsn 29 40048 4 2 9526 PRI20001113.2000.1255 1.0
vsn 29 40048 5 1 9525 ZBN20001113.0400.0019 0.7955056179775281
vsb 29 40021 1 7 9536 AFA20010114.1000.0022 2.0
vsb 29 40021 2 6 9535 AFA20010114.1000.0022 2.0
vsb 29 40021 2 7 9536 AFA20010114.1000.0022 2.0
vsb 29 40021 3 5 9534 ZBN20010115.0400.0014 0.31115731115731116
vsb 29 40021 3 6 9535 AFA20010114.1000.0022 2.0
vsb 29 40021 3 7 9536 AFA20010114.1000.0022 2.0
vsb 29 40021 4 5 9534 ZBN20010115.0400.0014 0.31115731115731116
vsb 29 40021 4 6 9535 AFA20010114.1000.0022 2.0
vsb 29 40021 4 7 9536 AFA20010114.1000.0022 2.0
vsb 29 40021 5 4 9533 AFA20010114.1000.0022 3.888888888888889
vsb 29 40021 6 3 9532 AFA20010114.1000.0022 1.7607655502392345
vsb 29 40021 10 2 9531 APW20010114.0543.0317 1.0
vsn 30 40009 1 3 9555 VOA20001018.2100.2160 1.0
vsn 30 40009 1 9 9561 XIN20001019.0200.0015 1.0
vsn 30 40009 2 3 9555 VOA20001018.2100.2160 1.0
vsn 30 40009 3 6 9558 VOA20001018.2100.2160 0.9954648526077098
vsn 30 40009 4 2 9554 VOA20001018.2100.2160 1.0
vsn 30 40009 4 7 9559 XIN20001029.2000.0106 1.0
vsn 30 40009 4 9 9561 XIN20001019.0200.0015 1.0
vsn 30 40009 5 2 9554 VOA20001018.2100.2160 1.0
vsn 30 40009 5 4 9556 VOA20001018.2100.2160 1.0
vsn 30 40009 6 1 9553 VOA20001018.2100.2160 1.0
vsn 30 40009 6 5 9557 VOA20001018.2100.2160 1.0
vsn 30 40009 6 6 9558 VOA20001018.2100.2160 0.9954648526077098
vsn 30 40009 6 7 9559 XIN20001029.2000.0106 1.0
vsn 30 40009 7 7 9559 XIN20001029.2000.0106 1.0
vse 30 40021 1 3 9576 APW20010117.1432.0519 1.0
vse 30 40021 1 6 9579 CTS20010115.2000.0008 0.6826923076923077
vse 30 40021 2 17 9590 XIN20010115.2000.0144 0.0
vse 30 40021 3 20 9593 AFA20010116.0000.0003 0.0
vse 30 40021 4 1 9574 APW20010117.1432.0519 1.0
vse 30 40021 5 4 9577 APW20010117.1432.0519 1.0
vse 30 40021 6 7 9580 CTS20010115.2000.0008 1.0
vse 30 40021 7 5 9578 CTS20010115.2000.0008 0.78099173553719
vse 30 40021 8 1 9574 APW20010117.1432.0519 1.0
vse 30 40021 8 2 9575 APW20010117.1432.0519 1.0
vse 30 40021 9 14 9587 CNN20010114.0900.0182 1.0
vse 30 40021 10 4 9577 APW20010117.1432.0519 1.0
vse 30 40021 11 8 9581 CTS20010115.2000.0008 1.0
vse 30 40021 11 9 9582 CTS20010115.2000.0008 1.0
vse 30 40021 11 10 9583 CTS20010115.2000.0008 0.5117647058823529
vse 30 40021 11 11 9584 CTS20010118.1300.0497 0.0
vse 30 40021 12 12 9585 CTS20010118.1300.0497 0.995
vse 30 40021 12 13 9586 CTS20010118.1300.0497 0.0
vsb 30 40048 1 6 9567 ZBN20001113.0400.0019 1.0
vsb 30 40048 1 8 9569 ZBN20001113.0400.0019 1.0
vsb 30 40048 1 10 9571 AFA20001111.1800.0174 1.0
vsb 30 40048 1 11 9572 APW20001111.0851.0294 1.0
vsb 30 40048 2 5 9566 ZBN20001112.1300.0037 1.0
vsb 30 40048 3 9 9570 APW20001111.0851.0294 1.0
vsb 30 40048 4 3 9564 ZBN20001112.1300.0037 0.9733333333333334
vsb 30 40048 5 7 9568 ZBN20001113.0400.0019 1.0
vsb 30 40048 6 3 9564 ZBN20001112.1300.0037 0.9733333333333334
vsb 30 40048 6 7 9568 ZBN20001113.0400.0019 1.0
vsb 30 40048 7 2 9563 ZBN20001112.1300.0037 0.9782608695652174
vsb 30 40048 7 4 9565 ZBN20001112.1300.0037 0.9986282578875172
vsb 30 40048 7 8 9569 ZBN20001113.0400.0019 1.0
vsb 30 40048 8 1 9562 ZBN20001112.1300.0037 1.0
vsb 30 40048 8 3 9564 ZBN20001112.1300.0037 0.9733333333333334
vsb 31 40048 1 9 10025 CBS20001114.1000.0691 1.0
vsb 31 40048 2 2 10018 NYT20001112.1903.0110 1.0
vsb 31 40048 2 12 10028 APW20001111.0851.0294 1.0
vsb 31 40048 3 6 10022 CBS20001114.1000.0691 1.0
vsb 31 40048 4 7 10023 XIN20001112.0200.0028 0.9942857142857143
vsb 31 40048 6 6 10022 CBS20001114.1000.0691 1.0
vsb 31 40048 7 5 10021 NYT20001111.1525.0144 1.0
vsb 31 40048 8 3 10019 NYT20001112.1903.0110 1.0
vse 31 40021 1 10 10038 CNN20010114.1400.0018 1.0
vse 31 40021 2 11 10040 VOM20010116.0700.0098 0.0
vse 31 40021 4 12 10041 CTS20010118.1300.0497 1.0
vse 31 40021 5 8 10036 XIN20010114.2000.0128 0.9824561403508771
vse 31 40021 5 9 10037 ABC20010116.1830.1037 1.0
vse 31 40021 8 8 10036 XIN20010114.2000.0128 0.9824561403508771
vse 31 40021 9 6 10034 CTS20010115.2000.0008 1.0
vse 31 40021 9 7 10035 CBS20010121.0800.0231 1.0
vse 31 40021 10 5 10033 XIN20010117.2000.0179 1.0
vse 31 40021 11 1 10029 ABC20010114.1830.0045 0.0
vse 31 40021 12 2 10030 APW20010114.0543.0230 1.0
vsn 31 40009 1 9 10050 XIN20001029.2000.0106 1.0
vsn 31 40009 2 2 10043 ZBN20001030.0400.0009 1.0
vsn 31 40009 3 7 10048 XIN20001014.1400.0087 1.0
vsn 31 40009 4 9 10050 XIN20001029.2000.0106 1.0
vsn 31 40009 5 3 10044 ZBN20001030.0400.0009 1.0
vsn 31 40009 6 5 10046 AFA20010117.1800.0240 0.0
vsn 31 40009 7 1 10042 APW20001019.0539.0204 1.0
vse 32 40048 1 9 9619 CBS20001114.1000.0691 0.9862068965517241
vse 32 40048 1 14 9624 VOA20001114.2000.0217 0.0
vse 32 40048 1 15 9625 VOA20001114.2000.0217 1.0
vse 32 40048 1 17 9627 APW20001112.1831.0448 1.0
vse 32 40048 2 10 9620 ZBN20001112.1300.0037 1.0
vse 32 40048 2 13 9623 VOA20001114.2000.0217 1.0
vse 32 40048 2 16 9626 APW20001112.0900.0320 0.38461538461538464
vse 32 40048 3 8 9618 ZBN20001113.0400.0019 1.0
vse 32 40048 3 12 9622 ZBN20001113.0400.0019 1.0
vse 32 40048 5 1 9611 ANN20001113.1500.0065 1.0
vse 32 40048 5 2 9612 ANN20001113.1500.0065 1.0
vse 32 40048 6 7 9617 ZBN20001113.0400.0019 1.0
vse 32 40048 7 6 9616 APW20001113.1340.0344 1.0
vse 32 40048 8 1 9611 ANN20001113.1500.0065 1.0
vse 32 40048 8 2 9612 ANN20001113.1500.0065 1.0
vsb 32 40009 1 22 9670 AFA20010117.1800.0240 0.0
vsb 32 40009 1 21 9669 AFA20001018.1800.0227 1.0
vsb 32 40009 1 20 9668 VOA20001028.2100.0233 1.0
vsb 32 40009 2 19 9667 CNN20001018.1400.0577 1.0
vsb 32 40009 3 19 9667 CNN20001018.1400.0577 1.0
vsb 32 40009 3 17 9665 NYT20001204.0926.0050 1.0
vsb 32 40009 3 16 9664 NYT20001204.0926.0050 0.0
vsb 32 40009 3 13 9661 AFA20010118.1800.0147 0.0
vsb 32 40009 3 12 9660 APW20001016.1724.0512 0.0
vsb 32 40009 3 9 9657 APW20001016.1724.0512 1.0
vsb 32 40009 3 5 9653 XIN20001014.1400.0087 1.0
vsb 32 40009 3 2 9650 VOA20001018.2100.2160 1.0
vsb 32 40009 3 3 9651 XIN20001014.1400.0087 1.0
vsb 32 40009 4 18 9666 XIN20001110.1400.0088 1.0
vsb 32 40009 4 14 9662 AFA20001018.1800.0227 1.0
vsb 32 40009 4 3 9651 XIN20001014.1400.0087 1.0
vsb 32 40009 5 21 9669 AFA20001018.1800.0227 1.0
vsb 32 40009 5 10 9658 APW20001016.1724.0512 1.0
vsb 32 40009 6 7 9655 XIN20001014.1400.0087 1.0
vsb 32 40009 6 6 9654 XIN20001014.1400.0087 0.0
vsb 32 40009 6 4 9652 XIN20001014.1400.0087 1.0
vsb 32 40009 6 5 9653 XIN20001014.1400.0087 1.0
vsb 32 40009 7 1 9649 VOA20001018.2100.2160 1.0
vsb 32 40009 7 3 9651 XIN20001014.1400.0087 1.0
vsn 32 40021 1 21 9648 CNN20010114.0900.0182 1.0
vsn 32 40021 2 20 9647 ABC20010113.1830.0239 1.0
vsn 32 40021 3 19 9646 APW20010114.0543.0317 1.0
vsn 32 40021 4 21 9648 CNN20010114.0900.0182 1.0
vsn 32 40021 5 18 9645 ABC20010116.1830.1037 1.0
vsn 32 40021 6 14 9641 CTS20010116.1300.0512 0.0
vsn 32 40021 6 16 9643 CTS20010116.1300.0512 1.0
vsn 32 40021 7 12 9639 CTS20010115.2000.0008 1.0
vsn 32 40021 7 13 9640 CNN20010114.1400.0018 1.0
vsn 32 40021 8 11 9638 AFA20010113.1800.0160 1.0
vsn 32 40021 9 9 9636 CTS20010123.1300.1023 1.0
vsn 32 40021 9 10 9637 CTS20010123.1300.1023 1.0
vsn 32 40021 9 15 9642 CTS20010116.1300.0512 0.9850746268656716
vsn 32 40021 10 7 9634 CTS20010115.2000.0008 0.9946380697050938
vsn 32 40021 10 8 9635 ZBN20010116.0400.0007 0.0
vsn 32 40021 10 17 9644 ABC20010116.1830.1037 1.0
vsn 32 40021 11 5 9632 ZBN20010116.0400.0007 0.0
vsn 32 40021 12 1 9628 AFA20010114.1000.0063 1.0
vsn 32 40021 12 2 9629 APW20010115.0943.0278 1.0
vsn 32 40021 12 3 9630 XIN20010114.2000.0128 1.0
vse 33 40009 1 1 9715 APW20001018.1350.0468 1.0
vse 33 40009 1 2 9716 APW20001018.1350.0468 1.0
vse 33 40009 1 3 9717 APW20001018.1350.0468 1.0
vse 33 40009 1 4 9718 APW20001018.1350.0468 1.0
vse 33 40009 1 18 9732 ALH20001020.1300.0093 1.0
vse 33 40009 2 14 9728 APW20001016.1724.0512 1.0
vse 33 40009 2 17 9731 ALH20001020.1300.0093 1.0
vse 33 40009 3 1 9715 APW20001018.1350.0468 1.0
vse 33 40009 3 2 9716 APW20001018.1350.0468 1.0
vse 33 40009 3 8 9722 XIN20001014.1400.0087 0.0
vse 33 40009 3 14 9728 APW20001016.1724.0512 1.0
vse 33 40009 4 17 9731 ALH20001020.1300.0093 1.0
vse 33 40009 5 13 9727 APW20001016.1724.0512 1.0
vse 33 40009 5 16 9730 ALH20001020.1300.0093 1.0
vse 33 40009 6 10 9724 CNN20001019.1400.0598 1.0
vse 33 40009 6 11 9725 CNN20001019.1400.0598 1.0
vse 33 40009 6 7 9721 XIN20001014.1400.0087 0.0
vse 33 40009 6 5 9719 APW20001018.1350.0468 1.0
vse 33 40009 6 1 9715 APW20001018.1350.0468 1.0
vse 33 40009 6 12 9726 CNN20001019.1400.0598 1.0
vse 33 40009 7 4 9718 APW20001018.1350.0468 1.0
vse 33 40009 7 3 9717 APW20001018.1350.0468 1.0
vse 33 40009 7 2 9716 APW20001018.1350.0468 1.0
vse 33 40009 7 1 9715 APW20001018.1350.0468 1.0
vse 33 40009 7 5 9719 APW20001018.1350.0468 1.0
vse 33 40009 7 9 9723 XIN20001014.1400.0087 1.0
vse 33 40009 7 10 9724 CNN20001019.1400.0598 1.0
vse 33 40009 7 12 9726 CNN20001019.1400.0598 1.0
vsn 33 40048 1 4 9690 ZBN20001113.0400.0019 1.0
vsn 33 40048 1 5 9691 NYT20001112.1903.0110 0.0
vsn 33 40048 2 4 9690 ZBN20001113.0400.0019 1.0
vsn 33 40048 3 2 9688 ZBN20001112.1300.0037 1.0
vsn 33 40048 3 7 9693 APW20001111.0851.0294 1.0
vsn 33 40048 4 6 9692 NYT20001112.1903.0110 1.0
vsn 33 40048 6 1 9687 ZBN20001112.1300.0037 1.0
vsn 33 40048 6 2 9688 ZBN20001112.1300.0037 1.0
vsn 33 40048 7 6 9692 NYT20001112.1903.0110 1.0
vsn 33 40048 8 3 9689 ZBN20001113.0400.0019 1.0
vsb 33 40021 1 2 9695 CTS20010115.2000.0008 1.0
vsb 33 40021 1 16 9709 ZBN20010115.0400.0014 1.0
vsb 33 40021 1 21 9714 VOA20010115.2000.1835 0.32831325301204817
vsb 33 40021 2 9 9702 CNN20010114.1400.0018 1.0
vsb 33 40021 2 10 9703 APW20010116.1521.0424 1.0
vsb 33 40021 3 20 9713 VOA20010115.2000.1835 1.0
vsb 33 40021 5 18 9711 VOA20010115.2000.1835 1.0
vsb 33 40021 5 19 9712 VOA20010115.2000.1835 1.0
vsb 33 40021 6 17 9710 ZBN20010115.0400.0014 0.0
vsb 33 40021 7 4 9697 CTS20010115.2000.0008 0.0
vsb 33 40021 8 7 9700 APW20010114.0219.0099 1.0
vsb 33 40021 9 17 9710 ZBN20010115.0400.0014 0.0
vsb 33 40021 10 5 9698 CTS20010115.2000.0008 0.9946666666666667
vsb 33 40021 11 12 9705 APW20010116.1521.0424 1.0
vsb 33 40021 11 13 9706 APW20010114.0543.0317 1.0
vsb 33 40021 11 8 9701 CNN20010114.1400.0018 1.0
vsb 33 40021 12 15 9708 APW20010114.0543.0317 1.0
vsb 33 40021 12 1 9694 CTS20010115.2000.0008 0.9861111111111112
vse 34 40009 1 7 9775 VOA20001028.2100.0233 1.0
vse 34 40009 1 6 9774 VOA20001028.2100.0233 1.0
vse 34 40009 1 5 9773 NYT20001006.2228.0359 1.0
vse 34 40009 1 4 9772 NYT20001006.2228.0359 1.0
vse 34 40009 2 6 9774 VOA20001028.2100.0233 1.0
vse 34 40009 3 4 9772 NYT20001006.2228.0359 1.0
vse 34 40009 4 4 9772 NYT20001006.2228.0359 1.0
vse 34 40009 5 3 9771 VOA20001028.2100.0233 1.0
vse 34 40009 6 2 9770 VOA20001028.2100.0233 1.0
vse 34 40009 6 3 9771 VOA20001028.2100.0233 1.0
vse 34 40009 6 4 9772 NYT20001006.2228.0359 1.0
vse 34 40009 7 1 9769 APW20001019.0539.0204 1.0
vsb 34 40021 1 9 9767 XIN20010117.2000.0179 1.0
vsb 34 40021 1 10 9768 ZBN20010115.0400.0014 0.5977011494252874
vsb 34 40021 2 8 9766 CBS20010115.1000.0930 0.9866071428571429
vsb 34 40021 3 7 9765 ZBN20010115.0400.0014 1.0
vsb 34 40021 4 6 9764 CTS20010115.2000.0008 0.7389162561576355
vsb 34 40021 5 5 9763 APW20010114.0543.0230 1.0
vsb 34 40021 6 4 9762 APW20010114.0543.0230 1.0
vsb 34 40021 7 1 9759 AFA20010114.1000.0063 1.0
vsb 34 40021 8 2 9760 ZBN20010116.0400.0007 1.0
vsb 34 40021 9 3 9761 APW20010114.0543.0230 1.0
vsb 34 40021 10 10 9768 ZBN20010115.0400.0014 0.5977011494252874
vsb 34 40021 11 4 9762 APW20010114.0543.0230 1.0
vsb 34 40021 12 3 9761 APW20010114.0543.0230 1.0
vsn 34 40048 1 8 9783 APW20001112.0900.0308 0.9910714285714286
vsn 34 40048 1 9 9784 APW20001112.0900.0308 1.0
vsn 34 40048 1 10 9785 CBS20001114.1000.0691 1.0
vsn 34 40048 1 11 9786 CBS20001114.1000.0691 1.0
vsn 34 40048 2 7 9782 CBS20001114.1000.0691 1.0
vsn 34 40048 3 1 9776 NYT20001112.1903.0110 1.0
vsn 34 40048 4 5 9780 APW20001113.1340.0344 1.0
vsn 34 40048 5 2 9777 APW20001113.1340.0344 1.0
vsn 34 40048 6 4 9779 APW20001113.1340.0344 1.0
vsn 34 40048 7 5 9780 APW20001113.1340.0344 1.0
vsn 34 40048 8 2 9777 APW20001113.1340.0344 1.0
vse 35 40021 1 6 9813 APW20010114.0543.0230 1.0
vse 35 40021 3 5 9812 APW20010129.0525.0157 1.0
vse 35 40021 4 9 9816 APW20010114.0219.0099 1.0
vse 35 40021 5 7 9814 APW20010114.0543.0230 1.0
vse 35 40021 6 4 9811 APW20010129.0525.0157 0.7256637168141593
vse 35 40021 10 8 9815 APW20010129.0525.0157 1.0
vse 35 40021 10 3 9810 APW20010129.0525.0157 1.0
vse 35 40021 12 1 9806 APW20010114.0543.0317 1.0
vse 35 40021 12 2 9809 APW20010115.2023.0562 0.0
vsb 35 40048 1 14 9849 APW20001112.1831.0439 1.0
vsb 35 40048 1 8 9843 APW20001111.1611.0427 1.0
vsb 35 40048 2 13 9848 APW20001112.1831.0439 1.0
vsb 35 40048 3 11 9846 APW20001112.0900.0320 1.0
vsb 35 40048 4 12 9847 APW20001112.1831.0439 1.0
vsb 35 40048 5 1 9835 NYT20001112.1903.0110 1.0
vsb 35 40048 6 4 9838 NYT20001112.1903.0110 1.0
vsb 35 40048 6 6 9841 NYT20001111.1525.0144 1.0
vsb 35 40048 7 2 9836 NYT20001112.1903.0110 1.0
vsb 35 40048 7 3 9837 NYT20001112.1903.0110 1.0
vsb 35 40048 7 7 9842 APW20001112.2139.0556 1.0
vsb 35 40048 8 10 9845 CBS20001114.1000.0691 1.0
vsb 35 40048 8 5 9839 NYT20001112.1903.0110 0.0
vsn 35 40009 1 15 9833 VOA20001018.2100.2160 0.0
vsn 35 40009 1 16 9834 VOA20001018.2100.2160 1.0
vsn 35 40009 3 5 9823 APW20001018.1350.0468 0.0
vsn 35 40009 3 6 9824 AFA20010117.1800.0240 0.0
vsn 35 40009 3 7 9825 AFA20010117.1800.0240 0.0
vsn 35 40009 3 8 9826 VOA20001018.2100.2160 1.0
vsn 35 40009 3 9 9827 VOA20001018.2100.2160 1.0
vsn 35 40009 4 15 9833 VOA20001018.2100.2160 0.0
vsn 35 40009 5 1 9818 NYT20001204.0926.0049 1.0
vsn 35 40009 5 11 9829 VOA20001018.2100.2160 1.0
vsn 35 40009 5 12 9830 VOA20001018.2100.2160 1.0
vsn 35 40009 6 2 9820 XIN20001029.2000.0106 1.0
vsn 35 40009 6 3 9821 VOA20001006.2100.0364 1.0
vsn 35 40009 6 4 9822 VOA20001006.2100.0364 1.0
vsn 35 40009 6 5 9823 APW20001018.1350.0468 0.0
vsn 35 40009 7 10 9828 VOA20001018.2100.2160 1.0
vsn 35 40009 7 14 9832 VOA20001018.2100.2160 0.0
vsn 36 40021 1 1 9876 AFA20010114.1000.0063 1.0
vsn 36 40021 1 9 9885 APW20010125.0333.0172 1.0
vsn 36 40021 1 10 9886 AFA20010114.0000.0003 1.0
vsn 36 40021 1 12 9888 CNN20010114.1400.0018 1.0
vsn 36 40021 1 6 9881 AFA20010114.1000.0022 2.0
vsn 36 40021 2 9 9885 APW20010125.0333.0172 1.0
vsn 36 40021 3 10 9886 AFA20010114.0000.0003 1.0
vsn 36 40021 3 6 9881 AFA20010114.1000.0022 2.0
vsn 36 40021 3 8 9883 AFA20010114.1000.0063 0.9922178988326849
vsn 36 40021 4 10 9886 AFA20010114.0000.0003 1.0
vsn 36 40021 5 7 9882 APW20010125.0333.0172 1.0
vsn 36 40021 6 5 9880 AFA20010114.1000.0063 0.0
vsn 36 40021 9 5 9880 AFA20010114.1000.0063 0.0
vsn 36 40021 10 4 9879 APW20010117.1432.0519 1.0
vsn 36 40021 11 2 9877 APW20010114.0543.0275 1.0
vsn 36 40021 12 2 9877 APW20010114.0543.0275 1.0
vsb 36 40009 1 7 9895 AFA20001018.1800.0227 1.0
vsb 36 40009 2 5 9893 CNN20001018.1400.0577 1.0
vsb 36 40009 3 4 9892 VOA20001018.2100.2160 1.0
vsb 36 40009 5 1 9889 VOA20001018.2100.2160 1.0
vsb 36 40009 6 2 9890 VOA20001018.2100.2160 1.0
vsb 36 40009 6 6 9894 APW20001019.0539.0204 1.0
vsb 36 40009 7 3 9891 VOA20001018.2100.2160 1.0
vse 36 40048 1 10 9905 ZBN20001112.1300.0037 1.0
vse 36 40048 1 6 9901 CBS20001111.1000.0659 1.0
vse 36 40048 2 10 9905 ZBN20001112.1300.0037 1.0
vse 36 40048 2 7 9902 CBS20001111.1000.0659 1.0
vse 36 40048 3 4 9899 NYT20001112.1903.0110 1.0
vse 36 40048 4 1 9896 NYT20001112.1903.0110 1.0
vse 36 40048 4 8 9903 ZBN20001112.1300.0037 1.0
vse 36 40048 5 3 9898 NYT20001112.1903.0110 1.0
vse 36 40048 6 2 9897 NYT20001112.1903.0110 1.0
vse 36 40048 7 8 9903 ZBN20001112.1300.0037 1.0
vse 36 40048 8 3 9898 NYT20001112.1903.0110 1.0
vsn 37 40021 1 5 9984 ZBN20010115.0400.0014 1.0
vsn 37 40021 1 8 9987 XIN20010117.2000.0179 1.0
vsn 37 40021 1 21 10000 AFA20010113.1800.0160 0.0
vsn 37 40021 1 22 10001 XIN20010117.2000.0179 0.8806584362139918
vsn 37 40021 1 23 10002 XIN20010117.2000.0179 0.0
vsn 37 40021 1 24 10003 VAR20010114.1100.0825 1.0
vsn 37 40021 2 19 9998 APW20010114.0543.0317 1.0
vsn 37 40021 2 21 10000 AFA20010113.1800.0160 0.0
vsn 37 40021 3 4 9983 ZBN20010115.0400.0014 0.0
vsn 37 40021 3 24 10003 VAR20010114.1100.0825 1.0
vsn 37 40021 4 24 10003 VAR20010114.1100.0825 1.0
vsn 37 40021 5 2 9981 ZBN20010115.0400.0014 1.0
vsn 37 40021 5 5 9984 ZBN20010115.0400.0014 1.0
vsn 37 40021 6 15 9994 CNN20010114.0900.0182 1.0
vsn 37 40021 6 13 9992 VOM20010114.0700.0373 1.0
vsn 37 40021 6 12 9991 XIN20010115.1400.0118 1.0
vsn 37 40021 6 7 9986 XIN20010117.2000.0179 1.0
vsn 37 40021 7 18 9997 APW20010114.0543.0317 1.0
vsn 37 40021 7 11 9990 XIN20010115.1400.0118 1.0
vsn 37 40021 7 1 9980 ZBN20010115.0400.0014 1.0
vsn 37 40021 8 18 9997 APW20010114.0543.0317 1.0
vsn 37 40021 8 3 9982 ZBN20010115.0400.0014 1.0
vsn 37 40021 9 15 9994 CNN20010114.0900.0182 1.0
vsn 37 40021 9 10 9989 XIN20010115.2000.0144 1.0
vsn 37 40021 9 9 9988 VOM20010116.0700.2014 1.0
vsn 37 40021 9 1 9980 ZBN20010115.0400.0014 1.0
vsn 37 40021 10 22 10001 XIN20010117.2000.0179 0.8806584362139918
vsn 37 40021 10 17 9996 CTS20010115.2000.0008 1.0
vsn 37 40021 11 20 9999 APW20010114.0543.0317 0.0
vsn 37 40021 11 17 9996 CTS20010115.2000.0008 1.0
vsn 37 40021 11 16 9995 CTS20010118.1300.0497 1.0
vsn 37 40021 11 11 9990 XIN20010115.1400.0118 1.0
vsn 37 40021 11 6 9985 ZBN20010115.0400.0014 1.0
vsn 37 40021 12 10 9989 XIN20010115.2000.0144 1.0
vsn 37 40021 12 11 9990 XIN20010115.1400.0118 1.0
vsn 37 40021 12 9 9988 VOM20010116.0700.2014 1.0
vse 37 40048 1 19 9979 VAR20001111.1200.0706 1.0
vse 37 40048 1 18 9978 APW20001111.0851.0294 0.0
vse 37 40048 1 17 9977 ALH20001113.1300.0080 0.9974619289340102
vse 37 40048 1 16 9976 APW20001112.1831.0448 1.0
vse 37 40048 2 16 9976 APW20001112.1831.0448 1.0
vse 37 40048 2 3 9963 APW20001112.1831.0439 1.0
vse 37 40048 3 11 9971 APW20001111.0851.0303 0.7480314960629921
vse 37 40048 3 10 9970 APW20001111.0851.0303 1.0
vse 37 40048 3 9 9969 APW20001111.0851.0303 1.0
vse 37 40048 3 8 9968 APW20001207.1122.0418 0.0
vse 37 40048 4 7 9967 APW20001207.1122.0418 1.0
vse 37 40048 4 1 9961 APW20001112.1831.0439 1.0
vse 37 40048 5 1 9961 APW20001112.1831.0439 1.0
vse 37 40048 5 2 9962 APW20001112.1831.0439 1.0
vse 37 40048 6 13 9973 ZBN20001112.1300.0037 1.0
vse 37 40048 7 7 9967 APW20001207.1122.0418 1.0
vse 37 40048 7 1 9961 APW20001112.1831.0439 1.0
vse 37 40048 8 7 9967 APW20001207.1122.0418 1.0
vse 37 40048 8 1 9961 APW20001112.1831.0439 1.0
vsb 37 40009 1 19 9960 NYT20001204.0926.0050 1.0
vsb 37 40009 1 18 9959 NYT20001204.0926.0049 0.0
vsb 37 40009 1 16 9957 APW20010117.2147.0916 0.0
vsb 37 40009 1 15 9956 AFA20010117.1800.0240 0.0
vsb 37 40009 1 6 9947 XIN20001029.2000.0106 1.0
vsb 37 40009 1 4 9945 XIN20001014.1400.0087 0.0
vsb 37 40009 2 16 9957 APW20010117.2147.0916 0.0
vsb 37 40009 2 9 9950 XIN20001110.2000.0156 0.0
vsb 37 40009 3 14 9955 VOA20001018.2100.2160 1.0
vsb 37 40009 3 12 9953 VOA20001018.2100.2160 1.0
vsb 37 40009 3 10 9951 XIN20001014.1400.0087 0.0
vsb 37 40009 3 1 9942 VOA20001018.2100.2160 1.0
vsb 37 40009 4 19 9960 NYT20001204.0926.0050 1.0
vsb 37 40009 4 18 9959 NYT20001204.0926.0049 0.0
vsb 37 40009 5 16 9957 APW20010117.2147.0916 0.0
vsb 37 40009 5 15 9956 AFA20010117.1800.0240 0.0
vsb 37 40009 5 5 9946 AFA20001109.1800.0150 0.0
vsb 37 40009 6 14 9955 VOA20001018.2100.2160 1.0
vsb 37 40009 6 13 9954 VOA20001018.2100.2160 1.0
vsb 37 40009 6 8 9949 XIN20001110.2000.0156 0.0
vsb 37 40009 6 7 9948 VOA20001109.2100.3072 1.0
vsb 37 40009 6 3 9944 VOA20001018.2100.2160 1.0
vsb 37 40009 6 2 9943 VOA20001018.2100.2160 1.0
vsb 37 40009 6 1 9942 VOA20001018.2100.2160 1.0
vsb 37 40009 7 17 9958 NYT20001204.0926.0049 1.0
vsb 37 40009 7 12 9953 VOA20001018.2100.2160 1.0
vsb 37 40009 7 9 9950 XIN20001110.2000.0156 0.0
