sys userno topicid isum db dbcompact dbdistance crx cry cnx cny
vsn 11 40048 1 0.616631186009 109.220336456 177.124250175 475 158 302 196
vsn 13 40009 0 80.2597676075 80.2597676075 1.0 485 227 485 228
vsn 14 40021 1 2.03212532315 126.057305421 62.0322496771 466 238 404 236
vse 14 40048 0 1.15550176353 70.2864283091 60.827625303 515 259 525 199
vse 11 40009 1 1.5417221773 143.247479834 92.9139386745 421 113 344 165
vsn 32 40021 1 1.27050826999 70.4416350311 55.4436651025 388 135 443 142
vsn 13 40009 1 0.403485584486 85.6197931429 212.200377002 664 111 462 176
vse 14 40048 0 1.00045878425 71.3138362101 71.2811335488 454 247 513 207
vse 04 40021 1 3.67447909657 110.295597213 30.0166620396 386 139 371 165
vse 11 40009 1 1.56641258771 131.289298781 83.8152730712 419 102 340 130
vsn 28 40021 1 0.761947329984 94.6104203865 124.169239347 395 141 272 124
vsn 11 40048 1 0.604084339396 110.208561468 182.439030912 486 156 308 196
vse 04 40021 1 2.38614628961 108.037368242 45.2769256907 340 165 379 188
vsn 32 40021 1 1.04166914269 79.5837951891 76.4002617797 446 102 520 83
vse 23 40048 1 0.452383127764 88.4417692162 195.501918149 645 125 450 111
vsn 11 40048 0 1.72811319325 103.109144807 59.6657355607 457 271 443 213
vse 25 40009 0 0.844266919969 81.6978214122 96.7677632272 549 169 457 199
vse 19 40048 1 0.730977381458 114.728524273 156.95222203 513 122 366 177
vse 11 40009 1 3.22574378197 142.846191405 44.283179651 401 102 406 146
vsn 28 40021 1 3.45768823166 73.9169318469 21.3775583264 540 111 536 90
vse 19 40048 1 0.610410165695 112.023154796 183.521115951 511 115 339 179
vse 16 40009 1 1.06976496437 98.4183767224 92.0 448 175 356 175
vse 25 40009 1 0.992912462627 91.9557025635 92.6120942426 199 317 238 233
vse 31 40021 1 2.53542857871 107.956869698 42.5793377121 265 142 258 184
vsn 16 40048 0 2.40678234638 108.545616994 45.0998891351 399 229 444 232
vsn 11 40048 1 0.616631186009 109.220336456 177.124250175 475 158 302 196
vse 14 40048 1 0.433844604009 97.7614691353 225.337524616 448 208 227 252
vsn 05 40021 0 0.840455100174 88.8222279417 105.683489723 435 242 495 155
vsn 31 40009 1 1.33040063614 110.671422239 83.1865373723 363 162 281 148
vsn 16 40048 1 0.608586191491 109.172967197 179.387847972 532 120 366 188
vsn 20 40048 1 0.623412605057 108.26578965 173.666346769 517 111 345 135
vse 14 40048 1 0.550911133565 105.258633038 191.062816895 433 225 244 253
vse 30 40021 1 1.4239565282 94.3901676091 66.2872536767 383 151 448 138
vsn 24 40048 1 1.04550766183 103.984659408 99.4585340733 500 164 404 138
vsn 16 40048 1 0.544796355155 107.913693289 198.080791598 576 100 386 156
vsn 34 40048 0 1.00902848502 54.4968802465 54.0092584656 456 149 457 95
vse 19 40048 1 0.464813972151 105.556786729 227.094693905 519 111 305 187
vsn 16 40048 1 0.489557858503 105.568699761 215.64090521 550 99 340 148
vsn 30 40009 0 1.49462298864 49.3451992317 33.0151480384 470 93 469 126
vse 15 40009 1 1.25449076252 123.482935634 98.4327181378 415 157 323 192
vse 04 40021 1 6.27268437845 119.181003191 19.0 372 159 372 178
vse 27 40048 1 0.650128287189 104.322802736 160.464949444 597 164 447 221
vsn 32 40021 1 3.07388399691 127.260282431 41.400483089 244 143 269 176
vsn 11 40048 0 1.05901035721 95.686728312 90.3548559846 414 251 494 209
vse 11 40009 1 1.48886121303 115.949697159 77.8781098898 451 117 380 149
vse 15 40009 1 1.25449076252 123.482935634 98.4327181378 415 157 323 192
vse 20 40009 1 1.33935599072 76.8584974436 57.3846669416 448 139 395 161
vse 20 40009 1 1.2849819854 81.6747326857 63.5609943283 439 139 377 153
vse 31 40021 0 0.501952655722 57.7441936932 115.03912378 373 142 478 189
vse 16 40009 1 1.05035244221 117.681667621 112.040171367 429 219 317 222
vse 11 40009 1 1.6561396557 121.791028438 73.5391052434 432 103 364 131
vsn 31 40009 1 0.797473776655 75.1700998487 94.2602779542 526 90 432 97
vse 20 40009 1 1.2849819854 81.6747326857 63.5609943283 439 139 377 153
vsn 28 40021 1 1.3760682267 82.7473659556 60.1331855135 502 127 442 131
vsn 21 40009 1 1.43757334616 71.8786673079 50.0 512 154 464 168
vsn 33 40048 1 8.83302372238 86.9951946016 9.8488578018 433 200 429 209
vsn 05 40021 1 1.82426032837 120.041319881 65.8027355054 441 161 402 108
vsn 15 40048 0 1.54502744336 96.8450019726 62.6817357769 389 207 441 242
vse 17 40021 1 3.09960745667 99.959336937 32.2490309932 397 141 413 169
vsn 31 40009 1 0.24462816248 76.8229807836 314.039806394 698 131 384 136
vse 17 40021 0 1.04224230426 82.4162616657 79.0759128939 433 233 510 251
vsn 20 40048 1 0.553580907284 108.210554369 195.473783408 542 97 349 128
vse 20 40009 1 1.22902208866 80.8636762056 65.7951365984 429 136 369 163
vsn 04 40009 1 0.7534643007 77.4457216372 102.786185842 558 68 460 99
vse 30 40021 0 1.9257856399 49.0980927842 25.495097568 441 237 418 226
vsn 24 40048 1 1.50725327188 93.6439851925 62.128898268 430 128 378 162
vsn 05 40021 1 3.11517285016 105.961678368 34.0147027034 485 149 471 118
vse 17 40021 0 11.8768664873 23.7537329746 2.0 457 306 457 308
vse 30 40021 0 3.20624930664 16.0312465332 5.0 456 276 456 271
vse 37 40048 1 0.406307273244 96.7088130073 238.018906812 551 162 314 184
vsn 24 40048 1 2.61767037758 116.243429326 44.4072066223 289 163 253 189
vse 16 40009 0 1.25921903832 88.7994980417 70.5195008491 552 200 485 178
vsn 16 40048 1 0.478882864074 108.300606408 226.152603346 525 100 304 148
vsn 35 40009 1 3.44126271434 78.0188219696 22.6715680975 461 166 444 181
vse 15 40009 0 0.983590943288 78.8408117563 80.1560977094 459 106 454 186
vse 25 40009 1 1.185277705 96.1902334198 81.1541742611 200 288 231 213
vse 11 40009 1 1.87501264685 126.29570775 67.3572564762 409 108 345 129
vsn 12 40009 1 0.310634406783 86.0816087623 277.115499386 636 133 364 186
vsn 11 40048 1 0.733595409566 102.883977384 140.24621207 554 139 419 177
vsn 20 40048 1 0.556714274516 105.031787122 188.663722003 545 100 358 125
vse 11 40009 1 1.37041874034 120.409828852 87.863530546 435 126 349 144
vsn 31 40009 1 0.496520299385 84.9180365132 171.026313765 503 199 344 262
vsn 03 40009 1 0.78554600686 83.0898268939 105.773342577 537 114 435 142
vsn 11 40048 1 0.733595409566 102.883977384 140.24621207 554 139 419 177
vsn 12 40009 1 0.800730632077 99.4486814085 124.197423484 476 159 352 166
vsn 20 40048 1 0.556714274516 105.031787122 188.663722003 545 100 358 125
vse 11 40009 1 1.43965419094 107.522026437 74.6860093994 421 97 354 130
vse 11 40009 1 1.46104755487 115.653704196 79.1580697087 451 114 380 149
vse 30 40021 0 6.0424180584 42.7263478386 7.07106781187 457 119 456 112
vsn 21 40009 1 1.06982297316 74.273764915 69.4262198308 432 160 364 174
vse 17 40021 1 2.91811064438 102.133872553 35.0 402 158 423 186
vse 11 40009 1 1.43965419094 107.522026437 74.6860093994 421 97 354 130
vse 15 40009 1 1.48337226119 104.153438723 70.2139587262 404 134 337 155
vse 35 40021 1 1.13495241036 77.4766100048 68.2641926635 501 187 537 245
vsn 20 40048 1 0.623412605057 108.26578965 173.666346769 517 111 345 135
vse 15 40009 0 1.11911228597 81.702861669 73.0068489938 369 174 440 191
vsn 12 40009 0 0.601328689296 56.7069214517 94.302704097 556 268 503 190
vse 20 40009 1 0.648544857716 78.5060804459 121.04957662 464 125 346 152
vsn 34 40048 0 0.516546047461 9.82795881816 19.0262975904 457 332 456 313
vsn 30 40009 1 0.705724986522 65.3891427565 92.6552750792 519 86 427 97
vsn 04 40009 1 0.780419145383 79.4725765313 101.833196945 551 67 454 98
vse 25 40009 1 5.38316335384 103.547214578 19.2353840617 315 253 332 244
vse 11 40009 1 3.22574378197 142.846191405 44.283179651 401 102 406 146
vse 17 40021 0 1.02811194919 124.609543396 121.202310209 477 238 596 261
vsn 11 40048 1 0.75140402843 103.519370673 137.767920794 558 148 422 170
vse 32 40048 1 0.903850533814 88.3464773126 97.7445650663 567 154 472 177
vse 11 40009 1 2.86103412711 141.6717541 49.5176736126 403 106 369 142
vse 23 40048 1 0.377851055047 88.0595644721 233.053641894 659 188 426 183
vsn 28 40021 0 3.25868667644 51.524360392 15.8113883008 440 237 427 228
vse 32 40048 0 0.643062734745 81.618316745 126.921235418 198 175 323 197
vsn 11 40048 1 0.75140402843 103.519370673 137.767920794 558 148 422 170
vsn 12 40009 1 0.336222334653 90.4106796798 268.901468944 570 176 302 154
vse 04 40021 1 3.94655132489 111.625328165 28.2842712475 384 142 380 170
vse 04 40021 1 6.27268437845 119.181003191 19.0 372 159 372 178
vse 03 40021 1 2.27037485362 125.26215875 55.1724568965 376 175 416 137
vsn 28 40021 1 0.761947329984 94.6104203865 124.169239347 395 141 272 124
vse 25 40009 1 0.804513167604 84.9171175201 105.550935571 191 302 237 207
vsn 11 40048 1 0.490940362494 107.02162094 217.993119157 523 149 308 185
vse 25 40009 0 1.02272144431 84.6823237199 82.8009661779 522 148 456 198
vsn 36 40021 1 1.23978426155 84.9320087854 68.5054742338 580 182 523 144
vsn 35 40009 1 2.78120760898 75.6570265443 27.2029410175 457 121 435 105
vsn 21 40009 0 1.09889188864 72.0926681434 65.6048778674 349 276 401 236
vse 35 40021 0 1.15072321979 72.5777108199 63.0713881249 419 222 476 195
vse 36 40048 1 1.04767375582 85.9156359945 82.0060973343 511 166 432 144
vse 12 40021 0 1.03829412354 86.1846668109 83.0060238778 403 189 470 238
vsn 36 40021 0 2.0391639237 70.4323795048 34.5398320783 388 198 401 230
vse 11 40009 1 1.56511359491 112.731645828 72.0277724215 433 112 361 114
vsn 11 40048 1 0.490940362494 107.02162094 217.993119157 523 149 308 185
vsn 28 40021 1 1.35434843655 82.6596475691 61.0327780787 497 165 436 163
vse 31 40021 1 0.194448051621 72.7570980682 374.172420149 636 76 267 138
vse 03 40021 1 1.97393512387 138.639962618 70.2353187506 420 145 453 207
vse 32 40048 1 0.97574011462 83.7148626313 85.7962703152 550 144 470 175
vse 18 40048 1 0.547223342878 138.457238627 253.017785936 512 162 259 159
vse 30 40021 0 1.92713467441 48.3322917472 25.079872408 489 202 491 227
vse 20 40009 1 0.688264361761 79.5801482883 115.62439189 437 164 322 176
vse 04 40021 1 3.48171029798 111.251404655 31.9530906173 391 138 380 168
vse 27 40048 1 0.474766408672 106.051594125 223.376364014 634 125 415 169
vsn 31 40009 1 0.787629786192 86.6965397236 110.072703247 493 144 383 148
vsn 16 40048 1 0.523191977168 101.787399182 194.550764583 578 99 387 136
vse 18 40048 1 0.549037026376 119.331906233 217.34764779 522 143 308 181
vse 32 40048 1 0.715886021757 85.3617161004 119.239255281 577 140 460 163
vsn 24 40048 1 2.06382479474 109.92652358 53.2634959423 284 191 250 232
vsn 36 40021 1 0.630877422405 83.2590902667 131.973482185 558 153 427 137
vse 04 40021 1 6.11068381999 115.296151724 18.8679622641 361 161 351 177
vsn 24 40048 0 1.75728376669 96.7942781473 55.0817574157 458 206 443 259
vsn 34 40048 0 0.516546047461 9.82795881816 19.0262975904 457 332 456 313
vsn 31 40009 1 0.518550586459 90.5550280107 174.631039624 521 190 357 250
vse 04 40021 1 6.11068381999 115.296151724 18.8679622641 361 161 351 177
vse 03 40021 1 1.97393512387 138.639962618 70.2353187506 420 145 453 207
vsn 34 40048 0 0.516546047461 9.82795881816 19.0262975904 457 332 456 313
vse 03 40021 1 4.14708015799 123.719294028 29.8328677804 271 168 300 161
vsn 11 40048 1 0.488692026963 100.354546811 205.353354002 562 101 359 132
vsn 17 40009 0 1.04876669273 70.016468729 66.7607669219 568 217 504 198
vse 17 40021 0 1.04224230426 82.4162616657 79.0759128939 433 233 510 251
vse 36 40048 1 1.60650536995 98.4697372563 61.2943716829 433 142 484 108
vse 13 40021 0 0.52869103804 65.557688717 124.0 457 264 457 140
vse 20 40009 1 1.33935599072 76.8584974436 57.3846669416 448 139 395 161
vsn 14 40021 1 2.67141341628 97.9720611536 36.6742416418 507 192 471 199
vse 12 40021 1 2.61317974901 120.801282494 46.2276973253 342 125 371 161
vse 31 40021 1 1.06158447979 74.4321386476 70.1141925718 425 127 355 123
vsn 19 40021 0 1.0153421429 91.5217039594 90.1387818866 429 183 487 252
vsn 17 40009 1 1.30351361311 94.583364546 72.5603197347 477 186 405 177
vsn 24 40048 1 1.06734127884 97.8350890077 91.6624241442 500 159 409 148
vse 30 40021 1 1.26714208211 101.252502311 79.9061950039 363 139 442 127
vse 17 40021 1 1.828573265 103.955636497 56.8506816142 345 149 389 185
vse 12 40021 1 2.85253046991 123.056194001 43.1393092202 261 156 292 186
vsn 24 40048 1 0.585331594076 101.147264092 172.803356449 567 158 397 189
vsn 19 40021 1 2.55217346599 99.1084901305 38.8329756779 428 157 436 195
vsn 14 40021 1 3.59251898061 96.3973998131 26.83281573 515 166 491 178
vse 35 40021 1 0.622604204944 89.4645630722 143.694119573 503 177 361 199
vsn 32 40021 0 2.78507082261 52.5486111838 18.8679622641 426 223 436 239
vsn 34 40048 0 0.516546047461 9.82795881816 19.0262975904 457 332 456 313
vse 03 40021 1 1.77690036283 127.949165115 72.0069441096 272 212 316 155
vse 05 40048 1 1.63465242208 123.370240859 75.4718490565 388 171 324 211
vsn 12 40009 1 0.298152292709 87.7196271759 294.210808775 598 172 306 136
vsn 11 40048 1 0.824282255637 103.058359273 125.027996865 555 156 431 172
vse 35 40021 1 0.41874438052 116.76362495 278.84224931 546 194 278 271
vsn 19 40021 1 2.79614712354 105.29266892 37.6563407675 413 159 420 196
vsn 23 40021 1 9.87850947075 91.0753572374 9.21954445729 455 142 453 133
vsn 11 40048 1 0.824282255637 103.058359273 125.027996865 555 156 431 172
vsn 12 40009 1 0.310634406783 86.0816087623 277.115499386 636 133 364 186
vsn 27 40021 1 3.22461898712 91.6608936821 28.4253408071 458 157 440 135
vse 13 40021 1 1.77784366799 122.787104674 69.0651865993 395 184 452 223
vse 35 40021 1 1.65712913886 125.121480487 75.5049667241 427 162 501 177
vsn 21 40009 0 0.832719071589 69.3310517284 83.258633186 443 317 477 241
vsn 35 40009 1 5.52485149236 67.2127192863 12.1655250606 504 77 492 75
vse 03 40021 1 4.14708015799 123.719294028 29.8328677804 271 168 300 161
vsn 34 40048 0 4.55406588488 92.1002827264 20.2237484162 448 155 451 175
vse 17 40021 1 2.13148302805 108.684735529 50.9901951359 403 149 441 183
vse 35 40021 0 1.88585045595 46.5770703754 24.6981780705 528 183 537 206
vsn 17 40009 1 1.80350969027 135.395419552 75.0732975165 407 232 357 176
vsn 21 40009 1 1.07310772414 76.2133163321 71.0211236183 436 158 366 170
vsn 35 40009 1 1.18838452904 85.050481448 71.5681493403 458 100 389 81
vsn 23 40021 1 2.60856724576 104.927975947 40.2243707222 487 128 464 161
vse 13 40021 0 11.8768664873 23.7537329746 2.0 457 306 457 308
vse 11 40009 1 1.298411543 115.50025701 88.955044826 470 126 382 139
vsn 34 40048 0 0.516546047461 9.82795881816 19.0262975904 457 332 456 313
vse 03 40021 1 4.14708015799 123.719294028 29.8328677804 271 168 300 161
vse 17 40021 1 2.51608246506 114.364182444 45.4532727095 413 144 442 179
vse 03 40021 1 5.13050597656 136.320932554 26.5706605112 378 143 403 134
vsn 11 40048 1 0.631649878842 103.260749771 163.477827243 549 144 390 182
vse 18 40048 0 1.66722060474 109.377804152 65.6048778674 529 244 489 192
vse 04 40021 1 3.19791081188 105.191337631 32.8937684068 386 134 375 165
vsn 36 40021 1 16.4469903314 131.575922651 8.0 331 126 339 126
vse 03 40021 1 2.41447761363 122.187835719 50.6063237155 397 183 428 143
vsn 11 40048 1 0.631649878842 103.260749771 163.477827243 549 144 390 182
vsn 07 40048 1 2.0841113174 108.733901772 52.172789843 449 131 398 142
vse 32 40048 0 0.640544618125 71.929481525 112.294256309 182 153 291 180
vsn 36 40021 1 0.651964084728 95.3072488081 146.184814533 612 203 475 152
vse 32 40048 1 1.65411267928 97.718727773 59.076221951 291 185 350 182
vsn 36 40021 1 0.656455777506 108.529830718 165.326948801 594 142 432 109
vsn 26 40009 1 0.241645304144 70.1108770966 290.139621562 686 111 396 102
vsn 12 40009 1 0.988817386356 107.344769414 108.55873986 482 202 374 213
vsn 11 40048 1 0.798304222145 110.944183872 138.974817863 551 121 416 154
vse 20 40009 0 0.803889157014 64.2508125861 79.9249648108 396 303 438 235
vse 35 40021 0 0.447512556544 55.1875707159 123.320720076 487 238 505 116
vsn 19 40021 0 1.04224230426 82.4162616657 79.0759128939 433 233 510 251
vse 03 40021 1 1.65275380359 118.180564928 71.5052445629 335 194 388 146
vse 20 40009 0 0.631128803162 61.5536657032 97.5294827219 442 295 468 201
vse 37 40048 1 0.422556075968 98.2404255149 232.490860035 570 126 354 212
vse 20 40009 1 0.633743695085 77.269965073 121.926207191 436 154 315 169
vsn 14 40021 0 1.09293906331 73.1289766043 66.9103878333 523 270 534 204
vse 12 40021 1 3.0300805278 116.411892414 38.4187454246 358 160 388 184
vse 18 40048 1 0.515734622552 136.294522673 264.272586547 510 177 246 165
vse 04 40021 1 3.55836494845 103.437696875 29.0688837075 400 137 398 166
vsn 20 40048 1 0.433242017921 116.639501311 269.224813121 491 163 222 174
vse 33 40009 1 3.91488020815 91.0577909402 23.2594066992 439 192 418 182
vse 32 40048 1 0.698292446622 84.0275353549 120.332871652 573 148 457 180
vsn 20 40048 1 0.536529737575 112.401379385 209.497016685 522 121 314 146
vsn 32 40021 0 0.880094893295 49.1121339796 55.8032257132 401 215 434 260
vsn 36 40021 1 0.72413712724 84.8353764501 117.153745139 577 142 460 136
vse 32 40048 1 0.692497834528 84.7454393131 122.376468326 573 142 453 166
vse 04 40021 1 4.92171659331 113.626651019 23.0867927612 368 138 361 160
vse 23 40048 0 0.707024651439 80.4890973756 113.841995766 382 120 418 228
vse 03 40021 1 2.54373073682 140.297761775 55.1543289326 429 151 450 202
vse 21 40021 1 1.30452731119 119.796526523 91.8313671901 299 177 371 234
vse 24 40009 1 1.06639274456 90.8125936085 85.1586754242 442 115 358 129
vse 24 40009 0 2.56843780024 62.7035577085 24.4131112315 133 194 119 214
vsn 36 40021 1 2.34355619638 117.855481534 50.2891638427 389 135 437 150
vse 03 40021 1 2.54373073682 140.297761775 55.1543289326 429 151 450 202
vse 03 40021 1 1.4793483626 124.520364317 84.1724420461 289 203 350 145
vse 12 40021 1 1.41089140531 122.682666542 86.9540108333 309 143 384 187
vsn 17 40009 0 0.711876723438 66.2810369638 93.107464792 502 240 464 155
vse 22 40021 1 0.545429576637 116.452727279 213.506440184 489 167 285 230
vse 36 40048 0 3.39788160987 86.6293231681 25.495097568 462 161 445 180
vsn 31 40009 1 0.981612935902 89.9770212761 91.6624241442 485 142 394 153
vse 13 40021 1 2.18203088477 125.367121845 57.4543296889 364 195 413 225
vsn 17 40009 0 1.04004915281 74.4561883347 71.5891053164 511 227 477 164
vse 21 40021 1 1.80828634756 105.95076703 58.5918083012 311 154 338 206
vsn 04 40009 1 0.756687945522 83.5138080551 110.3675677 544 80 439 114
vsn 14 40021 1 2.52396414677 101.744247493 40.3112887415 515 171 475 176
vse 13 40021 0 1.04224230426 82.4162616657 79.0759128939 433 233 510 251
vse 20 40009 1 0.740259527741 77.1611818844 104.235310716 420 156 317 172
vsn 17 40009 1 1.10964251592 105.509441214 95.0841732361 518 115 423 119
vsn 04 40009 1 0.756687945522 83.5138080551 110.3675677 544 80 439 114
vsn 14 40021 1 4.5372703199 100.231577432 22.0907220344 506 218 484 216
vsn 17 40009 1 1.18889529567 100.558335608 84.5813218152 440 214 363 179
vse 20 40009 0 0.559727368009 63.2590984884 113.017697729 400 287 458 190
vsn 19 40021 1 2.25223598513 152.421640694 67.6756972628 319 183 375 221
vse 36 40048 1 1.0650688802 89.5924901297 84.1189633793 511 166 431 140
vsn 14 40021 0 1.1826303287 62.7240191048 53.0377224247 569 219 531 182
vsn 31 40009 1 0.877644291265 87.5227441714 99.7246208316 495 165 396 177
vsn 19 40021 1 7.06065337985 104.249297843 14.7648230602 460 158 467 171
vse 03 40021 1 1.0823605569 135.325372315 125.027996865 518 133 394 149
vse 13 40021 0 1.04372472027 91.4495852172 87.6184911991 432 231 501 177
vsn 06 40048 1 4.87162452791 97.5542051473 20.0249843945 473 153 453 152
vse 16 40009 1 1.41133853746 114.53601361 81.1541742611 425 193 344 188
vsn 04 40009 1 0.838408485291 84.4173682061 100.687635785 549 76 452 103
vse 13 40021 0 1.1517780075 79.6061099903 69.1158447825 531 192 495 133
vsn 04 40009 1 0.902292865672 83.6021936708 92.6552750792 546 74 458 103
vse 24 40009 1 1.07827511589 97.6419645929 90.5538513814 451 159 361 169
vsn 25 40048 0 3.01550562801 79.6116330206 26.4007575649 501 155 512 131
vse 35 40021 1 2.59284601409 129.590433409 49.9799959984 389 151 406 198
vse 36 40048 1 2.06636030627 99.7433639533 48.2700735446 438 141 391 130
vse 31 40021 1 2.98230273 101.923222779 34.1760149813 419 105 451 117
vse 12 40021 1 1.01480367146 115.70542075 114.01754251 476 206 366 176
vse 31 40021 1 5.73248078054 96.0938883993 16.7630546142 320 159 336 164
vsn 17 40009 1 1.13786254638 92.7340523256 81.4984662432 476 164 395 155
vsn 23 40021 1 0.583535696237 86.363283043 148.0 587 118 439 118
vse 36 40048 1 1.80771763457 95.7237269539 52.9528091795 417 141 365 131
vsn 06 40048 1 0.587966124182 84.4094947459 143.561833368 631 107 490 134
vsn 23 40021 1 2.3503336899 101.391771819 43.1393092202 510 126 480 157
vse 03 40021 1 5.20442428641 123.707753057 23.769728648 262 176 284 167
vse 03 40021 1 2.15387942199 146.463800695 68.0 417 143 449 203
vse 11 40009 1 1.298411543 115.50025701 88.955044826 470 126 382 139
vsn 17 40009 1 1.21344676548 123.294790302 101.607086367 495 205 395 223
vse 03 40021 1 1.74955768073 128.136438796 73.2393336944 271 215 313 155
vsn 12 40009 1 1.53371460562 128.978012218 84.0951841665 481 104 405 140
vsn 19 40021 0 1.04224230426 82.4162616657 79.0759128939 433 233 510 251
vse 11 40009 1 1.6561396557 121.791028438 73.5391052434 432 103 364 131
vse 22 40021 1 0.690006810449 108.240935313 156.869372409 565 141 417 193
vsn 22 40009 1 1.69065847416 110.359990082 65.2763356815 423 232 358 226
vsn 07 40048 1 3.66477299779 116.871214011 31.8904374382 303 144 327 165
vse 32 40048 1 1.14629283387 86.891718832 75.802374633 542 159 477 198
vsn 07 40048 1 3.34287232348 110.264125461 32.9848450049 462 134 430 126
vse 21 40021 1 1.18276130331 105.69016293 89.3588272081 300 166 376 213
vse 37 40048 1 0.446564832389 107.491411115 240.707291123 585 130 347 166
vse 07 40009 0 20.6423098814 61.9269296441 3.0 457 291 457 288
vsn 19 40021 1 0.570569986842 91.2002179683 159.840545545 621 174 464 144
vsn 23 40021 1 2.06705558412 113.706846988 55.0090901579 411 181 410 126
vse 23 40048 1 0.590781320625 96.718679111 163.713163796 654 150 495 111
vsn 06 40048 1 14.6667141013 118.246829405 8.0622577483 379 190 386 194
vsn 14 40021 1 3.23232293633 104.339464492 32.2800247831 502 211 471 220
vsn 23 40021 0 1.1517780075 79.6061099903 69.1158447825 531 192 495 133
vse 30 40021 1 1.70912913951 87.7001443563 51.3127664427 334 171 377 199
vse 22 40021 1 0.584591227444 118.285501918 202.338824747 518 244 323 298
vsn 15 40048 1 1.23944039227 87.6591972069 70.7248188403 205 149 154 198
vsn 25 40048 0 5.16748767346 84.7530994246 16.4012194669 384 165 394 152
vsn 27 40021 1 5.30394703215 97.3675245572 18.3575597507 460 164 451 148
vsn 19 40021 0 1.04224230426 82.4162616657 79.0759128939 433 233 510 251
vse 32 40048 1 1.25230150646 105.379516158 84.1486779456 381 193 441 252
vsn 15 40048 1 1.23944039227 87.6591972069 70.7248188403 205 149 154 198
vsn 31 40009 1 0.953958989144 96.3923516562 101.044544633 426 149 325 146
vsn 20 40048 1 0.433242017921 116.639501311 269.224813121 491 163 222 174
vse 03 40021 1 1.4793483626 124.520364317 84.1724420461 289 203 350 145
vse 11 40009 1 1.49234908549 113.506858878 76.0591874792 460 124 384 127
vse 26 40021 1 1.36925928664 117.157716551 85.5628424025 346 201 406 140
vse 20 40009 1 1.1914091904 80.3561117926 67.4462749157 383 192 318 174
vsn 34 40048 0 1.00902848502 54.4968802465 54.0092584656 456 149 457 95
vsn 07 40048 0 3.40924796887 85.5035040664 25.079872408 443 164 418 166
vse 11 40009 1 1.78677979494 114.702356422 64.1950153828 442 123 378 118
vse 20 40009 1 1.1914091904 80.3561117926 67.4462749157 383 192 318 174
vsn 07 40048 1 2.0841113174 108.733901772 52.172789843 449 131 398 142
vsn 20 40048 1 0.445358718123 117.272346109 263.321096762 502 146 239 159
vse 15 40009 1 1.6458192761 91.1165744502 55.3624421427 422 107 370 126
vsn 21 40009 1 0.941723325467 89.6419701239 95.1892851113 378 209 284 224
vse 17 40021 1 3.02623853715 105.571926454 34.885527085 395 156 411 187
vse 03 40021 1 1.65275380359 118.180564928 71.5052445629 335 194 388 146
vsn 03 40009 1 0.754219052871 126.065182173 167.146642204 466 238 299 231
vse 03 40021 0 1.34730277226 113.245586803 84.0535543567 151 225 154 141
vse 26 40021 1 2.89747646077 108.258654609 37.3630833845 367 121 403 111
vsn 03 40009 1 0.697032109385 125.6998416 180.335797888 453 238 273 249
vse 34 40009 0 1.77468919356 45.2458741427 25.495097568 340 268 365 263
vsn 20 40048 1 0.477366715714 106.739240332 223.600089445 534 104 313 138
vse 03 40021 1 1.9495956021 120.937801159 62.0322496771 271 170 333 168
vse 34 40009 1 0.536403714168 96.8873408486 180.623918682 471 127 291 142
vsn 07 40048 0 1.05869349655 78.3218558017 73.9797269527 422 171 495 183
vse 21 40021 0 1.0153421429 91.5217039594 90.1387818866 429 183 487 252
vse 12 40021 1 1.79590233147 109.19617844 60.8029604542 341 141 377 190
vse 03 40021 1 1.77690036283 127.949165115 72.0069441096 272 212 316 155
vse 26 40021 1 2.11652707963 110.749188142 52.3259018078 339 167 386 144
vse 21 40021 1 1.57787961179 130.545104674 82.7345151675 259 192 333 229
vse 06 40009 1 1.06387323773 109.25309973 102.69371938 488 147 393 186
vse 09 40048 1 0.495198025074 90.3515903989 182.45547402 583 160 402 183
vse 28 40048 0 0.143713125709 36.3594208043 253.0 457 114 457 367
vsn 04 40009 1 0.902292865672 83.6021936708 92.6552750792 546 74 458 103
vse 20 40009 0 0.721726098317 67.773116579 93.9042065085 438 326 451 233
vsn 04 40009 1 0.796570708396 83.1644235167 104.403065089 528 77 430 113
vsn 34 40048 1 0.699530102634 112.626518957 161.00310556 377 108 228 169
vsn 26 40009 0 1.0389372426 71.7393500977 69.0507060065 465 343 477 275
vsn 17 40009 1 0.753261000166 74.5576200695 98.9797959182 551 71 457 102
vsn 03 40009 1 0.71094787194 114.835138398 161.523992026 462 197 301 184
vsn 27 40021 1 1.36099861498 101.419512807 74.5184540902 486 159 429 111
vsn 26 40009 1 0.652135539964 108.830460971 166.883192683 508 178 343 203
vsn 12 40009 1 0.293464949798 81.3538619796 277.218325513 665 125 390 160
vse 09 40048 1 1.02057413993 101.509938392 99.4635611669 463 221 366 199
vsn 20 40048 1 0.445358718123 117.272346109 263.321096762 502 146 239 159
vse 15 40009 1 1.48337226119 104.153438723 70.2139587262 404 134 337 155
vsn 20 40048 1 0.536529737575 112.401379385 209.497016685 522 121 314 146
vse 11 40009 1 3.55028632958 103.690243841 29.206163733 386 95 363 113
vsn 03 40009 1 0.765352125107 127.816096346 167.002993985 466 240 299 241
vse 09 40048 1 0.301544992047 73.7676682529 244.632377252 677 123 436 165
vsn 20 40048 1 0.496323276401 99.9595571544 201.400099305 567 92 368 123
vsn 27 40021 1 4.31155336315 94.5597474932 21.9317121995 460 153 444 138
vsn 33 40048 0 0.648592890751 57.7393405584 89.0224690738 488 194 577 192
vse 06 40009 1 0.929113704842 109.00764921 117.324336776 481 146 370 184
vsn 27 40021 1 5.63605150213 92.9521426189 16.4924225025 427 162 431 146
vsn 06 40048 1 22.7335780583 93.7329435826 4.12310562562 463 172 467 171
vse 27 40048 1 0.676022449679 109.181288222 161.505417866 514 153 354 175
vsn 04 40009 0 1.07152959503 71.5281119493 66.7532770731 447 79 457 145
vsn 06 40048 1 42.5191640771 95.0757412229 2.2360679775 463 172 465 171
vse 27 40048 0 1.97579977556 81.4643116971 41.2310562562 551 250 535 288
vsn 04 40009 1 0.853146955675 96.0122047181 112.53888217 516 89 407 117
vse 24 40009 1 0.21256542729 69.39439211 326.461330022 703 108 399 227
vsn 16 40048 1 0.800703894418 99.1742159626 123.858790564 555 110 440 156
vsn 06 40048 1 0.606472428004 90.1586080806 148.660687473 630 132 482 146
vse 20 40009 1 1.38869094651 78.2117842302 56.3205113613 461 155 407 171
vse 37 40048 1 0.553840252652 95.7903502841 172.956641966 587 116 420 161
vsn 06 40048 0 3.07891016603 86.2644476665 28.0178514522 465 246 493 247
vse 09 40048 0 1.46765023863 85.8042103165 58.463663929 446 211 459 268
vse 09 40048 1 0.765804894066 99.5811413312 130.034610777 548 149 418 152
vsn 04 40009 1 0.735944691135 85.1790410038 115.74109037 545 79 435 115
vsn 31 40009 0 0.443129373152 55.9010821759 126.150703526 442 306 459 181
vse 37 40048 1 0.452115883256 107.109487546 236.90715481 585 121 350 151
vsn 20 40048 1 0.496323276401 99.9595571544 201.400099305 567 92 368 123
vsn 03 40009 1 1.93751507027 101.04842325 52.1536192416 487 194 435 198
vsn 14 40021 1 1.93755943322 109.124338072 56.3205113613 498 220 442 214
vse 07 40009 1 2.67418682758 107.799917355 40.3112887415 372 94 335 110
vse 31 40021 1 6.05524252967 95.7417908923 15.8113883008 317 141 332 146
vsn 11 40048 1 0.488692026963 100.354546811 205.353354002 562 101 359 132
vse 22 40021 1 0.666469205587 115.468554768 173.254148579 466 173 305 237
vse 11 40009 1 1.76925214029 141.119348251 79.7621464104 422 120 343 131
vsn 22 40009 1 1.48874513089 122.22225786 82.0975030071 390 251 308 255
vsn 07 40048 1 6.9678411086 106.587473341 15.2970585408 454 126 439 129
vse 27 40048 1 0.886879219653 112.322474127 126.649121592 517 170 395 204
vse 07 40009 1 3.69659224887 94.7510940577 25.632011236 379 88 370 112
vsn 27 40021 1 4.31155336315 94.5597474932 21.9317121995 460 153 444 138
vse 22 40021 1 0.666469205587 115.468554768 173.254148579 466 173 305 237
vsn 15 40048 1 1.44079173575 91.9401257488 63.8122245342 196 168 162 222
vsn 07 40048 1 1.20339844481 110.745353139 92.0271699011 294 150 381 180
vse 07 40009 1 2.13060336961 108.8277497 51.0783711565 207 88 227 135
vsn 14 40021 1 1.85546698405 126.389856642 68.1175454637 466 238 398 234
vsn 08 40009 1 0.865213839167 110.54778682 127.769323392 498 100 371 114
vse 23 40048 0 0.794805873707 76.4419811761 96.1769203084 449 279 518 212
vse 27 40048 1 0.967123591847 129.44290843 133.843191833 551 207 418 222
vse 11 40009 1 2.5324326273 145.499219084 57.4543296889 418 110 388 159
vsn 25 40048 1 1.58006133661 101.432061809 64.1950153828 529 133 465 138
vsn 34 40048 0 0.516546047461 9.82795881816 19.0262975904 457 332 456 313
vsn 15 40048 1 0.577931353902 98.819501855 170.988303694 394 150 228 191
vsn 06 40048 0 2.05777576698 81.5357132689 39.6232255123 490 220 529 213
vsn 03 40009 1 0.654099273992 123.709524373 189.129585205 379 254 190 247
vse 03 40021 1 1.43586115725 121.472496108 84.5990543682 181 229 222 155
vsn 11 40048 1 0.50923343071 91.584184931 179.847157331 571 103 395 140
vsn 07 40048 1 0.577822786722 93.3036202568 161.474456184 166 140 309 215
vsn 37 40021 1 1.8194964794 56.9883028104 31.3209195267 483 118 453 127
vse 11 40009 1 1.49234908549 113.506858878 76.0591874792 460 124 384 127
vse 15 40009 1 2.00090544865 98.1260026077 49.040799341 417 130 371 147
vse 36 40048 1 0.464258194658 99.0775282999 213.410402746 515 104 305 66
vsn 03 40009 0 1.59754402362 80.8458300094 50.6063237155 541 276 516 232
vsn 11 40048 1 0.850483785569 109.593671931 128.860389569 546 127 420 154
vse 04 40021 1 4.69990417576 108.505713703 23.0867927612 394 141 387 163
vsn 20 40048 0 1.73581196024 100.136944435 57.6888204074 474 143 442 191
vse 31 40021 0 0.695310287985 93.0885194439 133.880543769 356 107 486 139
vse 03 40021 0 1.09489652883 82.1172396619 75.0 489 212 468 140
vse 03 40021 1 1.74955768073 128.136438796 73.2393336944 271 215 313 155
vse 04 40021 1 3.63709126045 100.596973713 27.6586333719 412 143 406 170
vsn 22 40009 0 1.25921903832 88.7994980417 70.5195008491 552 200 485 178
vsn 20 40048 0 1.67198569602 94.8326940008 56.7186036499 418 185 427 241
vsn 22 40009 1 1.19732952743 92.202148151 77.0064932327 405 181 328 180
vsn 14 40021 1 12.0439028469 113.621952214 9.43398113206 382 257 387 249
vse 07 40009 0 0.838303140876 78.0837864443 93.1450481776 469 90 493 180
vsn 03 40009 1 0.697032109385 125.6998416 180.335797888 453 238 273 249
vse 11 40009 0 2.3756461552 121.785177885 51.2640224719 222 103 204 151
vsn 22 40009 1 1.55329661364 100.976227615 65.0076918526 423 198 358 199
vse 21 40021 1 1.90803332661 110.088727956 57.697486947 315 166 340 218
vse 26 40021 1 2.33667087358 112.548973295 48.1663783152 360 141 408 137
vse 23 40048 1 0.410372847177 111.671191216 272.121296484 592 172 331 95
vsn 37 40021 1 1.52823010297 82.1556945415 53.7587202229 476 141 425 158
vse 26 40021 1 2.65774373389 109.25880727 41.1096095822 329 151 370 154
vse 09 40048 1 0.814538057041 99.5237517683 122.184287042 489 173 369 196
vsn 26 40009 1 0.671934259287 111.184310333 165.469030335 517 175 353 197
vse 08 40021 1 1.07790304936 96.6272599736 89.6437393241 221 137 291 193
vsn 11 40048 1 0.624950948726 101.01999115 161.644672043 548 125 388 148
vse 09 40048 1 0.307961996725 89.6809446547 291.207829565 646 129 355 118
vsn 03 40009 1 0.654099273992 123.709524373 189.129585205 379 254 190 247
vsn 27 40021 1 1.91094693161 97.4582935123 51.0 465 153 441 108
vsn 03 40009 1 1.10265458286 97.1650809573 88.1192374002 523 166 436 180
vsn 03 40009 1 1.57447486167 96.0429665618 61.0 513 170 453 181
vsn 12 40009 1 0.337331301619 84.1531737991 249.467432744 679 127 432 162
vsn 12 40009 1 0.940614921534 116.583138948 123.943535531 461 93 352 152
vse 11 40009 1 1.60230558791 112.993790267 70.5195008491 433 100 366 122
vsn 04 40009 1 0.770906978741 79.496920431 103.121287812 539 64 442 99
vse 11 40009 1 1.78677979494 114.702356422 64.1950153828 442 123 378 118
vse 03 40021 0 1.34730277226 113.245586803 84.0535543567 151 225 154 141
vsn 03 40009 1 0.754219052871 126.065182173 167.146642204 466 238 299 231
vsn 11 40048 1 0.850483785569 109.593671931 128.860389569 546 127 420 154
vsn 20 40048 1 0.553580907284 108.210554369 195.473783408 542 97 349 128
vse 11 40009 1 3.55028632958 103.690243841 29.206163733 386 95 363 113
vse 35 40021 0 0.702435451495 52.799601645 75.1664818919 388 214 451 255
vsn 04 40009 1 0.7534643007 77.4457216372 102.786185842 558 68 460 99
vse 08 40021 1 1.7487665538 108.93004959 62.2896460096 294 166 340 208
vsn 27 40021 1 4.31155336315 94.5597474932 21.9317121995 460 153 444 138
vse 04 40021 1 3.54648179394 100.309653034 28.2842712475 405 141 401 169
vse 11 40009 1 1.2294817416 112.428693851 91.4439719172 461 120 372 141
vsn 08 40009 1 0.917754149792 108.714167606 118.45674316 491 105 375 129
vsn 03 40009 1 0.765352125107 127.816096346 167.002993985 466 240 299 241
vse 26 40021 0 1.09489652883 82.1172396619 75.0 489 212 468 140
vse 28 40048 1 0.542726819997 76.6955764751 141.315250416 656 100 535 173
vse 27 40048 1 0.565719520619 109.060688047 192.782260595 495 207 306 245
vsn 37 40021 1 2.41499317346 63.2064200782 26.1725046566 526 97 552 94
vsn 03 40009 1 0.732560695814 83.9093836852 114.542568506 540 124 428 148
vsn 16 40048 1 0.833320329542 98.2682200014 117.923704148 554 110 445 155
vsn 16 40048 1 0.855372186797 97.9765273045 114.542568506 555 117 451 165
vse 20 40009 1 1.06123099647 79.0243080232 74.4647567645 456 145 384 164
vse 04 40021 1 2.8833051621 103.99902261 36.0693775937 332 162 358 187
vse 04 40021 1 1.61154771176 119.493844937 74.1484996477 299 233 312 160
vse 14 40048 1 0.360149733132 88.1425544785 244.7386361 449 216 205 235
vsn 12 40009 1 0.293464949798 81.3538619796 277.218325513 665 125 390 160
vse 08 40021 1 0.975744669254 103.428934941 106.0 220 169 310 225
vse 26 40021 1 1.23559780021 99.1331442256 80.2309167341 550 124 471 110
vsn 31 40009 1 1.42962321297 73.2882365159 51.2640224719 481 145 433 163
vse 04 40021 1 1.61154771176 119.493844937 74.1484996477 299 233 312 160
vsn 03 40009 1 0.754219052871 126.065182173 167.146642204 466 238 299 231
vse 26 40021 0 1.09489652883 82.1172396619 75.0 489 212 468 140
vsn 03 40009 1 1.93751507027 101.04842325 52.1536192416 487 194 435 198
vsn 37 40021 1 5.17706672654 76.4384741884 14.7648230602 527 107 520 94
vse 11 40009 1 2.65211470004 142.574292158 53.7587202229 420 114 369 131
vsn 08 40009 1 0.930585264516 111.30126553 119.603511654 492 105 373 117
vse 06 40009 0 0.99900129574 83.85067253 83.934498271 355 197 436 219
vsn 24 40048 1 0.904827763307 99.6338222451 110.113577728 508 134 398 129
vse 22 40021 1 1.44999222098 105.730187522 72.9177618965 218 176 249 242
vse 11 40009 1 1.76925214029 141.119348251 79.7621464104 422 120 343 131
vsn 03 40009 1 0.991153494615 88.0566112076 88.8425573698 523 132 436 150
vsn 03 40009 1 0.979913969689 85.9312479466 87.6926450736 539 133 452 144
vse 07 40009 1 3.50600679896 104.241076204 29.7321374946 381 97 371 125
vsn 35 40009 0 6.47698905287 55.3394187261 8.54400374532 456 127 453 135
vsn 08 40009 0 1.33781326063 61.7281593599 46.1410879802 472 71 495 111
vse 11 40009 1 3.17762695548 149.382267625 47.0106370942 402 126 373 163
vse 27 40048 1 0.938441032372 117.949009368 125.686116974 516 157 395 191
vsn 14 40021 1 1.85546698405 126.389856642 68.1175454637 466 238 398 234
vse 20 40009 1 1.38869094651 78.2117842302 56.3205113613 461 155 407 171
vsn 30 40009 0 2.24443680907 50.1871327628 22.360679775 466 88 446 98
vse 20 40009 1 1.06123099647 79.0243080232 74.4647567645 456 145 384 164
vse 11 40009 0 1.05486318549 84.7311918145 80.3243425121 448 99 422 175
vse 28 40048 0 0.143713125709 36.3594208043 253.0 457 114 457 367
vse 04 40021 1 2.93020492425 105.202110519 35.902646142 340 171 375 179
vse 27 40048 1 0.928506135318 114.722184162 123.555655476 516 197 395 222
vse 22 40021 1 1.98732281428 118.60838044 59.6824932455 238 167 269 218
vse 11 40009 1 1.60230558791 112.993790267 70.5195008491 433 100 366 122
vse 06 40009 1 1.32084048235 108.919296467 82.4621125124 479 153 403 185
vsn 09 40021 1 3.21628817238 100.993497183 31.4006369362 475 201 444 196
vse 24 40009 0 2.14787174466 67.2733180682 31.3209195267 148 245 118 236
vsn 11 40048 1 0.50923343071 91.584184931 179.847157331 571 103 395 140
vse 24 40009 0 0.398202026374 71.2881726836 179.0251379 351 142 496 247
vsn 12 40009 1 0.331773039626 81.0321265731 244.239636423 680 125 438 158
vsn 26 40009 1 0.853956799542 122.41404448 143.349223925 395 215 252 225
vse 03 40021 1 1.43586115725 121.472496108 84.5990543682 181 229 222 155
vse 04 40021 1 4.69990417576 108.505713703 23.0867927612 394 141 387 163
vse 04 40021 1 3.35748593806 104.136202999 31.0161248385 397 138 398 169
vse 37 40048 1 0.530782673438 95.6499243195 180.20543832 592 127 417 170
vse 03 40021 1 1.74955768073 128.136438796 73.2393336944 271 215 313 155
vse 37 40048 0 0.318592413259 8.30787370719 26.0768096208 458 299 456 273
vsn 08 40009 0 0.927396318788 95.1655042809 102.615788259 164 66 101 147
vse 22 40021 0 1.16676091927 87.848652131 75.2927619363 418 197 456 262
vsn 31 40009 1 1.42962321297 73.2882365159 51.2640224719 481 145 433 163
vsn 03 40009 1 1.10265458286 97.1650809573 88.1192374002 523 166 436 180
vsn 37 40021 0 1.92713467441 48.3322917472 25.079872408 489 202 491 227
vse 05 40048 0 3.25968386552 82.0767425316 25.179356624 494 173 519 170
vse 11 40009 0 2.3756461552 121.785177885 51.2640224719 222 103 204 151
vsn 37 40021 1 1.16518972247 55.1099018224 47.2969343615 509 165 555 154
vse 08 40021 1 1.4615681517 106.694475074 73.0 263 169 318 217
vsn 04 40009 1 0.736923541835 77.4366046292 105.080921199 553 68 452 97
vsn 27 40021 1 2.4903036392 100.849610972 40.4969134626 393 184 379 146
vse 05 40048 0 3.25968386552 82.0767425316 25.179356624 494 173 519 170
vsn 32 40021 1 1.77041215982 123.979424073 70.0285656 295 164 365 162
vse 24 40009 0 1.29571700057 69.4509147052 53.600373133 378 248 431 240
vsn 03 40009 1 1.12851847983 86.3150662514 76.4852927039 522 114 447 129
vse 08 40021 1 0.873786471881 97.1004431399 111.126054551 222 134 297 216
vsn 27 40021 1 1.6650719263 118.583051252 71.2179752591 390 195 346 139
vsn 17 40009 1 0.753261000166 74.5576200695 98.9797959182 551 71 457 102
vsn 26 40009 1 0.664590169175 111.042258421 167.083811304 516 176 350 195
vsn 12 40009 1 0.335045673294 77.8474854698 232.348875616 655 127 424 152
vse 32 40048 0 0.565439239464 74.337520711 131.468627436 194 181 322 211
vsn 04 40009 1 0.735944691135 85.1790410038 115.74109037 545 79 435 115
vse 08 40021 1 1.58162492496 111.434427669 70.4556598152 300 159 358 199
vsn 04 40009 1 0.780419145383 79.4725765313 101.833196945 551 67 454 98
vsn 11 40048 1 0.624950948726 101.01999115 161.644672043 548 125 388 148
vsn 12 40009 1 1.74594831307 107.924464284 61.8142378421 444 185 383 195
vse 03 40021 1 2.08892516841 127.885902782 61.2209114601 387 178 435 140
vsn 11 40048 1 0.798304222145 110.944183872 138.974817863 551 121 416 154
vsn 07 40048 1 1.61024536704 105.073908393 65.2533524043 448 122 385 139
vse 31 40021 1 0.916086448774 84.4440915677 92.1791733528 415 115 326 139
vse 08 40021 0 1.04224230426 82.4162616657 79.0759128939 433 233 510 251
vsn 11 40048 1 0.589048325124 99.8832138152 169.567095865 546 124 378 147
vse 04 40021 1 4.60645876733 103.926446821 22.5610283454 405 145 400 167
vsn 11 40048 1 0.477186543454 94.1461357045 197.294196569 567 104 372 134
vse 05 40048 1 0.378456513228 90.3592169827 238.757198844 643 127 405 108
vse 03 40021 1 2.270778381 141.628139974 62.3698645181 369 177 410 130
vse 24 40009 1 0.946180430096 82.8596949601 87.5728268357 284 169 197 159
vse 04 40021 0 0.946172195165 88.8646618169 93.9201788755 514 194 425 164
vsn 37 40021 1 0.47136630762 62.9463774378 133.540256103 596 87 463 99
vsn 27 40021 1 1.36780010577 107.856914429 78.8542960149 440 209 423 132
vsn 31 40009 1 0.953958989144 96.3923516562 101.044544633 426 149 325 146
vse 28 40048 1 0.374364340545 88.3222199384 235.925835804 666 117 460 232
vse 03 40021 1 2.35561331374 138.260656077 58.6941223633 380 175 422 134
vse 05 40048 1 0.26202703644 90.5818028313 345.696398593 688 109 379 264
vse 20 40009 1 1.06123099647 79.0243080232 74.4647567645 456 145 384 164
vsn 31 40009 1 0.649570188563 70.8508093896 109.073369802 555 96 446 100
vsn 04 40009 1 0.781610652541 82.0653964769 104.995237987 545 67 445 99
vsn 04 40009 1 0.770906978741 79.496920431 103.121287812 539 64 442 99
vse 31 40021 1 6.30442349982 112.776956036 17.88854382 318 195 326 211
vse 34 40009 1 0.508419996704 96.0698565436 188.957667217 470 125 282 144
vse 04 40021 1 3.21794083842 116.603186378 36.235341864 291 205 308 173
vsn 03 40009 1 1.57447486167 96.0429665618 61.0 513 170 453 181
vse 30 40021 1 0.702641205644 104.884352123 149.271564606 320 137 469 128
vse 14 40048 1 0.470568885587 107.083117156 227.560980838 552 107 330 157
vsn 37 40021 1 1.31241165695 59.9845353602 45.7055795281 521 97 566 89
vse 08 40021 1 0.970738284488 105.525100797 108.706025592 215 200 299 269
vsn 27 40021 1 1.99918030704 104.360275861 52.2015325446 399 197 384 147
vse 22 40021 1 1.91339233917 109.331579817 57.1401785086 233 151 264 199
vse 23 40048 1 0.377851055047 88.0595644721 233.053641894 659 188 426 183
vsn 09 40021 1 3.13986610777 94.6657915501 30.1496268634 453 213 423 216
vsn 18 40021 1 1.94080047807 117.894643513 60.7453701939 462 157 429 208
vse 23 40048 1 0.410372847177 111.671191216 272.121296484 592 172 331 95
vsn 32 40021 1 0.687486966019 69.7756936284 101.493842178 334 125 435 135
vse 22 40021 1 1.72396836501 119.564383921 69.3541635376 231 179 278 230
vsn 09 40021 1 0.985651992836 105.667226316 107.205410311 543 197 441 164
vsn 26 40009 1 0.22922131448 69.8655135456 304.795013083 699 111 395 89
vsn 09 40021 1 0.57623493807 96.9462838511 168.240898714 561 158 393 149
vsn 08 40009 1 0.887391095163 107.670932173 121.334249081 495 112 374 121
vsn 09 40021 1 6.64652895105 92.3365311767 13.8924439894 464 175 457 187
vse 30 40021 0 3.20624930664 16.0312465332 5.0 456 276 456 271
vse 11 40009 1 3.17762695548 149.382267625 47.0106370942 402 126 373 163
vsn 18 40021 0 1.04224230426 82.4162616657 79.0759128939 433 233 510 251
vse 04 40021 1 2.38614628961 108.037368242 45.2769256907 340 165 379 188
vsn 30 40009 1 0.642467523425 69.4162300243 108.046286378 533 81 426 96
vse 22 40021 0 0.805631771967 83.0777858275 103.121287812 383 215 486 220
vsn 30 40009 1 0.886782694324 71.3901377489 80.5046582503 488 101 408 110
vsn 36 40021 0 1.56049692892 59.380957917 38.0525951809 370 160 372 198
vsn 16 40048 1 0.749411682895 96.5694814058 128.860389569 560 104 443 158
vse 32 40048 1 0.703122140848 87.4051809203 124.310096131 570 158 447 176
vse 37 40048 1 0.423306764061 93.3820861942 220.601450585 569 122 357 183
vsn 18 40021 0 1.0153421429 91.5217039594 90.1387818866 429 183 487 252
vse 04 40021 1 2.67978912094 104.27100448 38.9101529167 270 193 305 210
vse 28 40048 0 0.143713125709 36.3594208043 253.0 457 114 457 367
vsn 32 40021 1 2.34294264442 114.012509825 48.6621002424 285 140 293 188
vse 03 40021 1 2.41447761363 122.187835719 50.6063237155 397 183 428 143
vsn 12 40009 0 0.821128405412 60.0098256498 73.0821455624 515 314 494 244
vse 24 40009 0 2.03405183383 57.8543843796 28.4429253067 142 203 114 208
vsn 09 40021 1 0.372277730737 94.942499921 255.031370619 646 103 391 107
vsn 36 40021 1 0.691964591611 93.9646131639 135.793961574 610 148 476 126
vse 12 40021 1 1.05165263739 118.164768566 112.361025271 476 138 364 147
vse 27 40048 1 0.510855502952 116.324837988 227.705950735 638 124 421 193
vse 14 40048 1 0.35308141494 87.1739351025 246.894714403 452 215 206 236
vsn 14 40021 1 2.67414565286 120.187898912 44.9444101085 427 251 385 235
vse 22 40021 0 1.0153421429 91.5217039594 90.1387818866 429 183 487 252
vsn 09 40021 1 0.40164240435 91.5885598236 228.03508502 656 85 428 89
vse 24 40009 1 0.965550077545 82.8855991781 85.842879728 282 159 197 147
vse 04 40021 1 3.55836494845 103.437696875 29.0688837075 400 137 398 166
vsn 27 40021 1 2.71054546244 102.177138227 37.6961536499 394 186 380 151
vsn 36 40021 1 1.05251980823 84.7327474632 80.5046582503 619 110 539 101
vsn 31 40009 1 0.793687454699 72.5779333186 91.4439719172 527 90 436 99
vsn 36 40021 1 0.955811924837 77.4738483766 81.0555365166 604 133 523 130
vsn 04 40009 1 0.781610652541 82.0653964769 104.995237987 545 67 445 99
vsn 08 40009 1 0.920334590296 113.574658177 123.405834546 506 100 383 110
vsn 04 40009 1 0.736923541835 77.4366046292 105.080921199 553 68 452 97
vse 24 40009 0 0.429761322143 68.6004617432 159.624559514 359 143 485 241
vsn 33 40048 1 1.22938639657 77.8794692465 63.3482438588 566 128 504 115
vsn 07 40048 1 1.8116980072 106.33602452 58.6941223633 448 122 390 131
vse 32 40048 0 3.30893165667 75.4552511653 22.803508502 166 192 180 174
vse 14 40048 1 0.529958931099 98.7161430202 186.271307506 523 147 339 176
vse 24 40009 0 0.853825507376 82.8342766504 97.0154626851 348 222 444 208
vse 04 40021 1 3.35748593806 104.136202999 31.0161248385 397 138 398 169
vse 14 40048 1 0.425624970983 101.727929718 239.008368054 552 156 322 221
vse 05 40048 1 1.00068878443 133.856853871 133.764718816 368 193 241 235
vse 03 40021 1 2.08892516841 127.885902782 61.2209114601 387 178 435 140
vse 07 40009 1 3.58668620791 119.711529105 33.3766385366 312 109 317 142
vse 03 40021 1 2.270778381 141.628139974 62.3698645181 369 177 410 130
vse 05 40048 1 0.41933257928 103.087607794 245.8373446 632 147 388 177
vsn 27 40021 1 1.84760543393 102.936663467 55.7135531087 452 162 432 110
vsn 27 40021 1 2.71054546244 102.177138227 37.6961536499 394 186 380 151
vse 32 40048 0 1.27602517668 68.3954255973 53.600373133 431 247 439 300
vsn 27 40021 1 1.12067283681 101.654354514 90.7083237636 196 153 284 175
vse 33 40009 0 0.866087919961 69.4870277909 80.2309167341 445 327 476 253
vse 23 40048 0 6.63279968186 79.5935961823 12.0 515 251 515 239
vsn 27 40021 0 0.946172195165 88.8646618169 93.9201788755 514 194 425 164
vsn 31 40009 1 0.725782813989 78.6562415848 108.374351209 518 92 410 101
vsn 07 40048 1 2.4839583294 107.069841734 43.1045241245 462 124 419 121
vsn 34 40048 1 0.785292010298 88.5013991969 112.698713391 528 106 427 156
vse 05 40048 0 3.03982121394 79.0937880596 26.0192236625 502 210 528 211
vsn 32 40021 1 1.29727978805 106.661331211 82.2192191644 324 133 406 127
vse 31 40021 1 1.15564807982 96.577891005 83.5703296631 415 162 493 192
vsn 11 40048 1 0.655732880949 120.415841065 183.635508549 390 176 209 207
vsn 09 40021 1 2.1680349294 97.5615718231 45.0 435 228 399 201
vsn 13 40009 1 0.397525531347 79.9273497144 201.062179437 684 102 489 151
vsn 32 40021 1 0.744097176343 77.1926855447 103.740059765 421 131 520 100
vsn 30 40009 1 0.642467523425 69.4162300243 108.046286378 533 81 426 96
vse 19 40048 1 0.508423276043 116.099877258 228.352797224 497 112 298 224
vsn 30 40009 1 0.775351669997 66.5584201545 85.842879728 516 86 431 98
vsn 32 40021 1 0.868107373365 85.9382454706 98.9949493661 324 113 422 127
vse 24 40009 1 1.04335593013 100.601372142 96.4209520799 469 177 373 186
vse 22 40021 1 0.56773829133 123.167809551 216.944693413 503 205 307 298
vse 05 40048 1 0.301479181171 83.5407460419 277.102868986 687 132 422 213
vse 03 40021 1 2.35561331374 138.260656077 58.6941223633 380 175 422 134
vse 24 40009 1 0.295567901531 104.31160338 352.919254221 699 95 365 209
vsn 11 40048 1 0.604084339396 110.208561468 182.439030912 486 156 308 196
vse 19 40048 1 0.480895257833 109.074211022 226.814902509 516 109 299 175
vsn 32 40021 1 0.828890971972 74.2355050662 89.5600357302 435 102 521 77
vsn 32 40021 1 1.96215091663 124.608170172 63.5059052372 284 142 347 150
vse 03 40021 1 2.27037485362 125.26215875 55.1724568965 376 175 416 137
vse 31 40021 1 1.33194372747 121.272726663 91.0494371207 252 227 323 284
vsn 18 40021 1 1.30319755659 111.80948984 85.7962703152 315 203 250 259
vsn 31 40009 1 0.826431216948 120.658957674 146.0 185 280 295 184
vsn 09 40021 1 0.215900299359 69.7812345847 323.210457752 719 67 400 119
vse 15 40009 1 1.59115714089 113.876171883 71.5681493403 347 175 276 166
vsn 16 40048 1 0.59977301902 108.929414477 181.617730412 531 120 363 189
vsn 36 40021 1 1.32742914959 68.0234588545 51.2445119013 611 133 560 128
vse 14 40048 1 1.82702363257 89.3748887665 48.9182992345 215 249 178 281
vse 30 40021 1 0.663231815456 96.8341163717 146.003424617 322 139 468 140
vsn 31 40009 1 0.826431216948 120.658957674 146.0 185 280 295 184
vsn 20 40048 1 0.530809412941 104.355024605 196.596032513 543 83 348 108
vse 27 40048 1 0.538963643362 109.695984121 203.53132437 493 208 292 240
vsn 36 40021 1 0.72413712724 84.8353764501 117.153745139 577 142 460 136
vse 14 40048 0 0.869901719944 82.709311334 95.078914592 477 289 513 201
vse 26 40021 1 2.04700640545 110.803380843 54.1294744109 408 132 457 109
vsn 22 40009 1 1.18800236272 104.550957715 88.0056816348 370 218 282 219
vsn 09 40021 1 0.482782165931 103.302974811 213.974297522 640 102 428 131
vsn 09 40021 0 1.09489652883 82.1172396619 75.0 489 212 468 140
vsn 16 40048 1 0.496646805414 101.219738169 203.806280571 579 106 380 150
vse 26 40021 1 0.929823959066 100.889113185 108.503456166 539 131 437 94
vsn 11 40048 1 0.655732880949 120.415841065 183.635508549 390 176 209 207
vse 32 40048 0 1.23807478291 82.1712387967 66.3701740242 194 160 251 194
vse 19 40048 0 1.28078124003 102.374407624 79.9312204336 417 201 472 259
vsb 33 40021 1 0.73404797194 97.6145813986 132.981201679 359 147 489 175
vse 14 40048 1 0.35308141494 87.1739351025 246.894714403 452 215 206 236
vse 07 40009 1 3.35001712046 119.290718201 35.6089876295 336 105 314 133
vse 19 40048 1 0.599088583142 103.357973751 172.525360455 501 121 340 183
vsn 20 40048 1 0.477366715714 106.739240332 223.600089445 534 104 313 138
vse 15 40009 1 1.34035320178 127.382926031 95.0368349641 420 157 326 171
vse 11 40009 1 1.48886121303 115.949697159 77.8781098898 451 117 380 149
vsn 33 40048 1 1.68837328915 82.7991756857 49.040799341 465 184 514 186
vse 11 40009 1 1.12418952532 110.239379925 98.0612053771 448 112 352 132
vse 20 40009 1 0.993904319132 80.0139275452 80.5046582503 435 146 355 155
vsn 05 40021 1 2.88917402551 124.268073603 43.0116263352 447 157 406 144
vse 11 40009 1 1.35522583333 102.281399531 75.4718490565 454 112 390 152
vsn 36 40021 1 0.791775179424 83.5426001367 105.51303237 603 123 501 150
vse 37 40048 0 0.318592413259 8.30787370719 26.0768096208 458 299 456 273
vse 30 40021 0 3.20624930664 16.0312465332 5.0 456 276 456 271
vsn 30 40009 1 0.742253546621 66.8728841765 90.0943949422 519 83 430 97
vsn 21 40009 1 1.04070107906 82.5375032887 79.3095202356 493 136 416 155
vse 31 40021 1 1.58612128133 94.2374975177 59.4138031101 300 141 343 182
vsn 33 40048 1 0.643840689561 74.3210828557 115.433963806 581 140 466 150
vse 20 40009 1 0.993904319132 80.0139275452 80.5046582503 435 146 355 155
vse 26 40021 1 1.09658462088 98.6987078277 90.0055553841 550 106 460 107
vsn 05 40021 1 1.79505344932 124.623775381 69.4262198308 449 166 397 120
vsn 16 40048 1 0.502796247384 102.205009774 203.273215156 529 102 331 148
vse 20 40009 1 0.993904319132 80.0139275452 80.5046582503 435 146 355 155
vse 37 40048 1 0.373045026044 96.7970976845 259.478322794 557 135 302 183
vsn 12 40009 0 1.15580991481 76.2484217905 65.9696900099 576 234 512 218
vsn 33 40048 1 1.66804494141 81.8022572636 49.040799341 462 174 511 176
vsn 18 40021 1 2.29563062627 114.044563621 49.6789693935 460 149 422 181
vsn 28 40021 1 1.20940808216 105.558534152 87.2811548961 395 134 308 127
vse 16 40009 1 1.88591509322 127.044065201 67.3646791724 434 220 367 213
vse 25 40009 1 0.72223032279 118.696526586 164.347193466 196 318 277 175
vse 11 40009 1 1.12418952532 110.239379925 98.0612053771 448 112 352 132
vse 37 40048 0 2.47212853227 75.3492448334 30.4795013083 446 206 423 226
vse 25 40009 0 0.917375916681 81.4193737119 88.7524647545 536 153 487 227
vse 11 40009 1 1.37041874034 120.409828852 87.863530546 435 126 349 144
vsn 32 40021 1 1.07302502782 84.8979137947 79.1201617794 448 105 524 83
vsn 03 40009 1 0.979913969689 85.9312479466 87.6926450736 539 133 452 144
vsn 20 40048 1 0.530809412941 104.355024605 196.596032513 543 83 348 108
vse 11 40009 1 1.56511359491 112.731645828 72.0277724215 433 112 361 114
vsn 35 40009 1 3.57643686653 71.2599997342 19.9248588452 445 189 439 208
vsn 33 40048 1 0.990353456508 75.7474740013 76.4852927039 566 136 491 121
vse 15 40009 1 1.97484679646 108.040545488 54.7083174664 398 129 351 157
vse 11 40009 1 1.35522583333 102.281399531 75.4718490565 454 112 390 152
vse 20 40009 1 0.616835915339 76.5920464095 124.169239347 436 146 313 163
vse 12 40021 1 2.9646705089 115.774084406 39.0512483795 366 155 391 185
vsn 20 40048 1 0.563410653236 106.151710609 188.40912929 541 101 354 124
vse 30 40021 0 0.780142705631 19.5035676408 25.0 457 266 457 241
vse 37 40048 1 0.424759592625 90.586394131 213.265093253 542 133 331 164
vse 23 40048 1 0.410372847177 111.671191216 272.121296484 592 172 331 95
vsn 20 40048 1 0.563410653236 106.151710609 188.40912929 541 101 354 124
