0.0203495286 0.0203495286 0.0203495286 0.0203495286 4.1069611042 22.2438291844 0.0203495286 0.0203495286 0.0203495286 5.7102582974
0.0203495286 0.0203495286 0.0203495286 0.0203495286 135.3842421310 0.0203495286 0.0203495286 0.0203495286 0.0203495286 64.6564569263
0.0203495286 0.0203495286 0.0203495286 0.0203495286 65.0587291447 0.0203495286 0.0203495286 0.0203495286 0.0203495286 3.9819699125
0.0203495286 0.0203495286 0.0203495286 0.0203495286 136.1687216943 0.0203495286 0.0203495286 0.0203495286 0.0203495286 47.8719773630
0.0203495286 0.0203495286 0.0203495286 0.0203495286 34.0203495286 0.0203495286 0.0203495286 0.0203495286 0.0203495286 0.0203495286
0.0203495286 0.0203495286 0.0203495286 0.0203495286 27.0203495286 0.0203495286 0.0203495286 0.0203495286 0.0203495286 0.0203495286
0.0203495286 0.0203495286 0.0203495286 0.0203495286 36.0203495286 0.0203495286 0.0203495286 0.0203495286 0.0203495286 0.0203495286
0.0203495286 0.0203495286 0.0203495286 0.0203495286 24.0203495286 0.0203495286 0.0203495286 0.0203495286 0.0203495286 0.0203495286
0.0203495286 0.0203495286 0.0203495286 0.0203495286 34.0203495286 0.0203495286 0.0203495286 0.0203495286 0.0203495286 0.0203495286
0.0203495286 0.0203495286 0.0203495286 0.0203495286 46.6396202002 0.0203495286 0.0203495286 0.0203495286 0.0203495286 25.4010788570
0.0203495286 0.0203495286 0.0203495286 0.0203495286 21.0203495286 0.0203495286 0.0203495286 0.0203495286 0.0203495286 0.0203495286
0.0203495286 0.0203495286 0.0203495286 0.0203495286 93.3752390101 0.0203495286 0.0203495286 0.0203495286 0.0203495286 35.6654600472
0.0203495286 0.0203495286 0.0203495286 68.9544561813 8.8704374534 14.2361549513 0.0203495286 0.0203495286 0.0203495286 0.0203495286
0.0203495286 0.0203495286 0.0203495286 0.0203495286 0.0203495286 10.8526774267 0.0203495286 73.1880216306 0.0203495286 0.0203495286
0.0203495286 0.0203495286 0.0203495286 0.0203495286 21.7540065412 0.0203495286 0.0203495286 7.2866925161 0.0203495286 0.0203495286
0.0203495286 0.0203495286 0.0203495286 0.0203495286 0.0203495286 0.0203495286 0.0203495286 304.0203495286 0.0203495286 0.0203495286
0.0203495286 0.0203495286 0.0203495286 0.0203495286 25.0203495286 0.0203495286 0.0203495286 0.0203495286 0.0203495286 0.0203495286
0.0203495286 0.0203495286 0.0203495286 0.0203495286 139.0203495286 0.0203495286 0.0203495286 0.0203495286 0.0203495286 0.0203495286
0.0203495286 0.0203495286 0.0203495286 0.0203495286 0.0203495286 341.0203495286 0.0203495286 0.0203495286 0.0203495286 0.0203495286
0.0203495286 0.0203495286 0.0203495286 0.0203495286 0.0203495286 337.0203495286 0.0203495286 0.0203495286 0.0203495286 0.0203495286
0.0203495286 0.0203495286 0.0203495286 0.0203495286 0.0203495286 338.0203495286 0.0203495286 0.0203495286 0.0203495286 0.0203495286
0.0203495286 0.0203495286 0.0203495286 0.0203495286 0.0203495286 324.0203495286 0.0203495286 0.0203495286 0.0203495286 0.0203495286
0.0203495286 0.0203495286 0.0203495286 207.0203495286 0.0203495286 0.0203495286 0.0203495286 0.0203495286 0.0203495286 0.0203495286
0.0203495286 0.0203495286 0.0203495286 0.0203495286 0.0203495286 346.0203495286 0.0203495286 0.0203495286 0.0203495286 0.0203495286
0.0203495286 0.0203495286 0.0203495286 0.0203495286 8.8251496528 0.0203495286 0.0203495286 0.0203495286 0.0203495286 29.2155494045
0.0203495286 0.0203495286 0.0203495286 33.4130566587 0.0203495286 13.6179387539 0.0203495286 0.0203495286 0.0203495286 15.0300531733
0.0203495286 0.0203495286 0.0203495286 45.0984021753 0.0203495286 22.9422968820 0.0203495286 0.0203495286 0.0203495286 0.0203495286
0.0203495286 0.0203495286 0.0203495286 0.0203495286 53.0203495286 0.0203495286 0.0203495286 0.0203495286 0.0203495286 0.0203495286
0.0203495286 0.0203495286 0.0203495286 0.0203495286 266.0203495286 0.0203495286 0.0203495286 0.0203495286 0.0203495286 0.0203495286
0.0203495286 0.0203495286 0.0203495286 0.0203495286 151.0203495286 0.0203495286 0.0203495286 0.0203495286 0.0203495286 0.0203495286
0.0203495286 0.0203495286 0.0203495286 0.0203495286 123.0203495286 0.0203495286 0.0203495286 0.0203495286 0.0203495286 0.0203495286
0.0203495286 0.0203495286 0.0203495286 0.0203495286 39.9387219054 0.0203495286 0.0203495286 0.0203495286 0.0203495286 27.1019771519
0.0203495286 0.0203495286 0.0203495286 0.0203495286 10.7863372267 0.0203495286 0.0203495286 14.3168016469 28.9579097123 0.0203495286
17.2921237122 0.0203495286 0.0203495286 83.7485753451 0.0203495286 0.0203495286 0.0203495286 0.0203495286 0.0203495286 0.0203495286
0.0203495286 0.0203495286 0.0203495286 0.0203495286 0.0203495286 0.0203495286 0.0203495286 54.0203495286 0.0203495286 0.0203495286
0.0203495286 0.0203495286 0.0203495286 0.0203495286 11.0203495286 0.0203495286 0.0203495286 0.0203495286 0.0203495286 0.0203495286
0.0203495286 0.0203495286 0.0203495286 0.0203495286 112.0203495286 0.0203495286 0.0203495286 0.0203495286 0.0203495286 0.0203495286
0.0203495286 351.0203495286 0.0203495286 0.0203495286 0.0203495286 0.0203495286 0.0203495286 0.0203495286 0.0203495286 0.0203495286
0.0203495286 0.0203495286 0.0203495286 0.0203495286 0.0203495286 58.8622755292 0.0203495286 276.1784235281 0.0203495286 0.0203495286
0.0203495286 0.0203495286 0.0203495286 0.0203495286 63.7512951093 0.0203495286 0.0203495286 0.0203495286 0.0203495286 80.2894039480
0.0203495286 0.0203495286 0.0203495286 0.0203495286 16.0203495286 0.0203495286 0.0203495286 0.0203495286 0.0203495286 0.0203495286
0.0203495286 0.0203495286 0.0203495286 0.0203495286 14.8320159640 0.0203495286 0.0203495286 0.0203495286 53.2086830933 0.0203495286
0.0203495286 0.0203495286 0.0203495286 0.0203495286 29.0203495286 0.0203495286 0.0203495286 0.0203495286 0.0203495286 0.0203495286
0.0203495286 0.0203495286 0.0203495286 29.0308713784 8.0098276789 0.0203495286 0.0203495286 0.0203495286 0.0203495286 0.0203495286
0.0203495286 0.0203495286 0.0203495286 0.0203495286 0.0203495286 0.0203495286 0.0203495286 32.0203495286 0.0203495286 0.0203495286
0.0203495286 5.6080287761 0.0203495286 130.8714047820 9.5816150277 0.0203495286 0.0203495286 0.0203495286 0.0203495286 0.0203495286
0.0203495286 0.0203495286 0.0203495286 293.0203495286 0.0203495286 0.0203495286 0.0203495286 0.0203495286 0.0203495286 0.0203495286
0.0203495286 0.0203495286 0.0203495286 0.0203495286 112.2804400283 17.7602590290 0.0203495286 0.0203495286 0.0203495286 0.0203495286
0.0203495286 0.0203495286 0.0203495286 0.0203495286 97.6898209567 16.3508781006 0.0203495286 0.0203495286 0.0203495286 0.0203495286
149.0203495286 0.0203495286 0.0203495286 0.0203495286 0.0203495286 0.0203495286 0.0203495286 0.0203495286 0.0203495286 0.0203495286
0.0203495286 0.0203495286 0.0203495286 0.0203495286 24.0203495286 0.0203495286 0.0203495286 0.0203495286 0.0203495286 0.0203495286
0.0203495286 0.0203495286 0.0203495286 0.0203495286 0.0203495286 0.0203495286 0.0203495286 0.0203495286 0.0203495286 169.0203495286
0.0203495286 0.0203495286 0.0203495286 0.0203495286 0.0203495286 0.0203495286 384.0203495286 0.0203495286 0.0203495286 0.0203495286
36.9626674740 0.0203495286 0.0203495286 0.0203495286 59.0780315833 0.0203495286 0.0203495286 0.0203495286 0.0203495286 0.0203495286
0.0203495286 359.0203495286 0.0203495286 0.0203495286 0.0203495286 0.0203495286 0.0203495286 0.0203495286 0.0203495286 0.0203495286
0.0203495286 0.0203495286 0.0203495286 0.0203495286 0.0203495286 0.0203495286 0.0203495286 460.0203495286 0.0203495286 0.0203495286
0.0203495286 0.0203495286 0.0203495286 0.0203495286 104.1201046208 56.1654151028 0.0203495286 0.0203495286 0.0203495286 141.7755288623
30.6765142018 0.0203495286 0.0203495286 23.8483210916 39.5362132925 0.0203495286 0.0203495286 0.0203495286 0.0203495286 0.0203495286
0.0203495286 0.0203495286 0.0203495286 0.0203495286 0.0203495286 0.0203495286 0.0203495286 343.0203495286 0.0203495286 0.0203495286
0.0203495286 0.0203495286 0.0203495286 0.0203495286 0.0203495286 0.0203495286 0.0203495286 0.0203495286 392.0203495286 0.0203495286
0.0203495286 0.0203495286 0.0203495286 0.0203495286 35.8846897038 0.0203495286 63.1560093535 0.0203495286 0.0203495286 0.0203495286
0.0203495286 0.0203495286 0.0203495286 101.7487242547 0.0203495286 0.0203495286 0.0203495286 10.2919748026 0.0203495286 0.0203495286
65.0203495286 0.0203495286 0.0203495286 0.0203495286 0.0203495286 0.0203495286 0.0203495286 0.0203495286 0.0203495286 0.0203495286
0.0203495286 0.0203495286 0.0203495286 0.0203495286 91.9442188475 7.0964802098 0.0203495286 0.0203495286 0.0203495286 0.0203495286
0.0203495286 0.0203495286 0.0203495286 0.0203495286 53.0203495286 0.0203495286 0.0203495286 0.0203495286 0.0203495286 0.0203495286
0.0203495286 0.0203495286 0.0203495286 0.0203495286 16.0203495286 0.0203495286 0.0203495286 0.0203495286 0.0203495286 0.0203495286
0.0203495286 0.0203495286 6.2544260081 0.0203495286 52.7862730492 0.0203495286 0.0203495286 0.0203495286 0.0203495286 0.0203495286
0.0203495286 0.0203495286 0.0203495286 0.0203495286 14.0203495286 0.0203495286 0.0203495286 0.0203495286 0.0203495286 0.0203495286
0.0203495286 0.0203495286 0.0203495286 0.0203495286 185.6268541454 0.0203495286 0.0203495286 0.0203495286 0.0203495286 1.4138449119
0.0203495286 0.0203495286 0.0203495286 0.0203495286 80.2698327713 0.0203495286 105.7708662860 0.0203495286 0.0203495286 0.0203495286
101.6849773206 0.0203495286 0.0203495286 0.0203495286 97.3557217366 0.0203495286 0.0203495286 0.0203495286 0.0203495286 0.0203495286
0.0203495286 0.0203495286 0.0203495286 155.0203495286 0.0203495286 0.0203495286 0.0203495286 0.0203495286 0.0203495286 0.0203495286
48.6147949072 0.0203495286 0.0203495286 0.0203495286 0.0203495286 101.3647056333 0.0203495286 0.0203495286 78.0815480454 0.0203495286
0.0203495286 0.0203495286 88.0203495286 0.0203495286 0.0203495286 0.0203495286 0.0203495286 0.0203495286 0.0203495286 0.0203495286
0.0203495286 0.0203495286 0.0203495286 0.0203495286 13.1089477922 15.1938507782 0.0203495286 94.7582500156 0.0203495286 0.0203495286
0.0203495286 0.0203495286 0.0203495286 0.0203495286 0.0203495286 0.0203495286 0.0203495286 285.0203495286 0.0203495286 0.0203495286
0.0203495286 0.0203495286 0.0203495286 0.0203495286 115.0203495286 0.0203495286 0.0203495286 0.0203495286 0.0203495286 0.0203495286
0.0203495286 0.0203495286 320.0203495286 0.0203495286 0.0203495286 0.0203495286 0.0203495286 0.0203495286 0.0203495286 0.0203495286
0.0203495286 0.0203495286 0.0203495286 463.0203495286 0.0203495286 0.0203495286 0.0203495286 0.0203495286 0.0203495286 0.0203495286
0.0203495286 0.0203495286 0.0203495286 0.0203495286 37.0203495286 0.0203495286 0.0203495286 0.0203495286 0.0203495286 0.0203495286
0.0203495286 0.0203495286 0.0203495286 274.0203495286 0.0203495286 0.0203495286 0.0203495286 0.0203495286 0.0203495286 0.0203495286
0.0203495286 0.0203495286 299.0203495286 0.0203495286 0.0203495286 0.0203495286 0.0203495286 0.0203495286 0.0203495286 0.0203495286
0.0203495286 0.0203495286 70.0203495286 0.0203495286 0.0203495286 0.0203495286 0.0203495286 0.0203495286 0.0203495286 0.0203495286
0.0203495286 0.0203495286 0.0203495286 0.0203495286 0.0203495286 0.0203495286 0.0203495286 0.0203495286 82.0203495286 0.0203495286
38.2599353503 0.0203495286 31.7807637070 0.0203495286 0.0203495286 0.0203495286 0.0203495286 0.0203495286 0.0203495286 0.0203495286
232.0203495286 0.0203495286 0.0203495286 0.0203495286 0.0203495286 0.0203495286 0.0203495286 0.0203495286 0.0203495286 0.0203495286
0.0203495286 0.0203495286 31.7125352818 0.0203495286 0.0203495286 0.0203495286 0.0203495286 0.0203495286 0.0203495286 40.3281637755
0.0203495286 0.0203495286 0.0203495286 0.0203495286 96.0203495286 0.0203495286 0.0203495286 0.0203495286 0.0203495286 0.0203495286
0.0203495286 0.0203495286 352.0203495286 0.0203495286 0.0203495286 0.0203495286 0.0203495286 0.0203495286 0.0203495286 0.0203495286
0.0203495286 0.0203495286 0.0203495286 0.0203495286 54.0203495286 0.0203495286 0.0203495286 0.0203495286 0.0203495286 0.0203495286
0.0203495286 0.0203495286 0.0203495286 0.0203495286 0.0203495286 0.0203495286 0.0203495286 0.0203495286 77.0203495286 0.0203495286
0.0203495286 0.0203495286 17.8033155947 0.0203495286 0.0203495286 0.0203495286 0.0203495286 0.0203495286 0.0203495286 6.2373834626
0.0203495286 21.5796514856 0.0203495286 32.1123156081 0.0203495286 0.0203495286 0.0203495286 0.0203495286 0.0203495286 18.3690814922
0.0203495286 0.0203495286 0.0203495286 0.0203495286 0.0203495286 0.0203495286 0.0203495286 0.0203495286 164.0203495286 0.0203495286
0.0203495286 0.0203495286 13.0988311038 0.0203495286 0.0203495286 0.0203495286 0.0203495286 0.0203495286 0.0203495286 11.9418679534
0.0203495286 0.0203495286 0.0203495286 0.0203495286 0.0203495286 0.0203495286 0.0203495286 0.0203495286 0.0203495286 325.0203495286
0.0203495286 0.0203495286 77.9492991037 147.0709454890 45.0108886027 0.0203495286 0.0203495286 0.0203495286 27.0502649192 0.0203495286
0.0203495286 0.0203495286 51.9007349613 0.0203495286 0.0203495286 0.0203495286 364.1399640960 0.0203495286 0.0203495286 0.0203495286
0.0203495286 0.0203495286 20.2036219952 0.0203495286 13.2311122648 0.0203495286 0.0203495286 0.0203495286 93.6263143260 0.0203495286
0.0203495286 0.0203495286 0.0203495286 0.0203495286 54.0623597557 0.0203495286 0.0203495286 0.0203495286 0.0203495286 26.9783393016
23.0203495286 0.0203495286 0.0203495286 0.0203495286 0.0203495286 0.0203495286 0.0203495286 0.0203495286 0.0203495286 0.0203495286
0.0203495286 0.0203495286 0.0203495286 0.0203495286 0.0203495286 0.0203495286 387.0203495286 0.0203495286 0.0203495286 0.0203495286
0.0203495286 0.0203495286 0.0203495286 0.0203495286 24.0203495286 0.0203495286 0.0203495286 0.0203495286 0.0203495286 0.0203495286
0.0203495286 0.0203495286 71.0203495286 0.0203495286 0.0203495286 0.0203495286 0.0203495286 0.0203495286 0.0203495286 0.0203495286
0.0203495286 0.0203495286 0.0203495286 11.2459446099 0.0203495286 5.0515823686 0.0203495286 10.7635216074 0.0203495286 0.0203495286
0.0203495286 0.0203495286 14.2435248135 0.0203495286 77.3902524590 0.0203495286 0.0203495286 0.0203495286 23.4272713134 0.0203495286
0.0203495286 0.0203495286 0.0203495286 0.0203495286 0.0203495286 8.7318736760 0.0203495286 0.0203495286 197.3088253813 0.0203495286
0.0203495286 0.0203495286 0.0203495286 9.2591996470 9.7814994103 0.0203495286 0.0203495286 0.0203495286 0.0203495286 0.0203495286
280.0203495286 0.0203495286 0.0203495286 0.0203495286 0.0203495286 0.0203495286 0.0203495286 0.0203495286 0.0203495286 0.0203495286
0.0203495286 0.0203495286 0.0203495286 0.0203495286 0.0203495286 0.0203495286 273.0203495286 0.0203495286 0.0203495286 0.0203495286
0.0203495286 0.0203495286 0.0203495286 0.0203495286 0.0203495286 0.0203495286 0.0203495286 0.0203495286 146.0203495286 0.0203495286
6.5763104027 0.0203495286 13.5512883587 0.0203495286 0.0203495286 0.0203495286 0.0203495286 0.0203495286 0.0203495286 3.9334498245
0.0203495286 0.0203495286 0.0203495286 0.0203495286 27.0203495286 0.0203495286 0.0203495286 0.0203495286 0.0203495286 0.0203495286
0.0203495286 0.0203495286 0.0203495286 0.0203495286 0.0203495286 0.0203495286 0.0203495286 146.0203495286 0.0203495286 0.0203495286
0.0203495286 0.0203495286 0.0203495286 0.0203495286 64.0203495286 0.0203495286 0.0203495286 0.0203495286 0.0203495286 0.0203495286
0.0203495286 0.0203495286 0.0203495286 0.0203495286 59.0203495286 0.0203495286 0.0203495286 0.0203495286 0.0203495286 0.0203495286
0.0203495286 0.0203495286 0.0203495286 0.0203495286 0.0203495286 0.0203495286 0.0203495286 0.0203495286 114.0203495286 0.0203495286
0.0203495286 0.0203495286 0.0203495286 0.0203495286 0.0203495286 0.0203495286 201.0203495286 0.0203495286 0.0203495286 0.0203495286
0.0203495286 0.0203495286 0.0203495286 0.0203495286 0.0203495286 0.0203495286 201.0203495286 0.0203495286 0.0203495286 0.0203495286
0.0203495286 0.0203495286 0.0203495286 0.0203495286 100.0203495286 0.0203495286 0.0203495286 0.0203495286 0.0203495286 0.0203495286
89.9646724260 0.0203495286 0.0203495286 0.0203495286 0.0203495286 0.0203495286 0.0203495286 0.0203495286 21.0760266313 0.0203495286
0.0203495286 0.0203495286 0.0203495286 0.0203495286 0.0203495286 0.0203495286 0.0203495286 0.0203495286 315.0203495286 0.0203495286
0.0203495286 0.0203495286 125.0203495286 0.0203495286 0.0203495286 0.0203495286 0.0203495286 0.0203495286 0.0203495286 0.0203495286
0.0203495286 0.0203495286 0.0203495286 0.0203495286 19.9009642262 0.0203495286 0.0203495286 0.0203495286 46.1397348311 0.0203495286
0.0203495286 0.0203495286 0.0203495286 0.0203495286 0.0203495286 0.0203495286 0.0203495286 0.0203495286 0.0203495286 348.0203495286
0.0203495286 0.0203495286 104.0129102025 0.0203495286 0.0203495286 13.0277888548 0.0203495286 0.0203495286 0.0203495286 0.0203495286
