-569.48648
-331.17581
-318.57356
-561.80720
-682.13228
-504.48053
-651.39789
-113.63106
-256.84050
-612.63172
-143.95674
-856.92440
-488.67206
-2940.24324
-1863.67409
-774.14173
-1155.18666
-377.15295
-2091.74746
-180.50991
-294.56814
-624.66854
-717.21571
-1891.47984
-1891.47984
-434.67793
-233.17069
-374.94503
-112.79475
-359.13952
-323.44815
-1442.70067
-1007.35500
-881.27215
-2426.98990
-2426.98990
-4123.59407
-942.85098
-555.93669
-2435.47750
-941.74237
-1425.85040
-718.35422
-382.70998
-1727.44752
-2387.06901
-259.61109
-1885.61728
-1226.36461
-388.12580
-255.87567
-555.54845
-426.42303
-1684.70925
-482.60472
-649.69926
-558.43958
-2089.46531
-934.75644
-1519.57868
-538.60258
-684.20292
-2141.99789
-569.34442
-711.76677
-711.76677
-451.16477
