-187.45401
-1137.79378
-380.35602
-1046.66184
-173.72377
-133.29887
-180.85858
-118.87322
-164.28052
-407.13955
-105.93922
-735.49347
-583.79675
-506.45598
-164.41424
-1867.62276
-128.06281
-770.17428
-1834.10320
-1800.84550
-1798.09671
-1738.53363
-1326.22634
-1880.73041
-216.89043
-365.46002
-399.81357
-278.15762
-1573.98168
-937.28188
-649.75077
-387.03509
-353.07337
-623.50949
-359.78923
-59.96191
-620.25416
-1902.90082
-2035.85337
-856.91299
-80.37511
-412.86842
-155.62958
-221.49564
-217.54912
-905.14897
-1829.10720
-722.57328
-622.08802
-857.59752
-130.01778
-1040.04508
-2536.33414
-592.51652
-1946.30214
-2824.39451
-1767.57939
-635.49194
-2156.18042
-2273.84296
-621.91148
-716.68952
-390.61978
-590.71976
-282.40587
-78.33639
-335.31855
-69.75954
-1087.74916
-1172.73942
-1182.31813
-953.57481
-1410.09055
-532.48978
-777.85622
-1762.29220
-626.30951
-1923.29633
-2996.78599
-199.46176
-1651.22907
-1702.30406
-408.75608
-446.11851
-435.68630
-1350.30582
-437.99863
-555.47819
-2033.23329
-281.44092
-444.75740
-147.05922
-472.26711
-1055.37676
-151.11536
-1953.19049
-1878.52343
-2739.21616
-792.26921
-465.71256
-140.55082
-2519.56288
-131.45478
-453.65658
-169.85834
-671.20626
-1224.95444
-116.36219
-1712.57181
-1742.27504
-885.17114
-157.41564
-156.19107
-933.38915
-342.93063
-310.65516
-659.94948
-1197.24160
-1197.24160
-571.86908
-644.47277
-1896.07895
-748.92094
-411.38366
-1968.64681
-715.91445
