8.0117496167 0.0105194720 12.5360937801 11.4837150190 0.0105194720 0.0105194720 0.0105194720 0.0105194720 0.0105194720 0.0105194720 0.0105194720 0.0105194720 0.0105194720 0.0105194720 0.0105194720 0.0105194720 0.0105194720 0.0105194720 0.0105194720 0.0105194720
0.0105194720 0.0105194720 0.0105194720 0.0105194720 0.0105194720 0.0105194720 0.0105194720 0.0105194720 0.0105194720 0.0105194720 0.0105194720 0.0105194720 0.0105194720 0.0105194720 0.0105194720 0.0105194720 200.0105194720 0.0105194720 0.0105194720 0.0105194720
69.0105194720 0.0105194720 0.0105194720 0.0105194720 0.0105194720 0.0105194720 0.0105194720 0.0105194720 0.0105194720 0.0105194720 0.0105194720 0.0105194720 0.0105194720 0.0105194720 0.0105194720 0.0105194720 0.0105194720 0.0105194720 0.0105194720 0.0105194720
49.5438893809 0.0105194720 0.0105194720 0.0105194720 0.0105194720 0.0105194720 0.0105194720 0.0105194720 0.0105194720 0.0105194720 0.0105194720 0.0105194720 0.0105194720 0.0105194720 0.0105194720 0.0105194720 134.4771495630 0.0105194720 0.0105194720 0.0105194720
21.2123734949 0.0105194720 0.0105194720 0.0105194720 0.0105194720 0.0105194720 0.0105194720 0.0105194720 0.0105194720 0.0105194720 0.0105194720 0.0105194720 0.0105194720 0.0105194720 12.8086654490 0.0105194720 0.0105194720 0.0105194720 0.0105194720 0.0105194720
6.2832464118 0.0105194720 0.0105194720 0.0105194720 0.0105194720 0.0105194720 0.0105194720 0.0105194720 0.0105194720 0.0105194720 0.0105194720 0.0105194720 0.0105194720 0.0105194720 20.7377925321 0.0105194720 0.0105194720 0.0105194720 0.0105194720 0.0105194720
5.1740327839 0.0105194720 0.0105194720 0.0105194720 0.0105194720 0.0105194720 0.0105194720 0.0105194720 0.0105194720 0.0105194720 0.0105194720 0.0105194720 0.0105194720 0.0105194720 30.8470061600 0.0105194720 0.0105194720 0.0105194720 0.0105194720 0.0105194720
0.0105194720 0.0105194720 0.0105194720 0.0105194720 0.0105194720 0.0105194720 0.0105194720 0.0105194720 0.0105194720 0.0105194720 0.0105194720 0.0105194720 0.0105194720 0.0105194720 24.0105194720 0.0105194720 0.0105194720 0.0105194720 0.0105194720 0.0105194720
10.3631553871 0.0105194720 0.0105194720 0.0105194720 0.0105194720 0.0105194720 0.0105194720 0.0105194720 0.0105194720 0.0105194720 0.0105194720 0.0105194720 0.0105194720 0.0105194720 23.6578835568 0.0105194720 0.0105194720 0.0105194720 0.0105194720 0.0105194720
35.5071258567 0.0105194720 0.0105194720 0.0105194720 0.0105194720 0.0105194720 0.0105194720 0.0105194720 0.0105194720 0.0105194720 0.0105194720 0.0105194720 0.0105194720 0.0105194720 0.0105194720 0.0105194720 36.5139130872 0.0105194720 0.0105194720 0.0105194720
21.0105194720 0.0105194720 0.0105194720 0.0105194720 0.0105194720 0.0105194720 0.0105194720 0.0105194720 0.0105194720 0.0105194720 0.0105194720 0.0105194720 0.0105194720 0.0105194720 0.0105194720 0.0105194720 0.0105194720 0.0105194720 0.0105194720 0.0105194720
35.2423144421 0.0105194720 0.0105194720 0.0105194720 0.0105194720 0.0105194720 0.0105194720 0.0105194720 0.0105194720 0.0105194720 0.0105194720 0.0105194720 0.0105194720 0.0105194720 0.0105194720 0.0105194720 93.7787245018 0.0105194720 0.0105194720 0.0105194720
0.0105194720 0.0105194720 0.0105194720 0.0105194720 0.0105194720 0.0105194720 7.9920610429 0.0105194720 0.0105194720 0.0105194720 0.0105194720 0.0105194720 0.0105194720 0.0105194720 0.0105194720 0.0105194720 0.0105194720 0.0105194720 84.0289779010 0.0105194720
0.0105194720 0.0105194720 84.0105194720 0.0105194720 0.0105194720 0.0105194720 0.0105194720 0.0105194720 0.0105194720 0.0105194720 0.0105194720 0.0105194720 0.0105194720 0.0105194720 0.0105194720 0.0105194720 0.0105194720 0.0105194720 0.0105194720 0.0105194720
23.9778807314 0.0105194720 5.0431582125 0.0105194720 0.0105194720 0.0105194720 0.0105194720 0.0105194720 0.0105194720 0.0105194720 0.0105194720 0.0105194720 0.0105194720 0.0105194720 0.0105194720 0.0105194720 0.0105194720 0.0105194720 0.0105194720 0.0105194720
0.0105194720 0.0105194720 304.0105194720 0.0105194720 0.0105194720 0.0105194720 0.0105194720 0.0105194720 0.0105194720 0.0105194720 0.0105194720 0.0105194720 0.0105194720 0.0105194720 0.0105194720 0.0105194720 0.0105194720 0.0105194720 0.0105194720 0.0105194720
12.8240413752 0.0105194720 0.0105194720 0.0105194720 0.0105194720 0.0105194720 0.0105194720 0.0105194720 0.0105194720 0.0105194720 0.0105194720 0.0105194720 0.0105194720 0.0105194720 12.1969975687 0.0105194720 0.0105194720 0.0105194720 0.0105194720 0.0105194720
139.0105194720 0.0105194720 0.0105194720 0.0105194720 0.0105194720 0.0105194720 0.0105194720 0.0105194720 0.0105194720 0.0105194720 0.0105194720 0.0105194720 0.0105194720 0.0105194720 0.0105194720 0.0105194720 0.0105194720 0.0105194720 0.0105194720 0.0105194720
0.0105194720 0.0105194720 0.0105194720 341.0105194720 0.0105194720 0.0105194720 0.0105194720 0.0105194720 0.0105194720 0.0105194720 0.0105194720 0.0105194720 0.0105194720 0.0105194720 0.0105194720 0.0105194720 0.0105194720 0.0105194720 0.0105194720 0.0105194720
0.0105194720 0.0105194720 0.0105194720 337.0105194720 0.0105194720 0.0105194720 0.0105194720 0.0105194720 0.0105194720 0.0105194720 0.0105194720 0.0105194720 0.0105194720 0.0105194720 0.0105194720 0.0105194720 0.0105194720 0.0105194720 0.0105194720 0.0105194720
0.0105194720 0.0105194720 0.0105194720 338.0105194720 0.0105194720 0.0105194720 0.0105194720 0.0105194720 0.0105194720 0.0105194720 0.0105194720 0.0105194720 0.0105194720 0.0105194720 0.0105194720 0.0105194720 0.0105194720 0.0105194720 0.0105194720 0.0105194720
0.0105194720 0.0105194720 0.0105194720 324.0105194720 0.0105194720 0.0105194720 0.0105194720 0.0105194720 0.0105194720 0.0105194720 0.0105194720 0.0105194720 0.0105194720 0.0105194720 0.0105194720 0.0105194720 0.0105194720 0.0105194720 0.0105194720 0.0105194720
0.0105194720 0.0105194720 0.0105194720 0.0105194720 0.0105194720 0.0105194720 207.0105194720 0.0105194720 0.0105194720 0.0105194720 0.0105194720 0.0105194720 0.0105194720 0.0105194720 0.0105194720 0.0105194720 0.0105194720 0.0105194720 0.0105194720 0.0105194720
0.0105194720 0.0105194720 0.0105194720 346.0105194720 0.0105194720 0.0105194720 0.0105194720 0.0105194720 0.0105194720 0.0105194720 0.0105194720 0.0105194720 0.0105194720 0.0105194720 0.0105194720 0.0105194720 0.0105194720 0.0105194720 0.0105194720 0.0105194720
0.0105194720 0.0105194720 0.0105194720 0.0105194720 0.0105194720 0.0105194720 0.0105194720 0.0105194720 0.0105194720 0.0105194720 0.0105194720 0.0105194720 0.0105194720 0.0105194720 0.0105194720 0.0105194720 0.0105194720 35.0229933522 2.9980455917 0.0105194720
0.0105194720 0.0105194720 28.5128220337 0.0105194720 0.0105194720 0.0105194720 0.0105194720 0.0105194720 0.0105194720 0.0105194720 0.0105194720 0.0105194720 0.0105194720 0.0105194720 0.0105194720 0.0105194720 0.0105194720 0.0105194720 33.5082169102 0.0105194720
15.6492474163 0.0105194720 0.0105194720 18.7794055626 0.0105194720 0.0105194720 33.6029054370 0.0105194720 0.0105194720 0.0105194720 0.0105194720 0.0105194720 0.0105194720 0.0105194720 0.0105194720 0.0105194720 0.0105194720 0.0105194720 0.0105194720 0.0105194720
53.0105194720 0.0105194720 0.0105194720 0.0105194720 0.0105194720 0.0105194720 0.0105194720 0.0105194720 0.0105194720 0.0105194720 0.0105194720 0.0105194720 0.0105194720 0.0105194720 0.0105194720 0.0105194720 0.0105194720 0.0105194720 0.0105194720 0.0105194720
266.0105194720 0.0105194720 0.0105194720 0.0105194720 0.0105194720 0.0105194720 0.0105194720 0.0105194720 0.0105194720 0.0105194720 0.0105194720 0.0105194720 0.0105194720 0.0105194720 0.0105194720 0.0105194720 0.0105194720 0.0105194720 0.0105194720 0.0105194720
0.0105194720 0.0105194720 0.0105194720 0.0105194720 0.0105194720 0.0105194720 0.0105194720 0.0105194720 0.0105194720 0.0105194720 0.0105194720 0.0105194720 0.0105194720 0.0105194720 0.0105194720 0.0105194720 0.0105194720 151.0105194720 0.0105194720 0.0105194720
54.6949929230 0.0105194720 0.0105194720 0.0105194720 0.0105194720 0.0105194720 0.0105194720 0.0105194720 0.0105194720 0.0105194720 0.0105194720 0.0105194720 0.0105194720 0.0105194720 40.3334024645 0.0105194720 0.0105194720 28.0031630284 0.0105194720 0.0105194720
67.0105194720 0.0105194720 0.0105194720 0.0105194720 0.0105194720 0.0105194720 0.0105194720 0.0105194720 0.0105194720 0.0105194720 0.0105194720 0.0105194720 0.0105194720 0.0105194720 0.0105194720 0.0105194720 0.0105194720 0.0105194720 0.0105194720 0.0105194720
0.0105194720 0.0105194720 0.0105194720 0.0105194720 0.0105194720 0.0105194720 0.0105194720 0.0105194720 0.0105194720 0.0105194720 0.0105194720 0.0105194720 46.8659887699 0.0105194720 0.0105194720 0.0105194720 0.0105194720 7.1550501740 0.0105194720 0.0105194720
0.0105194720 0.0105194720 0.0105194720 0.0105194720 0.0105194720 0.0105194720 0.0105194720 89.2668948073 0.0105194720 0.0105194720 0.0105194720 11.7541441366 0.0105194720 0.0105194720 0.0105194720 0.0105194720 0.0105194720 0.0105194720 0.0105194720 0.0105194720
0.0105194720 0.0105194720 0.0105194720 0.0105194720 0.0105194720 0.0105194720 0.0105194720 0.0105194720 54.0105194720 0.0105194720 0.0105194720 0.0105194720 0.0105194720 0.0105194720 0.0105194720 0.0105194720 0.0105194720 0.0105194720 0.0105194720 0.0105194720
11.0105194720 0.0105194720 0.0105194720 0.0105194720 0.0105194720 0.0105194720 0.0105194720 0.0105194720 0.0105194720 0.0105194720 0.0105194720 0.0105194720 0.0105194720 0.0105194720 0.0105194720 0.0105194720 0.0105194720 0.0105194720 0.0105194720 0.0105194720
112.0105194720 0.0105194720 0.0105194720 0.0105194720 0.0105194720 0.0105194720 0.0105194720 0.0105194720 0.0105194720 0.0105194720 0.0105194720 0.0105194720 0.0105194720 0.0105194720 0.0105194720 0.0105194720 0.0105194720 0.0105194720 0.0105194720 0.0105194720
0.0105194720 0.0105194720 0.0105194720 0.0105194720 351.0105194720 0.0105194720 0.0105194720 0.0105194720 0.0105194720 0.0105194720 0.0105194720 0.0105194720 0.0105194720 0.0105194720 0.0105194720 0.0105194720 0.0105194720 0.0105194720 0.0105194720 0.0105194720
0.0105194720 0.0105194720 0.0105194720 33.6844915093 0.0105194720 0.0105194720 0.0105194720 0.0105194720 0.0105194720 0.0105194720 0.0105194720 0.0105194720 0.0105194720 0.0105194720 0.0105194720 301.3365474346 0.0105194720 0.0105194720 0.0105194720 0.0105194720
0.0105194720 0.0105194720 0.0105194720 0.0105194720 0.0105194720 0.0105194720 0.0105194720 0.0105194720 0.0105194720 0.0105194720 0.0105194720 0.0105194720 0.0105194720 0.0105194720 0.0105194720 0.0105194720 22.5243734235 121.4966655204 0.0105194720 0.0105194720
0.0105194720 0.0105194720 0.0105194720 0.0105194720 0.0105194720 0.0105194720 0.0105194720 0.0105194720 0.0105194720 0.0105194720 0.0105194720 0.0105194720 0.0105194720 0.0105194720 16.0105194720 0.0105194720 0.0105194720 0.0105194720 0.0105194720 0.0105194720
0.0105194720 0.0105194720 0.0105194720 0.0105194720 0.0105194720 0.0105194720 0.0105194720 0.0105194720 0.0105194720 0.0105194720 64.9747196390 0.0105194720 3.0463193049 0.0105194720 0.0105194720 0.0105194720 0.0105194720 0.0105194720 0.0105194720 0.0105194720
0.0105194720 0.0105194720 0.0105194720 0.0105194720 0.0105194720 0.0105194720 0.0105194720 0.0105194720 0.0105194720 0.0105194720 0.0105194720 0.0105194720 0.0105194720 0.0105194720 29.0105194720 0.0105194720 0.0105194720 0.0105194720 0.0105194720 0.0105194720
0.0105194720 0.0105194720 0.0105194720 0.0105194720 0.0105194720 0.0105194720 0.0105194720 14.0177419653 0.0105194720 0.0105194720 0.0105194720 0.0105194720 0.0105194720 0.0105194720 23.0032969786 0.0105194720 0.0105194720 0.0105194720 0.0105194720 0.0105194720
0.0105194720 0.0105194720 0.0105194720 0.0105194720 0.0105194720 0.0105194720 0.0105194720 0.0105194720 0.0105194720 0.0105194720 0.0105194720 0.0105194720 0.0105194720 0.0105194720 0.0105194720 0.0105194720 0.0105194720 32.0105194720 0.0105194720 0.0105194720
0.0105194720 0.0105194720 0.0105194720 0.0105194720 0.0105194720 0.0105194720 146.0105194720 0.0105194720 0.0105194720 0.0105194720 0.0105194720 0.0105194720 0.0105194720 0.0105194720 0.0105194720 0.0105194720 0.0105194720 0.0105194720 0.0105194720 0.0105194720
0.0105194720 0.0105194720 0.0105194720 0.0105194720 0.0105194720 0.0105194720 0.0105194720 293.0105194720 0.0105194720 0.0105194720 0.0105194720 0.0105194720 0.0105194720 0.0105194720 0.0105194720 0.0105194720 0.0105194720 0.0105194720 0.0105194720 0.0105194720
15.1258446644 0.0105194720 0.0105194720 0.0105194720 0.0105194720 0.0105194720 0.0105194720 0.0105194720 0.0105194720 0.0105194720 0.0105194720 0.0105194720 0.0105194720 0.0105194720 0.0105194720 0.0105194720 0.0105194720 0.0105194720 114.8951942795 0.0105194720
7.8179410930 0.0105194720 0.0105194720 0.0105194720 0.0105194720 0.0105194720 0.0105194720 0.0105194720 0.0105194720 0.0105194720 0.0105194720 0.0105194720 0.0105194720 0.0105194720 0.0105194720 0.0105194720 0.0105194720 0.0105194720 106.2030978509 0.0105194720
0.0105194720 0.0105194720 149.0105194720 0.0105194720 0.0105194720 0.0105194720 0.0105194720 0.0105194720 0.0105194720 0.0105194720 0.0105194720 0.0105194720 0.0105194720 0.0105194720 0.0105194720 0.0105194720 0.0105194720 0.0105194720 0.0105194720 0.0105194720
0.0105194720 0.0105194720 0.0105194720 0.0105194720 0.0105194720 0.0105194720 0.0105194720 0.0105194720 0.0105194720 0.0105194720 0.0105194720 0.0105194720 0.0105194720 0.0105194720 0.0105194720 0.0105194720 0.0105194720 24.0105194720 0.0105194720 0.0105194720
0.0105194720 0.0105194720 0.0105194720 0.0105194720 0.0105194720 169.0105194720 0.0105194720 0.0105194720 0.0105194720 0.0105194720 0.0105194720 0.0105194720 0.0105194720 0.0105194720 0.0105194720 0.0105194720 0.0105194720 0.0105194720 0.0105194720 0.0105194720
0.0105194720 0.0105194720 0.0105194720 0.0105194720 0.0105194720 384.0105194720 0.0105194720 0.0105194720 0.0105194720 0.0105194720 0.0105194720 0.0105194720 0.0105194720 0.0105194720 0.0105194720 0.0105194720 0.0105194720 0.0105194720 0.0105194720 0.0105194720
0.0105194720 0.0105194720 0.0105194720 0.0105194720 0.0105194720 0.0105194720 0.0105194720 0.0105194720 0.0105194720 0.0105194720 0.0105194720 0.0105194720 0.0105194720 0.0105194720 0.0105194720 0.0105194720 0.0105194720 96.0105194720 0.0105194720 0.0105194720
0.0105194720 0.0105194720 0.0105194720 0.0105194720 359.0105194719 0.0105194720 0.0105194720 0.0105194720 0.0105194720 0.0105194720 0.0105194720 0.0105194720 0.0105194720 0.0105194720 0.0105194720 0.0105194720 0.0105194720 0.0105194720 0.0105194720 0.0105194720
0.0105194720 0.0105194720 0.0105194720 0.0105194720 0.0105194720 0.0105194720 0.0105194720 0.0105194720 0.0105194720 0.0105194720 0.0105194720 0.0105194720 0.0105194720 0.0105194720 0.0105194720 460.0105194720 0.0105194720 0.0105194720 0.0105194720 0.0105194720
178.1077420469 0.0105194720 0.0105194720 0.0105194720 0.0105194720 0.0105194720 0.0105194720 0.0105194720 114.9423228187 0.0105194720 0.0105194720 8.9814935502 0.0105194720 0.0105194720 0.0105194720 0.0105194720 0.0105194720 0.0105194720 0.0105194720 0.0105194720
0.0105194720 0.0105194720 0.0105194720 0.0105194720 0.0105194720 0.0105194720 0.0105194720 0.0105194720 0.0105194720 0.0105194720 94.0105194720 0.0105194720 0.0105194720 0.0105194720 0.0105194720 0.0105194720 0.0105194720 0.0105194720 0.0105194720 0.0105194720
0.0105194720 0.0105194720 0.0105194720 0.0105194720 0.0105194720 0.0105194720 0.0105194720 0.0105194720 0.0105194720 343.0105194720 0.0105194720 0.0105194720 0.0105194720 0.0105194720 0.0105194720 0.0105194720 0.0105194720 0.0105194720 0.0105194720 0.0105194720
0.0105194720 0.0105194720 0.0105194720 0.0105194720 0.0105194720 0.0105194720 0.0105194720 0.0105194720 0.0105194720 0.0105194720 0.0105194720 392.0105194720 0.0105194720 0.0105194720 0.0105194720 0.0105194720 0.0105194720 0.0105194720 0.0105194720 0.0105194720
0.0105194720 0.0105194720 0.0105194720 0.0105194720 0.0105194720 0.0105194720 0.0105194720 0.0105194720 0.0105194720 0.0105194720 16.9101534659 0.0105194720 0.0105194720 0.0105194720 82.1108854780 0.0105194720 0.0105194720 0.0105194720 0.0105194720 0.0105194720
0.0105194720 0.0105194720 0.0105194720 0.0105194720 0.0105194720 0.0105194720 0.0105194720 0.0105194720 0.0105194720 0.0105194720 0.0105194720 0.0105194720 112.0105194720 0.0105194720 0.0105194720 0.0105194720 0.0105194720 0.0105194720 0.0105194720 0.0105194720
0.0105194720 0.0105194720 0.0105194720 0.0105194720 0.0105194720 0.0105194720 0.0105194720 0.0105194720 0.0105194720 0.0105194720 0.0105194720 0.0105194720 65.0105194720 0.0105194720 0.0105194720 0.0105194720 0.0105194720 0.0105194720 0.0105194720 0.0105194720
0.0105194720 0.0105194720 0.0105194720 0.0105194720 0.0105194720 0.0105194720 0.0105194720 0.0105194720 0.0105194720 0.0105194720 0.0105194720 0.0105194720 0.0105194720 43.9633148626 0.0105194720 0.0105194720 0.0105194720 0.0105194720 55.0577240813 0.0105194720
0.0105194720 0.0105194720 0.0105194720 0.0105194720 0.0105194720 0.0105194720 0.0105194720 0.0105194720 0.0105194720 0.0105194720 0.0105194720 0.0105194720 0.0105194720 0.0105194720 20.1626982940 0.0105194720 0.0105194720 32.8583406499 0.0105194720 0.0105194720
0.0105194720 0.0105194720 0.0105194720 0.0105194720 0.0105194720 0.0105194720 0.0105194720 0.0105194720 0.0105194720 0.0105194720 0.0105194720 0.0105194720 0.0105194720 0.0105194720 0.0105194720 0.0105194720 0.0105194720 16.0105194720 0.0105194720 0.0105194720
0.0105194720 0.0105194720 0.0105194720 0.0105194720 0.0105194720 0.0105194720 0.0105194720 0.0105194720 0.0105194720 0.0105194720 0.0105194720 0.0105194720 0.0105194720 0.0105194720 0.0105194720 0.0105194720 0.0105194720 59.0105194720 0.0105194720 0.0105194720
0.0105194720 0.0105194720 0.0105194720 0.0105194720 0.0105194720 0.0105194720 0.0105194720 0.0105194720 0.0105194720 0.0105194720 0.0105194720 0.0105194720 0.0105194720 0.0105194720 3.7922011625 0.0105194720 0.0105194720 10.2288377814 0.0105194720 0.0105194720
0.0105194720 0.0105194720 0.0105194720 0.0105194720 0.0105194720 0.0105194720 0.0105194720 0.0105194720 0.0105194720 0.0105194720 0.0105194720 0.0105194720 0.0105194720 0.0105194720 187.0105194720 0.0105194720 0.0105194720 0.0105194720 0.0105194720 0.0105194720
0.0105194720 0.0105194720 0.0105194720 0.0105194720 0.0105194720 0.0105194720 0.0105194720 0.0105194720 0.0105194720 0.0105194720 27.4568612939 0.0105194720 0.0105194720 0.0105194720 158.5641776500 0.0105194720 0.0105194720 0.0105194720 0.0105194720 0.0105194720
0.0105194720 0.0105194720 0.0105194720 0.0105194720 0.0105194720 0.0105194720 0.0105194720 0.0105194720 0.0105194720 0.0105194720 0.0105194720 0.0105194720 0.0105194720 0.0105194720 0.0105194720 0.0105194720 0.0105194720 199.0105194720 0.0105194720 0.0105194720
0.0105194720 0.0105194720 0.0105194720 0.0105194720 0.0105194720 0.0105194720 140.8948131510 0.0105194720 0.0105194720 0.0105194720 0.0105194720 0.0105194720 0.0105194720 0.0105194720 14.1262257929 0.0105194720 0.0105194720 0.0105194720 0.0105194720 0.0105194720
0.0105194720 0.0105194720 0.0105194720 0.0105194720 0.0105194720 0.0105194720 0.0105194720 0.0105194720 0.0105194720 0.0105194720 228.0105194720 0.0105194720 0.0105194720 0.0105194720 0.0105194720 0.0105194720 0.0105194720 0.0105194720 0.0105194720 0.0105194720
0.0105194720 0.0105194720 0.0105194720 0.0105194720 0.0105194720 0.0105194720 0.0105194720 0.0105194720 0.0105194720 0.0105194720 0.0105194720 0.0105194720 0.0105194720 88.0105194720 0.0105194720 0.0105194720 0.0105194720 0.0105194720 0.0105194720 0.0105194720
0.0105194720 0.0105194720 123.0105194720 0.0105194720 0.0105194720 0.0105194720 0.0105194720 0.0105194720 0.0105194720 0.0105194720 0.0105194720 0.0105194720 0.0105194720 0.0105194720 0.0105194720 0.0105194720 0.0105194720 0.0105194720 0.0105194720 0.0105194720
0.0105194720 0.0105194720 0.0105194720 0.0105194720 0.0105194720 0.0105194720 0.0105194720 0.0105194720 0.0105194720 0.0105194720 0.0105194720 0.0105194720 0.0105194720 0.0105194720 0.0105194720 0.0105194720 0.0105194720 0.0105194720 0.0105194720 285.0105194720
0.0105194720 0.0105194720 0.0105194720 0.0105194720 0.0105194720 0.0105194720 0.0105194720 0.0105194720 0.0105194720 0.0105194720 0.0105194720 0.0105194720 0.0105194720 0.0105194720 0.0105194720 0.0105194720 0.0105194720 0.0105194720 115.0105194720 0.0105194720
0.0105194720 0.0105194720 0.0105194720 0.0105194720 0.0105194720 0.0105194720 0.0105194720 0.0105194720 0.0105194720 0.0105194720 0.0105194720 0.0105194720 0.0105194720 320.0105194720 0.0105194720 0.0105194720 0.0105194720 0.0105194720 0.0105194720 0.0105194720
0.0105194720 0.0105194720 0.0105194720 0.0105194720 0.0105194720 0.0105194720 0.0105194720 0.0105194720 0.0105194720 463.0105194720 0.0105194720 0.0105194720 0.0105194720 0.0105194720 0.0105194720 0.0105194720 0.0105194720 0.0105194720 0.0105194720 0.0105194720
0.0105194720 0.0105194720 0.0105194720 0.0105194720 0.0105194720 0.0105194720 0.0105194720 0.0105194720 0.0105194720 0.0105194720 0.0105194720 0.0105194720 0.0105194720 0.0105194720 37.0105194720 0.0105194720 0.0105194720 0.0105194720 0.0105194720 0.0105194720
0.0105194720 0.0105194720 0.0105194720 0.0105194720 0.0105194720 0.0105194720 0.0105194720 0.0105194720 0.0105194720 0.0105194720 274.0105194720 0.0105194720 0.0105194720 0.0105194720 0.0105194720 0.0105194720 0.0105194720 0.0105194720 0.0105194720 0.0105194720
0.0105194720 0.0105194720 0.0105194720 0.0105194720 0.0105194720 0.0105194720 0.0105194720 0.0105194720 0.0105194720 0.0105194720 0.0105194720 0.0105194720 0.0105194720 299.0105194720 0.0105194720 0.0105194720 0.0105194720 0.0105194720 0.0105194720 0.0105194720
0.0105194720 0.0105194720 0.0105194720 0.0105194720 0.0105194720 0.0105194720 0.0105194720 0.0105194720 0.0105194720 0.0105194720 61.5532566375 0.0105194720 0.0105194720 8.4677823064 0.0105194720 0.0105194720 0.0105194720 0.0105194720 0.0105194720 0.0105194720
0.0105194720 0.0105194720 0.0105194720 0.0105194720 0.0105194720 0.0105194720 0.0105194720 0.0105194720 0.0105194720 0.0105194720 0.0105194720 82.0105194720 0.0105194720 0.0105194720 0.0105194720 0.0105194720 0.0105194720 0.0105194720 0.0105194720 0.0105194720
0.0105194720 0.0105194720 0.0105194720 0.0105194720 0.0105194720 0.0105194720 0.0105194720 0.0105194720 0.0105194720 0.0105194720 11.5000323162 0.0105194720 0.0105194720 23.4620013750 0.0105194720 0.0105194720 0.0105194720 0.0105194720 0.0105194720 35.0695247247
0.0105194720 0.0105194720 0.0105194720 0.0105194720 0.0105194720 0.0105194720 0.0105194720 0.0105194720 0.0105194720 0.0105194720 0.0105194720 0.0105194720 0.0105194720 0.0105194720 0.0105194720 0.0105194720 0.0105194720 0.0105194720 232.0105194720 0.0105194720
0.0105194720 0.0105194720 0.0105194720 0.0105194720 0.0105194720 0.0105194720 0.0105194720 0.0105194720 0.0105194720 0.0105194720 0.0105194720 0.0105194720 0.0105194720 17.2566517766 0.0105194720 0.0105194720 0.0105194720 0.0105194720 54.7643871673 0.0105194720
96.0105194720 0.0105194720 0.0105194720 0.0105194720 0.0105194720 0.0105194720 0.0105194720 0.0105194720 0.0105194720 0.0105194720 0.0105194720 0.0105194720 0.0105194720 0.0105194720 0.0105194720 0.0105194720 0.0105194720 0.0105194720 0.0105194720 0.0105194720
0.0105194720 0.0105194720 0.0105194720 0.0105194720 0.0105194720 0.0105194720 0.0105194720 0.0105194720 0.0105194720 0.0105194720 0.0105194720 0.0105194720 0.0105194720 352.0105194720 0.0105194720 0.0105194720 0.0105194720 0.0105194720 0.0105194720 0.0105194720
0.0105194720 0.0105194720 0.0105194720 0.0105194720 0.0105194720 0.0105194720 0.0105194720 0.0105194720 0.0105194720 0.0105194720 0.0105194720 0.0105194720 0.0105194720 0.0105194720 9.0183963276 0.0105194720 0.0105194720 45.0026426163 0.0105194720 0.0105194720
0.0105194720 0.0105194720 0.0105194720 0.0105194720 0.0105194720 0.0105194720 0.0105194720 0.0105194720 0.0105194720 0.0105194720 0.0105194720 77.0105194720 0.0105194720 0.0105194720 0.0105194720 0.0105194720 0.0105194720 0.0105194720 0.0105194720 0.0105194720
3.6929067913 0.0105194720 0.0105194720 0.0105194720 0.0105194720 0.0105194720 0.0105194720 20.3281321526 0.0105194720 0.0105194720 0.0105194720 0.0105194720 0.0105194720 0.0105194720 0.0105194720 0.0105194720 0.0105194720 0.0105194720 0.0105194720 0.0105194720
0.0105194720 0.0105194720 0.0105194720 0.0105194720 0.0105194720 0.0105194720 0.0105194720 55.6126806221 0.0105194720 0.0105194720 0.0105194720 0.0105194720 2.3994989201 0.0105194720 0.0105194720 0.0105194720 0.0105194720 14.0193788736 0.0105194720 0.0105194720
0.0105194720 0.0105194720 0.0105194720 0.0105194720 0.0105194720 0.0105194720 0.0105194720 0.0105194720 164.0105194720 0.0105194720 0.0105194720 0.0105194720 0.0105194720 0.0105194720 0.0105194720 0.0105194720 0.0105194720 0.0105194720 0.0105194720 0.0105194720
0.0105194720 0.0105194720 4.7577125984 0.0105194720 0.0105194720 0.0105194720 0.0105194720 0.0105194720 0.0105194720 0.0105194720 0.0105194720 0.0105194720 0.0105194720 0.0105194720 0.0105194720 0.0105194720 20.2633263455 0.0105194720 0.0105194720 0.0105194720
0.0105194720 0.0105194720 0.0105194720 0.0105194720 0.0105194720 0.0105194720 0.0105194720 0.0105194720 0.0105194720 0.0105194720 0.0105194720 0.0105194720 0.0105194720 0.0105194720 0.0105194720 0.0105194720 325.0105194720 0.0105194720 0.0105194720 0.0105194720
0.0105194720 0.0105194720 0.0105194720 0.0105194720 0.0105194720 0.0105194720 0.0105194720 0.0105194720 0.0105194720 0.0105194720 91.0374509906 0.0105194720 0.0105194720 205.9835879533 0.0105194720 0.0105194720 0.0105194720 0.0105194720 0.0105194720 0.0105194720
0.0105194720 0.0105194720 0.0105194720 0.0105194720 0.0105194720 0.0105194720 0.0105194720 0.0105194720 0.0105194720 0.0105194720 0.0105194720 0.0105194720 0.0105194720 0.0105194720 0.0105194720 416.0105194720 0.0105194720 0.0105194720 0.0105194720 0.0105194720
0.0105194720 0.0105194720 0.0105194720 0.0105194720 0.0105194720 0.0105194720 0.0105194720 0.0105194720 12.3995325444 0.0105194720 0.0105194720 0.0105194720 0.0105194720 0.0105194720 0.0105194720 0.0105194720 0.0105194720 0.0105194720 114.6215063995 0.0105194720
81.0105194720 0.0105194720 0.0105194720 0.0105194720 0.0105194720 0.0105194720 0.0105194720 0.0105194720 0.0105194720 0.0105194720 0.0105194720 0.0105194720 0.0105194720 0.0105194720 0.0105194720 0.0105194720 0.0105194720 0.0105194720 0.0105194720 0.0105194720
0.0105194720 0.0105194720 0.0105194720 0.0105194720 0.0105194720 23.0105194720 0.0105194720 0.0105194720 0.0105194720 0.0105194720 0.0105194720 0.0105194720 0.0105194720 0.0105194720 0.0105194720 0.0105194720 0.0105194720 0.0105194720 0.0105194720 0.0105194720
0.0105194720 387.0105194720 0.0105194720 0.0105194720 0.0105194720 0.0105194720 0.0105194720 0.0105194720 0.0105194720 0.0105194720 0.0105194720 0.0105194720 0.0105194720 0.0105194720 0.0105194720 0.0105194720 0.0105194720 0.0105194720 0.0105194720 0.0105194720
24.0105194720 0.0105194720 0.0105194720 0.0105194720 0.0105194720 0.0105194720 0.0105194720 0.0105194720 0.0105194720 0.0105194720 0.0105194720 0.0105194720 0.0105194720 0.0105194720 0.0105194720 0.0105194720 0.0105194720 0.0105194720 0.0105194720 0.0105194720
0.0105194720 0.0105194720 0.0105194720 0.0105194720 0.0105194720 0.0105194720 0.0105194720 0.0105194720 0.0105194720 0.0105194720 0.0105194720 0.0105194720 71.0105194720 0.0105194720 0.0105194720 0.0105194720 0.0105194720 0.0105194720 0.0105194720 0.0105194720
0.0105194720 0.0105194720 27.0105194720 0.0105194720 0.0105194720 0.0105194720 0.0105194720 0.0105194720 0.0105194720 0.0105194720 0.0105194720 0.0105194720 0.0105194720 0.0105194720 0.0105194720 0.0105194720 0.0105194720 0.0105194720 0.0105194720 0.0105194720
16.1781766580 0.0105194720 0.0105194720 0.0105194720 0.0105194720 0.0105194720 0.0105194720 0.0105194720 0.0105194720 0.0105194720 0.0105194720 15.3581323463 0.0105194720 29.3181715808 0.0105194720 0.0105194720 0.0105194720 0.0105194720 54.1875973027 0.0105194720
0.0105194720 0.0105194720 0.0105194720 0.0105194720 0.0105194720 0.0105194720 0.0105194720 0.0105194720 0.0105194720 0.0105194720 0.0105194720 206.0105194720 0.0105194720 0.0105194720 0.0105194720 0.0105194720 0.0105194720 0.0105194720 0.0105194720 0.0105194720
4.7324694803 0.0105194720 0.0105194720 0.0105194720 0.0105194720 0.0105194720 0.0105194720 14.2885694636 0.0105194720 0.0105194720 0.0105194720 0.0105194720 0.0105194720 0.0105194720 0.0105194720 0.0105194720 0.0105194720 0.0105194720 0.0105194720 0.0105194720
0.0105194720 0.0105194720 0.0105194720 0.0105194720 0.0105194720 0.0105194720 0.0105194720 0.0105194720 0.0105194720 0.0105194720 0.0105194720 0.0105194720 0.0105194720 0.0105194720 0.0105194720 0.0105194720 0.0105194720 0.0105194720 0.0105194720 280.0105194720
0.0105194720 0.0105194720 0.0105194720 0.0105194720 0.0105194720 0.0105194720 0.0105194720 273.0105194720 0.0105194720 0.0105194720 0.0105194720 0.0105194720 0.0105194720 0.0105194720 0.0105194720 0.0105194720 0.0105194720 0.0105194720 0.0105194720 0.0105194720
0.0105194720 0.0105194720 0.0105194720 0.0105194720 0.0105194720 0.0105194720 0.0105194720 0.0105194720 0.0105194720 0.0105194720 0.0105194720 0.0105194720 0.0105194720 0.0105194720 0.0105194720 0.0105194720 0.0105194720 0.0105194720 146.0105194720 0.0105194720
0.0105194720 0.0105194720 0.0105194720 0.0105194720 0.0105194720 0.0105194720 0.0105194720 0.0105194720 0.0105194720 0.0105194720 0.0105194720 0.0105194720 0.0105194720 0.0105194720 0.0105194720 0.0105194720 0.0105194720 0.0105194720 0.0105194720 24.0105194720
0.0105194720 0.0105194720 0.0105194720 0.0105194720 0.0105194720 0.0105194720 0.0105194720 0.0105194720 0.0105194720 0.0105194720 0.0105194720 0.0105194720 0.0105194720 0.0105194720 0.0105194720 0.0105194720 0.0105194720 27.0105194720 0.0105194720 0.0105194720
0.0105194720 0.0105194720 0.0105194720 0.0105194720 0.0105194720 0.0105194720 0.0105194720 0.0105194720 0.0105194720 0.0105194720 0.0105194720 0.0105194720 146.0105194720 0.0105194720 0.0105194720 0.0105194720 0.0105194720 0.0105194720 0.0105194720 0.0105194720
46.1223741698 0.0105194720 0.0105194720 0.0105194720 0.0105194720 0.0105194720 0.0105194720 0.0105194720 0.0105194720 0.0105194720 0.0105194720 0.0105194720 0.0105194720 0.0105194720 17.8986647741 0.0105194720 0.0105194720 0.0105194720 0.0105194720 0.0105194720
5.7604787033 0.0105194720 0.0105194720 0.0105194720 0.0105194720 0.0105194720 0.0105194720 0.0105194720 0.0105194720 0.0105194720 0.0105194720 0.0105194720 0.0105194720 0.0105194720 53.2605602406 0.0105194720 0.0105194720 0.0105194720 0.0105194720 0.0105194720
0.0105194720 0.0105194720 0.0105194720 0.0105194720 0.0105194720 0.0105194720 0.0105194720 0.0105194720 0.0105194720 0.0105194720 0.0105194720 56.6379040995 0.0105194720 0.0105194720 0.0105194720 0.0105194720 0.0105194720 0.0105194720 57.3831348444 0.0105194720
0.0105194720 0.0105194720 0.0105194720 0.0105194720 0.0105194720 0.0105194720 0.0105194720 0.0105194720 201.0105194720 0.0105194720 0.0105194720 0.0105194720 0.0105194720 0.0105194720 0.0105194720 0.0105194720 0.0105194720 0.0105194720 0.0105194720 0.0105194720
0.0105194720 0.0105194720 0.0105194720 0.0105194720 0.0105194720 0.0105194720 0.0105194720 0.0105194720 201.0105194720 0.0105194720 0.0105194720 0.0105194720 0.0105194720 0.0105194720 0.0105194720 0.0105194720 0.0105194720 0.0105194720 0.0105194720 0.0105194720
0.0105194720 0.0105194720 0.0105194720 0.0105194720 0.0105194720 0.0105194720 0.0105194720 0.0105194720 0.0105194720 0.0105194720 0.0105194720 0.0105194720 0.0105194720 0.0105194720 18.9631505137 0.0105194720 0.0105194720 81.0578884302 0.0105194720 0.0105194720
0.0105194720 0.0105194720 0.0105194720 0.0105194720 0.0105194720 0.0105194720 0.0105194720 0.0105194720 2.8442995381 0.0105194720 34.4678718678 67.2581306526 0.0105194720 0.0105194720 0.0105194720 0.0105194720 0.0105194720 0.0105194720 6.4717758294 0.0105194720
0.0105194720 0.0105194720 0.0105194720 0.0105194720 0.0105194720 0.0105194720 0.0105194720 0.0105194720 0.0105194720 0.0105194720 0.0105194720 0.0105194720 315.0105194720 0.0105194720 0.0105194720 0.0105194720 0.0105194720 0.0105194720 0.0105194720 0.0105194720
0.0105194720 0.0105194720 0.0105194720 0.0105194720 0.0105194720 0.0105194720 0.0105194720 0.0105194720 125.0105194720 0.0105194720 0.0105194720 0.0105194720 0.0105194720 0.0105194720 0.0105194720 0.0105194720 0.0105194720 0.0105194720 0.0105194720 0.0105194720
0.0105194720 0.0105194720 0.0105194720 0.0105194720 0.0105194720 0.0105194720 0.0105194720 0.0105194720 0.0105194720 0.0105194720 66.0105194720 0.0105194720 0.0105194720 0.0105194720 0.0105194720 0.0105194720 0.0105194720 0.0105194720 0.0105194720 0.0105194720
0.0105194720 348.0105194720 0.0105194720 0.0105194720 0.0105194720 0.0105194720 0.0105194720 0.0105194720 0.0105194720 0.0105194720 0.0105194720 0.0105194720 0.0105194720 0.0105194720 0.0105194720 0.0105194720 0.0105194720 0.0105194720 0.0105194720 0.0105194720
0.0105194720 0.0105194720 0.0105194720 0.0105194720 0.0105194720 0.0105194720 0.0105194720 0.0105194720 0.0105194720 0.0105194720 0.0105194720 0.0105194720 0.0105194720 117.0105194720 0.0105194720 0.0105194720 0.0105194720 0.0105194720 0.0105194720 0.0105194720
